-6.850095838308334351e-02
-1.322657521814107895e-02
1.891021803021430969e-02
3.255515918135643005e-02
-2.721667988225817680e-03
-4.472773522138595581e-03
2.285175025463104248e-02
-1.920813135802745819e-02
1.119379885494709015e-02
-2.957243006676435471e-03
-5.252202227711677551e-02
1.923468150198459625e-02
-9.335385635495185852e-03
-9.399496018886566162e-03
1.025759335607290268e-02
-3.316318988800048828e-02
-1.424591243267059326e-02
2.633726038038730621e-02
3.902691649273037910e-03
1.594224385917186737e-02
8.140901103615760803e-03
-1.751709915697574615e-02
-1.613786094821989536e-03
-1.284794695675373077e-02
-1.572672091424465179e-02
1.463215518742799759e-02
8.639273233711719513e-03
-1.848730072379112244e-02
-2.637541666626930237e-02
-6.163729820400476456e-03
-1.906403899192810059e-02
1.414992287755012512e-02
1.161086931824684143e-02
-3.728670999407768250e-02
-2.933634212240576744e-03
7.906151004135608673e-03
-4.817909561097621918e-03
-1.840395480394363403e-02
1.143619418144226074e-02
2.438706532120704651e-02
-1.729135401546955109e-02
-1.479194685816764832e-02
9.943783283233642578e-03
1.731027662754058838e-02
1.325088739395141602e-02
-1.371991913765668869e-02
3.859453275799751282e-02
1.796185597777366638e-02
9.087432175874710083e-03
2.439516130834817886e-03
-1.354165840893983841e-02
2.300838381052017212e-02
-1.287202164530754089e-02
2.455122012179344893e-05
-5.896899104118347168e-02
9.564947336912155151e-03
1.158701907843351364e-02
-1.527494471520185471e-02
-2.134853973984718323e-02
-9.908068925142288208e-03
1.928154006600379944e-02
1.409511826932430267e-02
-5.391903221607208252e-02
-2.525609731674194336e-02
1.294172648340463638e-02
1.411580387502908707e-02
-1.336292456835508347e-02
4.601125791668891907e-02
-1.650092750787734985e-02
-1.072175148874521255e-02
1.001007272861897945e-03
8.590576238930225372e-03
7.675756234675645828e-03
-6.845299620181322098e-03
-4.411606118083000183e-03
7.987131364643573761e-03
-1.917313225567340851e-02
-9.100235067307949066e-03
-2.311497181653976440e-02
2.684771269559860229e-02
-1.472647488117218018e-02
7.054719608277082443e-03
1.005173381417989731e-02
3.723909612745046616e-03
2.225487865507602692e-02
5.317502189427614212e-03
2.745432779192924500e-02
5.445934832096099854e-03
-2.458832971751689911e-02
-1.022784598171710968e-02
2.242728136479854584e-02
5.033885128796100616e-03
-1.214106660336256027e-02
-2.084063738584518433e-02
-1.797699928283691406e-02
-1.282290462404489517e-02
1.830058358609676361e-02
-1.899454556405544281e-02
-1.343895401805639267e-02
-5.720736458897590637e-02
