1.235821843147277832e+00
1.029768109321594238e+00
9.965540170669555664e-01
1.224699258804321289e+00
1.045427560806274414e+00
9.172367453575134277e-01
9.046113491058349609e-01
9.183571934700012207e-01
9.479029774665832520e-01
9.902209639549255371e-01
1.050831556320190430e+00
8.578045368194580078e-01
9.894233942031860352e-01
1.062381744384765625e+00
8.462443351745605469e-01
1.006049871444702148e+00
1.023475646972656250e+00
9.667133092880249023e-01
9.616996049880981445e-01
8.522424697875976562e-01
9.959081411361694336e-01
9.760191440582275391e-01
9.537526369094848633e-01
9.612318873405456543e-01
1.027670383453369141e+00
7.998161315917968750e-01
9.544189572334289551e-01
9.074316620826721191e-01
8.956494331359863281e-01
8.823477625846862793e-01
1.023852467536926270e+00
8.756357431411743164e-01
1.026873707771301270e+00
9.536685943603515625e-01
1.080741882324218750e+00
9.921652674674987793e-01
9.931260943412780762e-01
8.373053073883056641e-01
1.037404060363769531e+00
8.796193599700927734e-01
9.982999563217163086e-01
9.611104726791381836e-01
9.281862378120422363e-01
9.433839917182922363e-01
8.953134417533874512e-01
9.980908632278442383e-01
1.279070019721984863e+00
8.797057271003723145e-01
9.474295377731323242e-01
1.023800849914550781e+00
8.186140656471252441e-01
9.314962029457092285e-01
8.523081541061401367e-01
8.838346004486083984e-01
1.070496559143066406e+00
9.427919387817382812e-01
9.989991784095764160e-01
9.624087214469909668e-01
9.967091083526611328e-01
8.936311602592468262e-01
1.013458609580993652e+00
9.993571639060974121e-01
1.171719431877136230e+00
1.001461386680603027e+00
8.530109524726867676e-01
8.335902690887451172e-01
1.040646314620971680e+00
1.075822591781616211e+00
1.049077987670898438e+00
9.987775087356567383e-01
9.183356761932373047e-01
9.954122900962829590e-01
9.934111237525939941e-01
8.510511517524719238e-01
9.893701672554016113e-01
9.676644802093505859e-01
1.017730951309204102e+00
1.003199815750122070e+00
1.005060315132141113e+00
1.029720664024353027e+00
1.016442775726318359e+00
1.023437500000000000e+00
9.424875974655151367e-01
9.670949578285217285e-01
1.020438075065612793e+00
8.510582447052001953e-01
9.509009122848510742e-01
8.734087944030761719e-01
9.905797839164733887e-01
9.171440005302429199e-01
1.023665428161621094e+00
9.795021414756774902e-01
1.066528081893920898e+00
8.687725067138671875e-01
8.811227083206176758e-01
8.392589688301086426e-01
1.004399538040161133e+00
1.055826067924499512e+00
8.962553143501281738e-01
1.246957778930664062e+00
