4.521475136280059814e-01
5.454730615019798279e-02
1.311305612325668335e-01
3.128903210163116455e-01
2.863770425319671631e-01
-9.500714391469955444e-02
-1.023241877555847168e-01
-1.578978076577186584e-02
2.438012324273586273e-02
3.587445989251136780e-02
1.527615487575531006e-01
-2.149626314640045166e-01
9.375902265310287476e-02
5.560125112533569336e-01
-2.251172959804534912e-01
1.515790522098541260e-01
1.221929043531417847e-01
8.343377709388732910e-02
-9.728141129016876221e-02
-2.983065247535705566e-01
9.732129424810409546e-02
1.152484640479087830e-01
-1.770962774753570557e-02
-7.583771366626024246e-03
6.558153778314590454e-02
-2.453230172395706177e-01
-1.846727915108203888e-02
-5.635816231369972229e-02
-1.359639689326286316e-02
-2.083382308483123779e-01
2.120910733938217163e-01
-2.382363975048065186e-01
2.060179263353347778e-01
4.498074948787689209e-02
3.593778610229492188e-01
1.074290871620178223e-01
1.518431007862091064e-01
-2.746312022209167480e-01
2.129300087690353394e-01
-2.305994033813476562e-01
1.186889968812465668e-02
2.183638885617256165e-02
2.470796369016170502e-02
2.879832684993743896e-02
-1.955343931913375854e-01
1.940331757068634033e-01
3.583225905895233154e-01
-2.176261395215988159e-01
-9.779115207493305206e-03
1.351627558469772339e-01
-2.827000021934509277e-01
-3.672175225801765919e-04
-3.007769882678985596e-01
-1.583455204963684082e-01
2.385690808296203613e-01
2.934490330517292023e-02
1.392888724803924561e-01
6.340656429529190063e-02
1.199969202280044556e-01
-1.679516881704330444e-01
1.760834008455276489e-01
8.364189416170120239e-02
2.395606487989425659e-01
9.492091834545135498e-02
-2.327160239219665527e-01
-2.439951151609420776e-01
2.950739562511444092e-01
2.028087228536605835e-01
2.857558131217956543e-01
1.397546380758285522e-01
-1.077656969428062439e-01
1.342859715223312378e-01
1.303874403238296509e-01
-3.771935701370239258e-01
9.126334637403488159e-02
5.336744710803031921e-02
9.711994975805282593e-02
1.156485304236412048e-01
7.000623643398284912e-02
1.319008320569992065e-01
1.921621859073638916e-01
1.576535403728485107e-01
6.804767251014709473e-02
3.420736268162727356e-02
4.825039207935333252e-01
-2.549940943717956543e-01
3.817067295312881470e-02
-1.123866587877273560e-01
1.333417743444442749e-01
6.330628693103790283e-02
2.576197087764739990e-01
-6.012400612235069275e-03
3.412720561027526855e-01
-2.508349120616912842e-01
-3.509429842233657837e-02
-2.195390909910202026e-01
1.433322578668594360e-01
3.106938302516937256e-01
-9.618669003248214722e-02
5.392479896545410156e-01
