1.529799550771713257e-01
4.247725009918212891e-02
9.709841571748256683e-03
9.078721702098846436e-02
1.392387226223945618e-02
-8.203563094139099121e-02
-5.451947450637817383e-03
-7.572225481271743774e-02
-4.523703083395957947e-02
-1.354298461228609085e-02
7.746034301817417145e-03
-1.472719609737396240e-01
-1.267127878963947296e-02
8.056368678808212280e-02
-1.542394608259201050e-01
1.983958669006824493e-02
2.885363809764385223e-02
-2.324207872152328491e-02
-5.322388559579849243e-02
-1.591661274433135986e-01
-8.283084258437156677e-03
-6.397395860403776169e-03
-4.283749312162399292e-02
-4.258893057703971863e-02
1.641554385423660278e-02
-2.004318684339523315e-01
-4.759600386023521423e-02
-9.277208894491195679e-02
-1.023101508617401123e-01
-1.214687600731849670e-01
8.929202333092689514e-03
-1.287091523408889771e-01
3.272102028131484985e-02
-3.563908860087394714e-02
8.307237923145294189e-02
5.072215571999549866e-03
-2.190436236560344696e-03
-1.674932688474655151e-01
4.035282507538795471e-02
-1.360822916030883789e-01
-3.763041924685239792e-03
-3.106488287448883057e-02
-6.391552090644836426e-02
-4.922661185264587402e-02
-1.111968606710433960e-01
1.688437722623348236e-02
1.747063547372817993e-01
-1.126310303807258606e-01
-3.940521553158760071e-02
2.977700531482696533e-02
-2.182639986276626587e-01
-6.814081966876983643e-02
-1.528669893741607666e-01
-1.126074790954589844e-01
1.247222162783145905e-02
-5.392455309629440308e-02
1.164731848984956741e-02
-4.036931693553924561e-02
1.102965697646141052e-02
-1.082151383161544800e-01
2.463502250611782074e-02
-2.454421669244766235e-02
1.073767468333244324e-01
-1.745117828249931335e-02
-1.471757888793945312e-01
-1.755336970090866089e-01
5.388706922531127930e-02
3.820653259754180908e-02
4.734484106302261353e-02
4.516186192631721497e-03
-8.446113020181655884e-02
1.321186032146215439e-02
-1.130415499210357666e-02
-1.399711370468139648e-01
-4.721651785075664520e-03
-1.920685544610023499e-02
1.159576047211885452e-02
-3.666291711851954460e-03
-1.164061948657035828e-02
4.251210484653711319e-03
1.896560937166213989e-02
4.025960713624954224e-02
-5.187906697392463684e-02
-2.938188426196575165e-02
3.168737515807151794e-02
-1.685082316398620605e-01
-1.510189101099967957e-02
-1.197176650166511536e-01
5.855480674654245377e-03
-8.004204183816909790e-02
3.569753840565681458e-02
-3.238869085907936096e-02
7.495793700218200684e-02
-1.378485560417175293e-01
-1.164388582110404968e-01
-1.767602413892745972e-01
2.160807698965072632e-02
7.034093886613845825e-02
-1.133043169975280762e-01
1.558329015970230103e-01
