1.317997425794601440e-01
-1.470845937728881836e-01
1.178292408585548401e-01
8.478127419948577881e-02
4.285240173339843750e-02
-8.556531369686126709e-02
7.899121195077896118e-02
-5.588622018694877625e-02
-3.024224564433097839e-02
-1.083161756396293640e-01
-2.564747333526611328e-01
6.670160684734582901e-03
-1.249840855598449707e-01
-3.301199674606323242e-01
-3.871501423418521881e-03
-1.748188287019729614e-01
-2.351948171854019165e-01
2.024068236351013184e-01
-1.769417375326156616e-01
2.063289284706115723e-03
1.699882447719573975e-01
-4.873042553663253784e-02
-3.926148638129234314e-02
-8.694148063659667969e-02
-2.312723994255065918e-01
4.202238415018655360e-05
-2.283458411693572998e-02
-2.372976392507553101e-02
-6.225442886352539062e-02
-2.772846259176731110e-02
-1.027607098221778870e-01
3.865493228659033775e-03
-6.751178950071334839e-02
-3.827907890081405640e-02
-1.690991520881652832e-01
1.366687417030334473e-01
-1.648498624563217163e-01
-5.455065984278917313e-03
2.386506646871566772e-01
-7.842267514206469059e-04
-1.626921147108078003e-01
-1.166711300611495972e-01
1.510045826435089111e-01
7.076223194599151611e-02
1.002482175827026367e-01
-1.336713284254074097e-01
-1.567841172218322754e-01
9.505836293101310730e-03
3.491917997598648071e-02
1.720941811800003052e-01
-5.732360295951366425e-04
8.221155405044555664e-02
-3.621679544448852539e-02
-4.742861725389957428e-03
-1.864482611417770386e-01
4.828789085149765015e-02
1.193241029977798462e-01
-1.063837409019470215e-01
-1.383610963821411133e-01
-7.746475934982299805e-02
1.811907291412353516e-01
9.887693077325820923e-02
-2.785358726978302002e-01
-1.013160049915313721e-01
7.554532494395971298e-03
-1.655301894061267376e-03
-9.098359197378158569e-02
2.714077830314636230e-01
-9.830841422080993652e-02
-1.864107549190521240e-01
7.308057695627212524e-02
1.013559997081756592e-01
-3.618256375193595886e-02
-6.472527980804443359e-02
1.700422316789627075e-01
8.870593458414077759e-02
-2.342583537101745605e-01
-1.499468535184860229e-01
-1.239829435944557190e-01
1.989436298608779907e-01
1.003693640232086182e-01
1.039852499961853027e-01
1.510946601629257202e-01
7.703638821840286255e-02
5.789032950997352600e-02
-1.892036525532603264e-04
1.008597165346145630e-01
5.891346838325262070e-03
-1.669809967279434204e-01
-1.628788001835346222e-02
1.027788072824478149e-01
1.205112561583518982e-01
-1.796051561832427979e-01
-5.632811784744262695e-02
-7.596015930175781250e-02
2.204424672527238727e-04
1.226247996091842651e-01
-1.672354936599731445e-01
-1.485659647732973099e-02
1.342913508415222168e-01
1.507950667291879654e-02
