2.500084638595581055e-01
-2.888636589050292969e-01
4.265466630458831787e-01
3.188681900501251221e-01
3.680582344532012939e-01
-2.266015708446502686e-01
2.590584754943847656e-01
-2.532013654708862305e-01
-3.201110959053039551e-01
-2.958983182907104492e-01
-2.983744144439697266e-01
1.455768495798110962e-01
-3.497060835361480713e-01
-3.307085633277893066e-01
1.921322196722030640e-02
-3.837416768074035645e-01
-3.877822160720825195e-01
3.533321321010589600e-01
-1.944395452737808228e-01
5.418165028095245361e-02
3.606114685535430908e-01
-3.542918860912322998e-01
-2.719403505325317383e-01
-2.863275110721588135e-01
-2.502849996089935303e-01
2.338587492704391479e-02
-2.599276304244995117e-01
-2.220070213079452515e-01
-2.487138062715530396e-01
-1.532267481088638306e-01
-3.852758705615997314e-01
9.666606783866882324e-02
-4.519900679588317871e-01
-2.842430472373962402e-01
-4.614076614379882812e-01
4.020838737487792969e-01
-3.901005983352661133e-01
-8.659350126981735229e-02
3.356743752956390381e-01
8.255185186862945557e-02
-2.826817631721496582e-01
-3.060671687126159668e-01
3.240374922752380371e-01
2.950799167156219482e-01
1.851996183395385742e-01
-4.116345345973968506e-01
-1.793990284204483032e-01
1.419185847043991089e-01
3.103587031364440918e-01
4.165736436843872070e-01
6.176695227622985840e-03
2.779827117919921875e-01
-1.009973287582397461e-01
-1.683795005083084106e-01
-2.919893562793731689e-01
2.848676741123199463e-01
3.265326619148254395e-01
-3.181751072406768799e-01
-3.645258247852325439e-01
-1.965398341417312622e-01
3.933694958686828613e-01
3.624691069126129150e-01
-3.019809126853942871e-01
-3.397091627120971680e-01
1.351163387298583984e-01
3.317924961447715759e-02
-3.801502287387847900e-01
2.861313521862030029e-01
-4.744526445865631104e-01
-3.149818181991577148e-01
2.164636105298995972e-01
3.445440232753753662e-01
-3.643946945667266846e-01
-7.749867439270019531e-02
3.315276503562927246e-01
3.344370424747467041e-01
-3.631118535995483398e-01
-3.937717378139495850e-01
-3.322760760784149170e-01
3.756668269634246826e-01
4.376837909221649170e-01
4.245009720325469971e-01
3.135960996150970459e-01
3.061794638633728027e-01
3.976388573646545410e-01
7.281172275543212891e-02
2.785846889019012451e-01
1.704770177602767944e-01
-3.707650005817413330e-01
-2.720413208007812500e-01
3.970391750335693359e-01
2.874660789966583252e-01
-4.118607640266418457e-01
-1.221501827239990234e-01
-2.474366873502731323e-01
1.370327640324831009e-02
3.251471817493438721e-01
-4.404115080833435059e-01
-1.968039572238922119e-01
2.932035326957702637e-01
