1.187897101044654846e-01
1.415232121944427490e-01
9.646049141883850098e-02
1.487119775265455246e-02
1.642163842916488647e-01
1.277693361043930054e-01
-2.385441213846206665e-01
6.520202755928039551e-02
-4.508406519889831543e-01
2.588719129562377930e-01
4.123983681201934814e-01
-2.250075340270996094e-01
3.106120526790618896e-01
-2.992231249809265137e-01
7.479797303676605225e-02
-1.679165214300155640e-01
2.722336053848266602e-01
-9.006066620349884033e-02
-4.035159349441528320e-01
-2.040438912808895111e-02
3.411088585853576660e-01
1.988522410392761230e-01
1.836479455232620239e-01
2.281085103750228882e-01
-2.373288869857788086e-01
-8.495687693357467651e-02
2.227997928857803345e-01
1.026028469204902649e-01
-5.516202747821807861e-02
2.682603001594543457e-01
4.391945600509643555e-01
-2.345045655965805054e-01
2.626180350780487061e-01
5.201256647706031799e-02
2.069382965564727783e-01
6.940293312072753906e-02
1.267223358154296875e-01
-1.740381270647048950e-01
2.992086298763751984e-02
3.074887394905090332e-02
-4.781203269958496094e-01
2.347540110349655151e-01
-9.314076043665409088e-03
1.672386378049850464e-01
-3.062066435813903809e-01
6.008453201502561569e-04
1.787905991077423096e-01
1.846319139003753662e-01
1.515520960092544556e-01
1.256609261035919189e-01
-2.008429169654846191e-01
-2.570349574089050293e-01
1.070173829793930054e-01
1.880956739187240601e-01
2.481945902109146118e-01
1.047860383987426758e-01
-2.574375569820404053e-01
1.931975185871124268e-01
-2.241795361042022705e-01
1.599554270505905151e-01
-1.306538190692663193e-02
2.742763757705688477e-01
3.246811330318450928e-01
3.723447024822235107e-01
-1.083785369992256165e-01
-4.206823930144309998e-02
-3.670014739036560059e-01
5.212188959121704102e-01
2.221366316080093384e-01
-1.950214989483356476e-02
1.599177420139312744e-01
1.251693516969680786e-01
1.328418999910354614e-01
-3.514138981699943542e-02
1.445712000131607056e-01
3.682230040431022644e-02
2.675922811031341553e-01
1.993701756000518799e-01
3.425393700599670410e-01
2.838077545166015625e-01
1.825443208217620850e-01
5.512397363781929016e-02
2.066045999526977539e-02
7.653835415840148926e-02
8.017696440219879150e-02
7.206474244594573975e-02
-2.824993245303630829e-02
1.765205524861812592e-02
1.592816412448883057e-02
1.218899488449096680e-01
-1.604394018650054932e-01
-3.655061423778533936e-01
-5.995192378759384155e-02
2.423160970211029053e-01
5.515432357788085938e-02
-1.717777699232101440e-01
1.173294801265001297e-02
-1.206012144684791565e-01
1.437082141637802124e-01
-6.598757952451705933e-02
