3.610049784183502197e-01
8.650904893875122070e-02
-7.270873337984085083e-02
2.791921794414520264e-01
3.863361775875091553e-01
-3.546379879117012024e-02
-4.383316040039062500e-01
4.680697806179523468e-03
-5.061221122741699219e-01
1.271706968545913696e-01
3.646411895751953125e-01
-4.335511326789855957e-01
1.941879689693450928e-01
2.984384596347808838e-01
-7.687602937221527100e-02
1.430726703256368637e-02
6.560557335615158081e-02
-1.363904625177383423e-01
-4.743491411209106445e-01
-2.431760877370834351e-01
2.317001521587371826e-01
1.169226504862308502e-02
1.456994414329528809e-01
1.141817048192024231e-01
-1.432645469903945923e-01
-7.534465938806533813e-02
8.736231923103332520e-02
3.099160641431808472e-02
2.460786700248718262e-02
5.756460130214691162e-02
3.682197332382202148e-01
-1.707635968923568726e-01
1.144457533955574036e-01
-4.779295623302459717e-02
2.648490965366363525e-01
-1.392043977975845337e-01
-3.914534300565719604e-02
-3.356496989727020264e-01
-1.211628317832946777e-01
-1.416519880294799805e-01
-3.856034874916076660e-01
4.419304430484771729e-02
-4.963547736406326294e-02
1.159238740801811218e-01
-4.541066288948059082e-01
-1.815788745880126953e-01
2.573509812355041504e-01
1.900837942957878113e-02
1.782677136361598969e-02
4.235092550516128540e-02
-2.803683280944824219e-01
-3.549356460571289062e-01
-1.038108691573143005e-01
5.746408551931381226e-02
4.046591520309448242e-01
8.812800049781799316e-03
-2.332996875047683716e-01
1.408665180206298828e-01
-1.224685236811637878e-01
7.543957978487014771e-02
7.803638279438018799e-02
2.383799105882644653e-01
2.493745982646942139e-01
3.233920037746429443e-01
-2.190697044134140015e-01
1.075409259647130966e-02
7.479343563318252563e-02
4.491614103317260742e-01
2.981557548046112061e-01
-1.964480057358741760e-02
6.045445799827575684e-02
2.388711273670196533e-02
1.519341021776199341e-01
-1.514313817024230957e-01
4.437655583024024963e-02
-1.494040638208389282e-01
3.010523617267608643e-01
1.821694821119308472e-01
3.364046812057495117e-01
2.489689141511917114e-01
7.586992532014846802e-02
-3.668841347098350525e-02
5.837889015674591064e-02
1.238042414188385010e-01
3.553335070610046387e-01
-2.405234426259994507e-01
-5.036075413227081299e-02
1.255677789449691772e-01
-6.488665938377380371e-02
1.022451557219028473e-02
2.060583531856536865e-01
-4.338135421276092529e-01
2.072293311357498169e-01
1.708245426416397095e-01
1.137249842286109924e-01
-1.884369850158691406e-01
8.887626230716705322e-02
3.771570026874542236e-01
-5.517739802598953247e-02
4.814770221710205078e-01
