1.188936233520507812e-01
1.050162240862846375e-01
7.885400950908660889e-02
1.507702469825744629e-01
3.532042503356933594e-01
1.237578615546226501e-01
-1.610266976058483124e-02
-3.126090764999389648e-02
-4.523206055164337158e-01
2.637826502323150635e-01
4.970546364784240723e-01
-3.538389801979064941e-01
2.307906150817871094e-01
-2.858195304870605469e-01
-1.945798471570014954e-02
-8.274380117654800415e-02
2.114485949277877808e-01
9.425226598978042603e-02
-4.846812486648559570e-01
-2.250113934278488159e-01
2.207315713167190552e-01
4.720605164766311646e-02
6.407526135444641113e-02
2.522821128368377686e-01
-3.187621533870697021e-01
4.460627958178520203e-02
2.364061176776885986e-01
1.365075856447219849e-01
1.231083199381828308e-01
1.290269345045089722e-01
2.627624273300170898e-01
-1.200021281838417053e-01
1.786624342203140259e-01
1.151684299111366272e-01
7.626572996377944946e-02
7.993094623088836670e-02
1.230658590793609619e-01
-2.331916391849517822e-01
-1.235487777739763260e-02
1.033560466021299362e-02
-3.901300728321075439e-01
1.418866515159606934e-01
4.024504218250513077e-03
9.718686342239379883e-02
-4.077172577381134033e-01
-1.232694014906883240e-01
2.982208691537380219e-02
2.636200189590454102e-02
-8.379432372748851776e-03
3.001703694462776184e-02
-5.715275183320045471e-02
-3.485114872455596924e-01
6.059640645980834961e-02
4.990766942501068115e-02
3.977916836738586426e-01
1.076802760362625122e-01
-2.238233536481857300e-01
1.965265870094299316e-01
-1.187017709016799927e-01
2.018226683139801025e-01
4.935592040419578552e-02
4.053037762641906738e-01
1.394659280776977539e-01
3.794169425964355469e-01
4.996681585907936096e-02
-1.060759425163269043e-01
-4.489322602748870850e-01
4.064320623874664307e-01
2.464180290699005127e-01
1.306169331073760986e-01
1.831246465444564819e-01
-4.569825530052185059e-02
2.998183071613311768e-01
-2.170503512024879456e-02
9.455374628305435181e-02
-9.995277225971221924e-02
3.419971764087677002e-01
3.386192023754119873e-01
3.287571370601654053e-01
3.489675223827362061e-01
1.285519897937774658e-01
-1.553816199302673340e-01
-2.160865115001797676e-03
1.227383539080619812e-01
2.442689426243305206e-02
-3.307409211993217468e-02
1.074284762144088745e-01
4.086957499384880066e-02
-3.106288146227598190e-03
1.542262732982635498e-01
-5.045500025153160095e-02
-5.296697616577148438e-01
8.009185642004013062e-02
2.560218870639801025e-01
7.714295759797096252e-03
-2.133019417524337769e-01
5.509152077138423920e-03
3.150175139307975769e-02
2.015180587768554688e-01
-3.528634011745452881e-01
