16384,3, [(0, 2, 0)]
16385,3, [(0, 3, 0)]
16386,3, [(0, 0, 0)]
16387,3, [(0, 1, 0)]
16388,3, [(0, 6, 0)]
16389,3, [(0, 7, 0)]
16390,3, [(0, 4, 0)]
16391,3, [(0, 5, 0)]
16392,3, [(0, 10, 0)]
16393,3, [(0, 11, 0)]
16394,3, [(0, 8, 0)]
16395,3, [(0, 9, 0)]
16396,3, [(0, 14, 0)]
16397,3, [(0, 15, 0)]
16398,3, [(0, 12, 0)]
16399,3, [(0, 13, 0)]
16400,3, [(0, 2, 0)]
16401,3, [(0, 3, 0)]
16402,3, [(0, 0, 0)]
16403,3, [(0, 1, 0)]
16404,3, [(0, 6, 0)]
16405,3, [(0, 7, 0)]
16406,3, [(0, 4, 0)]
16407,3, [(0, 5, 0)]
16408,3, [(0, 10, 0)]
16409,3, [(0, 11, 0)]
16410,3, [(0, 8, 0)]
16411,3, [(0, 9, 0)]
16412,3, [(0, 14, 0)]
16413,3, [(0, 15, 0)]
16414,3, [(0, 12, 0)]
16415,3, [(0, 13, 0)]
16416,3, [(1, 1, 1)]
16417,3, [(1, 2, 1)]
16418,3, [(1, 3, 1)]
16419,3, [(1, 0, 1)]
16420,3, [(1, 5, 1)]
16421,3, [(1, 6, 1)]
16422,3, [(1, 7, 1)]
16423,3, [(1, 4, 1)]
16424,3, [(1, 9, 1)]
16425,3, [(1, 10, 1)]
16426,3, [(1, 11, 1)]
16427,3, [(1, 8, 1)]
16428,3, [(1, 13, 1)]
16429,3, [(1, 14, 1)]
16430,3, [(1, 15, 1)]
16431,3, [(1, 12, 1)]
16432,3, [(1, 1, 1)]
16433,3, [(1, 2, 1)]
16434,3, [(1, 3, 1)]
16435,3, [(1, 0, 1)]
16436,3, [(1, 5, 1)]
16437,3, [(1, 6, 1)]
16438,3, [(1, 7, 1)]
16439,3, [(1, 4, 1)]
16440,3, [(1, 9, 1)]
16441,3, [(1, 10, 1)]
16442,3, [(1, 11, 1)]
16443,3, [(1, 8, 1)]
16444,3, [(1, 13, 1)]
16445,3, [(1, 14, 1)]
16446,3, [(1, 15, 1)]
16447,3, [(1, 12, 1)]
16448,3, [(2, 1, 2)]
16449,3, [(2, 2, 2)]
16450,3, [(2, 3, 2)]
16451,3, [(2, 0, 2)]
16452,3, [(2, 5, 2)]
16453,3, [(2, 6, 2)]
16454,3, [(2, 7, 2)]
16455,3, [(2, 4, 2)]
16456,3, [(2, 9, 2)]
16457,3, [(2, 10, 2)]
16458,3, [(2, 11, 2)]
16459,3, [(2, 8, 2)]
16460,3, [(2, 13, 2)]
16461,3, [(2, 14, 2)]
16462,3, [(2, 15, 2)]
16463,3, [(2, 12, 2)]
16464,3, [(2, 1, 2)]
16465,3, [(2, 2, 2)]
16466,3, [(2, 3, 2)]
16467,3, [(2, 0, 2)]
16468,3, [(2, 5, 2)]
16469,3, [(2, 6, 2)]
16470,3, [(2, 7, 2)]
16471,3, [(2, 4, 2)]
16472,3, [(2, 9, 2)]
16473,3, [(2, 10, 2)]
16474,3, [(2, 11, 2)]
16475,3, [(2, 8, 2)]
16476,3, [(2, 13, 2)]
16477,3, [(2, 14, 2)]
16478,3, [(2, 15, 2)]
16479,3, [(2, 12, 2)]
16480,3, [(3, 1, 3)]
16481,3, [(3, 2, 3)]
16482,3, [(3, 3, 3)]
16483,3, [(3, 0, 3)]
16484,3, [(3, 5, 3)]
16485,3, [(3, 6, 3)]
16486,3, [(3, 7, 3)]
16487,3, [(3, 4, 3)]
16488,3, [(3, 9, 3)]
16489,3, [(3, 10, 3)]
16490,3, [(3, 11, 3)]
16491,3, [(3, 8, 3)]
16492,3, [(3, 13, 3)]
16493,3, [(3, 14, 3)]
16494,3, [(3, 15, 3)]
16495,3, [(3, 12, 3)]
16496,3, [(3, 1, 3)]
16497,3, [(3, 2, 3)]
16498,3, [(3, 3, 3)]
16499,3, [(3, 0, 3)]
16500,3, [(3, 5, 3)]
16501,3, [(3, 6, 3)]
16502,3, [(3, 7, 3)]
16503,3, [(3, 4, 3)]
16504,3, [(3, 9, 3)]
16505,3, [(3, 10, 3)]
16506,3, [(3, 11, 3)]
16507,3, [(3, 8, 3)]
16508,3, [(3, 13, 3)]
16509,3, [(3, 14, 3)]
16510,3, [(3, 15, 3)]
16511,3, [(3, 12, 3)]
16512,11, [(3, 1, 3), (2, 1, 2), (1, 1, 1), (0, 2, 0)]
16513,3, [(3, 1, 3), (2, 1, 2), (1, 1, 1), (0, 2, 0)]
16514,3, [(0, 2, 0), (1, 1, 1)]
16515,3, [(3, 1, 3), (2, 1, 2)]
16516,3, [(0, 2, 0)]
16517,3, [(1, 1, 1)]
16518,3, [(2, 1, 2)]
16519,3, [(3, 1, 3)]
16520,3, [(0, 2, 0)]
16521,3, [(0, 3, 0)]
16522,3, [(1, 1, 1)]
16523,3, [(1, 2, 1)]
16524,3, [(2, 1, 2)]
16525,3, [(2, 2, 2)]
16526,3, [(3, 1, 3)]
16527,3, [(3, 2, 3)]
16528,3, [(0, 2, 0)]
16529,3, [(0, 3, 0)]
16530,3, [(0, 0, 0)]
16531,3, [(0, 1, 0)]
16532,3, [(1, 1, 1)]
16533,3, [(1, 2, 1)]
16534,3, [(1, 3, 1)]
16535,3, [(1, 0, 1)]
16536,3, [(2, 1, 2)]
16537,3, [(2, 2, 2)]
16538,3, [(2, 3, 2)]
16539,3, [(2, 0, 2)]
16540,3, [(3, 1, 3)]
16541,3, [(3, 2, 3)]
16542,3, [(3, 3, 3)]
16543,3, [(3, 0, 3)]
16544,3, [(0, 2, 0)]
16545,3, [(0, 3, 0)]
16546,3, [(0, 0, 0)]
16547,3, [(0, 1, 0)]
16548,3, [(0, 6, 0)]
16549,3, [(0, 7, 0)]
16550,3, [(0, 4, 0)]
16551,3, [(0, 5, 0)]
16552,3, [(1, 1, 1)]
16553,3, [(1, 2, 1)]
16554,3, [(1, 3, 1)]
16555,3, [(1, 0, 1)]
16556,3, [(1, 5, 1)]
16557,3, [(1, 6, 1)]
16558,3, [(1, 7, 1)]
16559,3, [(1, 4, 1)]
16560,3, [(2, 1, 2)]
16561,3, [(2, 2, 2)]
16562,3, [(2, 3, 2)]
16563,3, [(2, 0, 2)]
16564,3, [(2, 5, 2)]
16565,3, [(2, 6, 2)]
16566,3, [(2, 7, 2)]
16567,3, [(2, 4, 2)]
16568,3, [(3, 1, 3)]
16569,3, [(3, 2, 3)]
16570,3, [(3, 3, 3)]
16571,3, [(3, 0, 3)]
16572,3, [(3, 5, 3)]
16573,3, [(3, 6, 3)]
16574,3, [(3, 7, 3)]
16575,3, [(3, 4, 3)]
16576,3, [(0, 2, 0)]
16577,3, [(0, 3, 0)]
16578,3, [(0, 0, 0)]
16579,3, [(0, 1, 0)]
16580,3, [(0, 6, 0)]
16581,3, [(0, 7, 0)]
16582,3, [(0, 4, 0)]
16583,3, [(0, 5, 0)]
16584,3, [(0, 10, 0)]
16585,3, [(0, 11, 0)]
16586,3, [(0, 8, 0)]
16587,3, [(0, 9, 0)]
16588,3, [(0, 14, 0)]
16589,3, [(0, 15, 0)]
16590,3, [(0, 12, 0)]
16591,3, [(0, 13, 0)]
16592,3, [(1, 1, 1)]
16593,3, [(1, 2, 1)]
16594,3, [(1, 3, 1)]
16595,3, [(1, 0, 1)]
16596,3, [(1, 5, 1)]
16597,3, [(1, 6, 1)]
16598,3, [(1, 7, 1)]
16599,3, [(1, 4, 1)]
16600,3, [(1, 9, 1)]
16601,3, [(1, 10, 1)]
16602,3, [(1, 11, 1)]
16603,3, [(1, 8, 1)]
16604,3, [(1, 13, 1)]
16605,3, [(1, 14, 1)]
16606,3, [(1, 15, 1)]
16607,3, [(1, 12, 1)]
16608,3, [(2, 1, 2)]
16609,3, [(2, 2, 2)]
16610,3, [(2, 3, 2)]
16611,3, [(2, 0, 2)]
16612,3, [(2, 5, 2)]
16613,3, [(2, 6, 2)]
16614,3, [(2, 7, 2)]
16615,3, [(2, 4, 2)]
16616,3, [(2, 9, 2)]
16617,3, [(2, 10, 2)]
16618,3, [(2, 11, 2)]
16619,3, [(2, 8, 2)]
16620,3, [(2, 13, 2)]
16621,3, [(2, 14, 2)]
16622,3, [(2, 15, 2)]
16623,3, [(2, 12, 2)]
16624,3, [(3, 1, 3)]
16625,3, [(3, 2, 3)]
16626,3, [(3, 3, 3)]
16627,3, [(3, 0, 3)]
16628,3, [(3, 5, 3)]
16629,3, [(3, 6, 3)]
16630,3, [(3, 7, 3)]
16631,3, [(3, 4, 3)]
16632,3, [(3, 9, 3)]
16633,3, [(3, 10, 3)]
16634,3, [(3, 11, 3)]
16635,3, [(3, 8, 3)]
16636,3, [(3, 13, 3)]
16637,3, [(3, 14, 3)]
16638,3, [(3, 15, 3)]
16639,3, [(3, 12, 3)]
16640,3, {(3, 1, 3), (2, 1, 2), (1, 1, 1), (0, 2, 0)}
