phys addr: 0000000000200000
Out_GPU
0.278572
0.000000
0.243590
0.005124
1.549081
0.352711
0.007062
0.000000
0.180153
0.490511
0.724154
0.466868
1.820312
0.228760
0.537444
1.180986
0.049028
1.208379
0.063800
0.552385
0.076439
1.041613
0.653856
0.360359
0.159594
0.116741
0.024414
0.307813
0.603424
1.250908
0.228703
1.435351
0.981525
0.014226
0.411666
0.868976
0.368053
0.136674
0.639087
0.185065
5.094368
0.253912
0.957363
0.481503
0.324545
0.004571
0.185178
0.163218
0.118443
0.473853
0.003500
0.000000
0.151508
0.716414
0.619735
0.000000
0.017813
0.763190
0.562511
2.385111
3.260735
0.848891
0.099678
0.550433
0.016557
0.196012
2.437195
0.393388
0.202995
0.485117
0.001166
0.000000
0.244715
0.082525
0.097328
1.068314
0.641618
0.000000
0.213950
0.000000
0.075551
0.212549
0.262370
1.254401
0.282236
0.992848
0.083013
0.000000
0.082220
0.199868
1.202187
0.367024
0.043246
2.974703
0.000000
3.199018
0.039679
3.057058
0.000000
0.497042
0.809484
0.449671
1.258044
0.004257
0.001580
2.293280
0.106241
0.149214
0.000000
0.091497
0.512477
0.096219
0.559109
0.000000
1.412369
0.068870
0.958129
0.660754
0.162684
0.192707
0.217362
0.439835
0.012100
0.014514
0.095744
0.726828
1.623178
0.520322
0.348461
0.746102
0.224591
0.187165
0.363511
0.167907
0.411687
0.262622
1.119479
0.012238
1.037548
0.210399
0.617542
0.247680
1.153005
0.102646
0.318718
0.239350
0.019974
1.191366
0.507095
0.523112
0.028421
1.577862
1.026420
0.182075
1.812533
0.610732
0.914580
0.062792
1.386656
1.572213
0.049734
0.000375
1.233576
0.039522
0.206813
0.077776
0.131198
0.028247
0.188325
0.126933
0.161062
0.400700
0.015270
0.000000
0.000000
0.041357
1.867979
0.344510
1.778732
0.455901
0.586600
0.522724
0.531339
0.543482
0.077428
0.192967
0.423882
0.192920
0.061142
0.036844
0.633260
0.542092
0.670124
0.182771
0.492286
2.490513
0.097930
0.068682
0.149580
0.036809
0.024875
1.161384
0.799171
0.242993
0.126910
1.168870
0.482187
0.006684
0.575887
0.171077
0.044017
0.622720
1.029505
0.082115
0.695242
0.044482
0.000000
1.607191
0.201447
0.119496
0.643179
0.251796
0.116362
0.078389
0.271788
0.406358
0.062908
0.129006
0.010418
0.083543
0.498809
0.098592
0.183542
0.518247
0.066078
0.631135
0.890427
0.021591
1.532712
0.434794
0.713318
0.500872
0.000000
0.025891
0.246950
1.046946
2.321373
0.065506
0.030989
0.170292
0.732024
0.125851
0.122470
1.215110
0.804070
0.091887
0.118733
0.262275
1.837831
1.183346
0.194482
0.822760
0.007317
0.257674
0.365109
0.258472
0.000000
0.230348
0.844595
0.216970
0.681047
0.056432
0.000000
0.726149
1.582258
0.827080
0.115402
1.190196
0.062065
0.000000
0.030598
0.418436
0.106482
0.083734
0.996802
0.170364
0.000000
0.501514
3.147937
0.052565
0.166286
0.513587
1.461949
1.899167
0.000000
0.657781
0.035000
0.350221
1.468009
0.418336
1.386918
0.873376
0.941483
1.363745
0.172883
0.321020
0.021771
0.005171
0.710471
0.038638
1.839195
0.007593
0.345873
0.810753
1.991247
0.364316
0.044161
0.065423
0.239519
0.144707
0.041596
0.013894
1.505372
0.000000
0.269418
0.092143
0.316726
3.093794
1.034413
4.970140
1.601606
0.000602
0.858831
0.001563
0.823587
2.852555
0.000000
0.439043
0.088016
3.867554
0.300111
0.314433
0.115518
0.005015
0.115359
0.882678
0.364438
1.167152
0.047885
0.057453
0.372222
0.357199
0.668451
0.626073
0.272698
1.580897
0.000000
0.061348
0.028547
0.195095
1.042440
0.089034
0.088848
0.161532
0.515664
0.000000
0.070687
0.079352
0.000000
0.322115
0.385260
0.113032
0.072908
0.104112
1.023843
0.380003
0.079738
0.369014
0.763026
0.023203
0.060055
1.257779
0.080252
0.047953
0.502919
0.714911
1.136410
0.000000
1.559941
0.012237
0.226651
0.291920
0.000162
0.063248
0.399814
1.385191
0.691237
0.618476
0.381669
0.029917
0.180329
0.473069
0.028988
0.680407
1.874565
0.276343
0.709157
0.275595
1.819709
0.023346
0.408637
0.000000
0.056138
0.000000
0.565734
0.526812
1.132136
1.942150
0.357371
0.186086
0.054402
0.000000
0.668762
0.044885
0.039752
0.452719
0.613982
0.099708
0.000000
1.018994
0.557703
0.833887
0.000000
0.166608
0.263764
0.061895
2.825234
0.011732
1.926755
0.502960
0.552998
0.032003
0.399181
0.591686
0.246695
0.503866
0.575721
0.229216
0.158378
0.150142
0.416750
0.079710
0.827936
0.179889
0.122716
0.059383
0.173579
0.934017
0.303279
0.044499
0.236993
0.175765
0.000000
0.797185
2.825158
0.000792
0.013287
0.180393
0.318944
0.406451
0.019528
1.315596
0.798191
0.226810
0.010544
0.002109
0.168258
1.354208
0.436444
0.082651
0.018967
0.239045
0.616337
1.346567
0.762663
0.707722
0.031442
0.000000
0.047685
0.002137
0.082372
0.043149
0.051874
0.260818
1.042142
1.493151
0.111612
0.246998
0.251936
0.043552
0.639991
0.000000
0.471419
0.581556
1.346186
0.037428
0.516995
0.061458
0.119648
0.068382
0.530045
1.071120
0.054053
0.132958
0.101763
0.051599
0.971821
0.000000
0.847123
1.118717
0.036725
3.057762
0.014481
0.000000
0.315265
0.000000
0.403304
0.185001
0.926672
0.079679
0.031349
0.000000
0.129530
0.007413
0.000000
0.019054
0.663528
0.022134
0.012808
0.243323
0.054299
0.015123
2.234035
0.000000
1.161868
0.451620
2.817354
0.103210
0.432525
0.099829
0.225991
0.514994
0.506745
1.075631
0.038789
0.048221
0.271390
0.284374
0.496232
0.588523
0.151056
2.804940
0.221407
0.048377
1.682870
0.027628
0.165826
0.055188
0.006930
4.351861
0.419948
0.627945
0.301300
0.435687
1.002473
0.540223
1.175313
0.475840
0.000000
0.133906
0.045212
0.912471
0.030326
0.338937
0.009038
0.055370
0.338707
0.383232
0.000000
0.071210
0.104312
0.058871
0.593025
0.610703
0.908142
0.109302
0.149734
0.727425
0.066738
1.190252
0.152263
0.083533
0.003262
0.030264
1.108718
0.164983
0.126944
0.213463
0.259277
0.275958
0.058575
1.504112
0.532935
0.317973
0.441116
0.384062
0.449464
0.010451
0.030380
0.434645
0.051418
0.457787
1.505005
2.037532
0.090860
1.177675
0.084007
0.001616
1.884586
0.072142
0.403046
0.000000
1.342718
1.046028
0.089104
0.002181
0.923590
0.197745
0.167619
0.170171
0.000000
0.610873
0.088232
1.548405
0.381892
0.324784
0.024358
0.096549
0.466548
0.291739
0.061032
0.435116
0.173827
0.035919
4.893253
0.544476
0.041929
1.310859
0.598135
0.082526
1.592109
0.012337
3.789523
0.317790
0.357630
0.074868
1.271360
0.200882
0.993743
1.351386
0.519773
0.498595
0.023605
0.165047
0.710835
0.313404
2.377524
0.083653
0.368351
0.264928
0.570759
0.033880
1.079823
0.000000
0.362699
0.950749
0.880300
0.062149
0.265895
0.018856
0.121202
0.357851
0.176636
0.000000
0.014663
0.003214
0.990531
0.844064
0.783594
0.012601
0.229883
0.031016
0.119971
0.004297
0.084350
0.042132
0.165003
0.000000
0.000000
0.027030
0.249902
0.521446
0.000000
0.112860
7.297215
0.061747
0.094062
0.004921
0.001295
0.095900
0.290428
0.000000
0.380042
1.059117
0.238140
0.000000
0.037245
0.394733
0.671112
0.064692
0.007242
0.279533
0.316705
0.518497
0.164422
0.961964
0.011212
0.543370
0.547429
0.112025
0.064100
0.100232
0.323052
0.145326
0.358771
2.199400
0.232636
0.000000
0.860937
0.508209
0.017179
0.003844
0.387992
0.749230
0.042297
0.056993
0.459859
0.457142
0.408063
0.320975
0.996006
0.000000
0.891371
0.893404
0.534193
3.463645
0.324302
0.105843
0.719421
0.049154
0.684570
0.000000
0.297324
0.077919
0.000000
0.058727
1.685920
1.081960
0.025253
0.863906
0.275108
0.178652
0.060287
0.494769
0.193732
0.291243
0.048102
0.028655
1.078327
0.178437
0.694981
0.223361
4.549435
0.101996
1.156626
0.005432
0.195282
1.164839
0.144497
0.086480
0.000258
0.298244
0.057868
0.115835
0.005697
0.079641
1.680158
0.036054
0.189374
0.040634
0.058112
0.422194
0.031993
0.459951
0.165272
0.587879
0.456167
0.018640
0.750958
0.016523
2.422758
0.296774
0.291683
0.056884
0.202120
0.305473
0.190256
0.000000
0.157493
0.198564
0.015165
1.124400
1.403521
0.595178
0.300650
0.677469
0.065814
0.200552
0.000000
0.308247
0.681857
0.094815
0.898849
0.656173
0.083849
0.221160
0.000000
0.029653
0.000774
1.121520
0.488342
0.025793
0.064592
2.774370
0.007684
0.048018
0.186120
0.569165
0.264387
0.667042
0.531847
1.154627
0.239707
0.720212
0.678048
0.597958
0.300317
0.000000
0.851682
0.272871
0.000000
0.194802
0.152852
0.592497
0.244662
0.493090
0.352796
0.273979
1.032339
1.980053
0.564593
0.701860
1.833964
0.492136
0.569398
0.000000
0.046798
1.256763
0.214747
0.074608
0.017500
0.966521
0.165069
0.266647
0.229136
0.490544
0.276126
0.910946
2.536699
0.160656
0.384769
0.455273
1.168083
0.225491
0.175402
0.000000
0.571481
0.321995
0.215906
1.399088
0.107225
0.476953
0.164487
0.148631
1.738614
0.051415
2.466558
0.040423
0.033820
0.098911
0.232776
0.007805
0.071295
0.055111
0.162990
0.424541
0.169353
0.439278
1.679605
1.314687
0.283098
1.508296
0.012197
1.594014
0.159316
0.363903
0.127625
0.040922
1.364576
0.322965
0.246559
1.792410
1.556508
0.228271
0.017623
0.505725
0.077735
0.938319
0.033543
0.481193
0.136067
0.015222
0.556051
0.093667
0.109504
0.888846
1.014124
0.081620
0.020536
0.514430
0.688622
0.002994
0.586629
0.002670
0.530436
0.109044
0.021547
0.289430
0.164031
0.242908
0.000000
0.138513
0.013905
0.021292
0.168593
0.467940
0.639638
0.000000
0.003109
0.560326
0.375264
0.006030
0.716420
0.287860
0.033551
0.300471
0.145799
1.083520
0.179522
0.175116
0.232059
0.483635
0.152315
0.085217
0.000000
0.058080
0.528860
0.203734
0.025052
0.163606
1.582332
0.546647
0.765457
0.149912
0.117966
0.282592
0.638244
0.049436
0.371577
0.051738
0.000000
0.006199
0.000000
0.090441
0.018691
0.760255
0.021460
0.206085
0.012110
0.000000
0.999928
0.000000
0.397030
0.104638
0.000000
0.000000
0.000000
0.000000
0.000000
0.000000
0.000000
0.000000
0.000000
0.000000
0.000000
0.000000
0.000000
0.000000
0.000000
0.000000
0.000000
0.000000
0.000000
0.000000
0.000000
0.000000
0.000000
0.000000
0.000000
0.000000
0.000000
0.000000
0.000000
0.000000
0.000000
0.000000
0.000000
0.000000
0.000000
0.000000
0.000000
0.000000
0.000000
0.000000
0.000000
0.000000
0.000000
0.000000
0.000000
0.000000
0.000000
0.000000
0.000000
0.000000
0.000000
0.000000
0.000000
0.000000
0.000000
0.000000
0.000000
0.000000
0.000000
0.000000
0.000000
0.000000
0.000000
0.000000
0.000000
0.000000
0.000000
0.000000
0.000000
0.000000
0.000000
0.000000
0.000000
0.000000
0.000000
0.000000
0.000000
0.000000
0.000000
0.000000
0.000000
0.000000
0.000000
0.000000
0.000000
0.000000
0.000000
0.000000
0.000000
0.000000
0.000000
0.000000
0.000000
0.000000
0.000000
0.000000
0.000000
0.000000
0.000000
0.000000
0.000000
0.000000
0.000000
0.000000
0.000000
0.000000
0.000000
0.000000
0.000000
0.000000
0.000000
0.000000
0.000000
0.000000
0.000000
0.000000
0.000000
0.000000
0.000000
0.000000
0.000000
0.000000
0.000000
0.000000
0.000000
0.000000
0.000000
0.000000
0.000000
0.000000
0.000000
0.000000
0.000000
0.000000
0.000000
0.000000
0.000000
0.000000
0.000000
0.000000
0.000000
0.000000
0.000000
0.000000
0.000000
0.000000
0.000000
0.000000
0.000000
0.000000
0.000000
0.000000
0.000000
0.000000
0.000000
0.000000
0.000000
0.000000
0.000000
0.000000
0.000000
0.000000
0.000000
0.000000
0.000000
0.000000
0.000000
0.000000
0.000000
0.000000
0.000000
0.000000
0.000000
0.000000
0.000000
0.000000
0.000000
0.000000
0.000000
0.000000
0.000000
0.000000
0.000000
0.000000
0.000000
0.000000
0.000000
0.000000
0.000000
0.000000
0.000000
0.000000
0.000000
0.000000
0.000000
0.000000
0.000000
0.000000
0.000000
0.000000
0.000000
0.000000
0.000000
0.000000
0.000000
0.000000
0.000000
0.000000
0.000000
0.000000
0.000000
0.000000
0.000000
0.000000
0.000000
0.000000
0.000000
0.000000
0.000000
0.000000
0.000000
0.000000
0.000000
0.000000
0.000000
0.000000
0.000000
0.000000
0.000000
0.000000
0.000000
0.000000
0.000000
0.000000
0.000000
0.000000
0.000000
0.000000
0.000000
0.000000
0.000000
0.000000
0.000000
0.000000
0.000000
0.000000
0.000000
0.000000
0.000000
0.000000
0.000000
0.000000
0.000000
0.000000
0.000000
0.000000
0.000000
0.000000
0.000000
0.000000
0.000000
0.000000
0.000000
0.000000
0.000000
0.000000
0.000000
0.000000
0.000000
0.000000
0.000000
0.000000
0.000000
0.000000
0.000000
0.000000
0.000000
0.000000
0.000000
0.000000
0.000000
0.000000
0.000000
0.000000
0.000000
0.000000
0.000000
0.000000
0.000000
0.000000
0.000000
0.000000
0.000000
0.000000
0.000000
0.000000
0.000000
0.000000
0.000000
0.000000
0.000000
0.000000
0.000000
0.000000
0.000000
0.000000
0.000000
0.000000
0.000000
0.000000
0.000000
0.000000
0.000000
0.000000
0.000000
0.000000
0.000000
0.000000
0.000000
0.000000
0.000000
0.000000
0.000000
0.000000
0.000000
0.000000
0.000000
0.000000
0.000000
0.000000
0.000000
0.000000
0.000000
0.000000
0.000000
0.000000
0.000000
0.000000
0.000000
0.000000
0.000000
0.000000
0.000000
0.000000
0.000000
0.000000
0.000000
0.000000
0.000000
0.000000
0.000000
0.000000
0.000000
0.000000
0.000000
0.000000
0.000000
0.000000
0.000000
0.000000
0.000000
0.000000
0.000000
0.000000
0.000000
0.000000
0.000000
0.000000
0.000000
0.000000
0.000000
0.000000
0.000000
0.000000
0.000000
0.000000
0.000000
0.000000
0.000000
0.000000
0.000000
0.000000
0.000000
0.000000
0.000000
0.000000
0.000000
0.000000
0.000000
0.000000
0.000000
0.000000
0.000000
0.000000
0.000000
0.000000
0.000000
0.000000
0.000000
0.000000
0.000000
0.000000
0.000000
0.000000
0.000000
0.000000
0.000000
0.000000
0.000000
0.000000
0.000000
0.000000
0.000000
0.000000
0.000000
0.000000
0.000000
0.000000
0.000000
0.000000
0.000000
0.000000
0.000000
0.000000
0.000000
0.000000
0.000000
0.000000
0.000000
0.000000
0.000000
0.000000
0.000000
0.000000
0.000000
0.000000
0.000000
0.000000
0.000000
0.000000
0.000000
0.000000
0.000000
0.000000
0.000000
0.000000
0.000000
0.000000
0.000000
0.000000
0.000000
0.000000
0.000000
0.000000
0.000000
0.000000
0.000000
0.000000
0.000000
0.000000
0.000000
0.000000
0.000000
0.000000
0.000000
0.000000
0.000000
0.000000
0.000000
0.000000
0.000000
0.000000
0.000000
0.000000
0.000000
0.000000
0.000000
0.000000
0.000000
0.000000
0.000000
0.000000
0.000000
0.000000
0.000000
0.000000
0.000000
0.000000
0.000000
0.000000
0.000000
0.000000
0.000000
0.000000
0.000000
0.000000
0.000000
0.000000
0.000000
0.000000
0.000000
0.000000
0.000000
0.000000
0.000000
0.000000
0.000000
0.000000
0.000000
0.000000
0.000000
0.000000
0.000000
0.000000
0.000000
0.000000
0.000000
0.000000
0.000000
0.000000
0.000000
0.000000
0.000000
0.000000
0.000000
0.000000
0.000000
0.000000
0.000000
0.000000
0.000000
0.000000
0.000000
0.000000
0.000000
0.000000
0.000000
0.000000
0.000000
0.000000
0.000000
0.000000
0.000000
0.000000
0.000000
0.000000
0.000000
0.000000
0.000000
0.000000
0.000000
0.000000
0.000000
0.000000
0.000000
0.000000
0.000000
0.000000
0.000000
0.000000
0.000000
0.000000
0.000000
0.000000
0.000000
0.000000
0.000000
0.000000
0.000000
0.000000
0.000000
0.000000
0.000000
0.000000
0.000000
0.000000
0.000000
0.000000
0.000000
0.000000
0.000000
0.000000
0.000000
0.000000
0.000000
0.000000
0.000000
0.000000
0.000000
0.000000
0.000000
0.000000
0.000000
0.000000
0.000000
0.000000
0.000000
0.000000
0.000000
0.000000
0.000000
0.000000
0.000000
0.000000
0.000000
0.000000
0.000000
0.000000
0.000000
0.000000
0.000000
0.000000
0.000000
0.000000
0.000000
0.000000
0.000000
0.000000
0.000000
0.000000
0.000000
0.000000
0.000000
0.000000
0.000000
0.000000
0.000000
0.000000
0.000000
0.000000
0.000000
0.000000
0.000000
0.000000
0.000000
0.000000
0.000000
0.000000
0.000000
0.000000
0.000000
0.000000
0.000000
0.000000
0.000000
0.000000
0.000000
0.000000
0.000000
0.000000
0.000000
0.000000
0.000000
0.000000
0.000000
0.000000
0.000000
0.000000
0.000000
0.000000
0.000000
0.000000
0.000000
0.000000
0.000000
0.000000
0.000000
0.000000
0.000000
0.000000
0.000000
0.000000
0.000000
0.000000
0.000000
0.000000
0.000000
0.000000
0.000000
0.000000
0.000000
0.000000
0.000000
0.000000
0.000000
0.000000
0.000000
0.000000
0.000000
0.000000
0.000000
0.000000
0.000000
0.000000
0.000000
0.000000
0.000000
0.000000
0.000000
0.000000
0.000000
0.000000
0.000000
0.000000
0.000000
0.000000
0.000000
0.000000
0.000000
0.000000
0.000000
0.000000
0.000000
0.000000
0.000000
0.000000
0.000000
0.000000
0.000000
0.000000
0.000000
0.000000
0.000000
0.000000
0.000000
0.000000
0.000000
0.000000
0.000000
0.000000
0.000000
0.000000
0.000000
0.000000
0.000000
0.000000
0.000000
0.000000
0.000000
0.000000
0.000000
0.000000
0.000000
0.000000
0.000000
0.000000
0.000000
0.000000
0.000000
0.000000
0.000000
0.000000
0.000000
0.000000
0.000000
0.000000
0.000000
0.000000
0.000000
0.000000
0.000000
0.000000
0.000000
0.000000
0.000000
0.000000
0.000000
0.000000
0.000000
0.000000
0.000000
0.000000
0.000000
0.000000
0.000000
0.000000
0.000000
0.000000
0.000000
0.000000
0.000000
0.000000
0.000000
0.000000
0.000000
0.000000
0.000000
0.000000
0.000000
0.000000
0.000000
0.000000
0.000000
0.000000
0.000000
0.000000
0.000000
0.000000
0.000000
0.000000
0.000000
0.000000
0.000000
0.000000
0.000000
0.000000
0.000000
0.000000
0.000000
0.000000
0.000000
0.000000
0.000000
0.000000
0.000000
0.000000
0.000000
0.000000
0.000000
0.000000
0.000000
0.000000
0.000000
0.000000
0.000000
0.000000
0.000000
0.000000
0.000000
0.000000
0.000000
0.000000
0.000000
0.000000
0.000000
0.000000
0.000000
0.000000
0.000000
0.000000
0.000000
0.000000
0.000000
0.000000
0.000000
0.000000
0.000000
0.000000
0.000000
0.000000
0.000000
0.000000
0.000000
0.000000
0.000000
0.000000
0.000000
0.000000
0.000000
0.000000
0.000000
0.000000
0.000000
0.000000
0.000000
0.000000
0.000000
0.000000
0.000000
0.000000
0.000000
0.000000
0.000000
0.000000
0.000000
0.000000
0.000000
0.000000
0.000000
0.000000
0.000000
0.000000
0.000000
0.000000
0.000000
0.000000
0.000000
0.000000
0.000000
0.000000
0.000000
0.000000
0.000000
0.000000
0.000000
0.000000
0.000000
0.000000
0.000000
0.000000
0.000000
0.000000
0.000000
0.000000
0.000000
0.000000
0.000000
0.000000
0.000000
0.000000
0.000000
0.000000
0.000000
0.000000
0.000000
0.000000
0.000000
0.000000
0.000000
0.000000
0.000000
0.000000
0.000000
0.000000
0.000000
0.000000
0.000000
0.000000
0.000000
0.000000
0.000000
0.000000
0.000000
0.000000
0.000000
0.000000
0.000000
0.000000
0.000000
0.000000
0.000000
0.000000
0.000000
0.000000
0.000000
0.000000
0.000000
0.000000
0.000000
0.000000
0.000000
0.000000
0.000000
0.000000
0.000000
0.000000
0.000000
0.000000
0.000000
0.000000
0.000000
0.000000
0.000000
0.000000
0.000000
0.000000
0.000000
0.000000
0.000000
0.000000
0.000000
0.000000
0.000000
0.000000
0.000000
0.000000
0.000000
0.000000
0.000000
0.000000
0.000000
0.000000
0.000000
0.000000
0.000000
0.000000
0.000000
0.000000
0.000000
0.000000
0.000000
0.000000
0.000000
0.000000
0.000000
0.000000
0.000000
0.000000
0.000000
0.000000
0.000000
0.000000
0.000000
0.000000
0.000000
0.000000
0.000000
0.000000
0.000000
0.000000
0.000000
0.000000
0.000000
0.000000
0.000000
0.000000
0.000000
0.000000
0.000000
0.000000
0.000000
0.000000
0.000000
0.000000
Predicted Class (index) = 287
