phys addr: 0000000000200000
Out_GPU
0.691240
0.104075
0.000385
0.229825
0.723360
0.060424
0.115905
0.527164
0.000000
0.266188
0.010481
0.174866
0.272782
0.000000
0.009461
0.339437
0.005950
0.027555
0.025962
0.254970
0.209242
0.051613
0.395300
0.197113
0.161901
0.226849
0.162309
0.868597
0.232937
0.543644
1.939043
0.550869
0.463033
0.197763
0.846031
0.368545
0.116249
0.713744
1.567764
0.960368
0.135585
0.212910
0.064559
0.781433
1.572346
0.919586
0.829223
1.327039
0.048851
0.110821
0.713903
0.533720
0.039964
0.509264
0.087203
0.573921
0.227452
0.039839
0.451961
0.008183
0.144862
0.169743
0.119125
0.055340
0.122926
0.247140
0.416999
0.040628
3.039703
0.953431
0.138269
0.014285
0.577312
0.148418
0.805274
0.355289
0.520080
0.447383
0.265621
0.000000
0.512837
0.213501
0.367698
0.009038
0.218567
0.028962
0.598630
0.000000
0.552651
0.144840
0.031495
0.422102
0.327466
0.570389
0.865147
1.765682
0.387725
0.153698
0.157984
0.000846
0.042203
0.799297
0.344990
0.129329
0.420349
1.179959
1.295668
0.058250
0.562338
0.008342
1.007097
0.043254
0.963135
0.202583
0.104421
0.289223
0.165035
0.886497
0.010119
0.179550
0.036823
0.000221
0.155571
0.677092
0.987672
2.598126
0.870808
3.028662
0.432396
0.000000
0.595450
0.032138
0.075061
0.000000
0.622305
1.122172
0.778887
0.001920
0.043870
0.221643
0.717971
0.000000
0.000000
0.374532
0.011826
0.710058
0.363410
1.920408
0.441925
0.013246
0.003620
0.060355
0.023391
0.128331
2.034406
0.012319
0.017685
0.006929
0.440634
0.000000
0.348672
0.744347
0.532488
0.070346
1.844075
0.021569
0.127467
0.086487
0.732088
0.033751
0.095895
1.019696
0.000000
0.356049
0.032918
0.493636
0.320130
0.000000
1.712056
0.021175
0.156092
0.400451
0.000000
0.000000
0.594595
0.160009
1.743830
0.044146
0.000000
0.000002
0.398383
0.554545
0.879562
0.000000
0.244462
0.075091
0.142258
0.124424
0.987112
0.055855
0.013830
0.043456
0.374825
0.231363
3.087043
0.030534
0.179665
1.274057
0.000000
0.451369
0.567169
0.608817
0.793147
0.510031
0.142976
0.178293
1.150410
0.393558
0.933761
0.514626
0.412257
0.621106
0.375961
0.657128
0.118297
2.076106
0.787392
0.061285
1.822183
0.260190
0.399811
0.362832
0.031234
0.000000
0.282249
0.063936
0.463664
0.224426
0.289620
0.156491
1.479168
0.027988
0.059778
0.223041
0.446711
0.185784
0.043895
0.000000
0.497321
1.255130
0.121578
0.076221
0.079116
0.108880
0.234073
0.909408
1.174207
0.956076
0.030613
1.419894
0.271457
0.228524
0.056214
0.208534
1.339416
0.013256
0.251586
0.000000
0.744594
0.060635
0.180565
1.649539
0.234919
0.542975
0.053940
0.191509
0.278617
0.924239
0.000000
1.115345
1.337149
0.503596
0.189761
0.010266
0.005206
0.013096
0.169904
0.356825
0.059679
0.139395
0.081987
0.095027
0.500443
0.003102
0.707161
0.010367
1.943046
0.014308
1.670926
2.956034
0.847927
0.044851
3.696522
0.470848
1.776271
0.176757
0.000000
0.433471
0.000000
0.678709
0.000000
0.329977
0.053646
0.066761
0.057843
1.542268
0.054893
0.094036
2.004774
0.261662
0.186584
0.179192
0.272143
1.257946
0.129339
0.399120
1.515698
0.179351
0.048696
0.359966
0.054285
0.097450
1.154706
0.218161
1.169913
0.488959
0.000000
0.154797
0.383238
0.000000
1.299377
3.228377
0.104379
0.032521
0.091073
0.297463
0.411478
0.014131
0.199099
0.413954
0.264743
0.000000
0.144605
0.004167
0.127261
2.332016
0.565040
0.487994
4.140272
1.409483
1.896322
1.273148
0.037988
0.139178
0.473167
0.005955
1.889239
0.301039
0.526221
0.054345
0.397630
0.278831
3.840442
0.101482
1.179789
0.398844
0.567099
0.127164
0.340987
1.531446
0.087541
0.094793
0.057841
0.023369
0.328286
0.000000
0.249283
0.111505
0.021639
0.319255
0.054759
0.114455
0.748471
0.056427
0.063946
0.647651
0.465360
0.081024
0.614998
0.000000
0.296218
1.415115
0.040499
0.099061
0.703563
0.351053
0.042331
0.352185
0.000000
0.381187
0.008890
3.211095
1.040237
0.625158
0.105899
1.641146
0.083898
0.265073
0.000000
0.057082
0.005730
0.862116
0.106118
0.260509
2.796614
0.000000
0.229142
1.137806
1.007405
2.332766
0.284894
2.289782
0.550735
0.932476
0.903740
0.517055
0.619515
0.101779
0.016864
0.021202
0.027960
0.980542
0.529104
1.074082
0.469008
1.089453
0.061760
0.072012
0.179094
1.332870
0.018815
0.874972
0.336917
1.223889
0.217380
0.526632
0.532724
0.129099
0.045057
0.115704
0.085473
1.522178
1.222563
0.065941
0.024214
0.045136
0.033537
0.070972
0.442740
0.175428
0.027742
0.015269
0.061588
0.525847
0.068943
0.216260
0.106305
0.144829
0.263789
0.000000
0.000000
0.060561
0.122238
1.170118
0.008062
0.083877
0.152807
0.000000
0.225717
0.439573
0.219528
0.038155
0.168206
0.000000
0.028870
0.228508
0.257440
0.161151
0.402858
0.471995
0.348221
0.859284
0.346553
2.956730
0.157692
0.000884
0.302753
0.000000
0.031825
0.883595
0.029084
0.031765
0.018694
0.944114
0.824205
0.048904
0.065526
0.030645
1.294694
0.663308
0.088150
0.015943
0.576846
0.033704
0.041085
0.211143
0.001494
0.576176
0.102892
0.118861
0.040070
0.071917
0.057001
0.000000
0.503466
0.909789
1.153949
0.087128
0.035037
0.049777
0.000000
1.222989
0.138151
0.045352
0.554889
0.182517
0.613914
0.328650
0.050542
1.510604
2.136428
0.138875
0.073784
0.000000
0.094397
3.842525
0.004281
0.308085
0.094853
0.086647
0.908381
0.193927
2.051063
0.577931
0.093919
0.189642
0.319746
0.367702
0.947045
0.000000
0.142308
0.510524
0.202913
0.150070
0.213723
0.082209
0.271887
0.775574
0.143145
0.392007
0.009790
0.143121
0.122047
0.573819
0.080134
0.140215
1.567341
0.126356
0.367679
0.233730
2.087461
0.136820
5.912141
1.577039
1.083140
0.212875
0.000000
0.564440
0.339853
0.179062
0.200950
0.165855
0.088967
0.018895
0.218381
0.006782
1.388642
0.465689
1.369175
0.000000
0.041159
0.240971
0.078797
0.210928
0.626948
0.000000
0.510384
0.270190
0.569402
0.460880
0.036471
2.256377
0.014927
0.635339
0.060596
0.958953
0.194955
0.305018
0.153967
1.310268
0.000429
0.433783
0.020816
1.062426
0.831553
0.122663
1.780912
0.067614
1.903299
2.404338
0.002331
0.213676
0.039165
0.021662
0.105346
0.039159
0.416315
2.577641
2.101694
0.695307
0.341321
0.029453
0.279889
0.038150
0.092541
0.520804
0.824653
0.150243
2.106691
0.042270
0.007736
2.440163
0.181282
0.060573
0.384110
0.284746
0.294380
0.856419
0.004940
0.321861
0.030214
0.075102
0.000996
0.151699
1.004178
1.175646
0.294939
0.044392
2.215772
0.000000
0.230672
0.218849
0.888800
0.192859
0.156409
0.000000
3.333300
0.000000
1.001818
0.282437
0.030845
0.000000
0.094637
0.649751
0.083357
0.669241
0.000000
0.802785
0.000000
0.036332
0.246518
0.659354
1.147510
0.380153
0.081151
0.502264
1.129245
0.000000
0.578146
0.265932
0.106555
0.407037
0.384201
0.738104
0.000000
0.455671
0.296283
0.339686
0.375798
2.764061
1.006962
0.271914
1.093027
0.061995
0.471736
0.390531
1.195562
1.221424
0.001661
1.325291
0.791428
1.427055
0.056511
0.171253
0.001503
0.000000
0.840989
0.672884
0.051979
0.474073
0.000000
0.355085
0.000000
0.951438
1.570731
0.012428
0.036555
0.194716
0.870016
0.000910
0.047975
0.228224
3.120123
0.511579
1.584653
0.992619
0.418739
0.855751
0.021962
0.396297
0.000000
0.097008
0.098572
0.579583
0.386369
0.136570
0.572946
0.986106
0.053092
0.169209
0.000000
3.413102
0.407625
0.043197
0.679356
0.176275
0.005404
0.958664
0.043748
0.271875
0.605170
0.994097
0.760724
0.094252
0.093834
0.322002
0.041934
0.887737
2.420807
0.366430
1.026353
0.000000
0.480750
0.284912
0.020626
0.336380
0.618443
0.127458
0.969043
0.016262
1.359464
0.356658
0.291977
1.183682
0.247194
1.142354
0.000000
1.026773
0.916948
0.317928
1.075750
0.000000
2.907356
0.000000
0.000000
0.679730
0.030879
2.257069
0.066346
0.000000
0.674967
1.992654
0.496303
0.599004
0.092945
0.983922
0.049719
0.034518
0.826538
0.865494
5.366556
0.022686
0.120686
0.485642
0.636108
0.292387
5.910047
0.675677
0.617628
0.192849
0.264605
0.867638
0.347484
0.824757
2.444216
0.621208
0.000326
0.294130
0.150835
0.003387
0.000000
0.097397
0.408292
0.658487
0.698293
0.001694
0.675309
0.104565
0.095269
0.486695
0.710784
0.854653
0.285333
0.472306
0.059689
1.959595
0.035233
0.504561
0.138323
0.009558
0.019124
0.624482
0.000000
0.689080
0.358726
0.767509
0.470917
0.132067
0.134728
2.630117
0.046077
0.000000
0.377708
0.000000
0.040701
0.748001
0.374138
0.564515
0.332955
0.123230
0.424405
0.022222
1.472595
0.044002
2.817013
0.089482
0.005242
0.030739
0.158180
0.586092
0.101408
0.027422
0.762241
0.154118
0.029188
0.110299
0.084787
0.166501
0.136564
0.000000
0.658445
0.987771
0.008541
0.103669
0.000000
0.005248
2.091740
0.671348
0.000000
0.824872
0.016904
0.307222
0.112697
0.305539
0.003208
0.392437
0.158474
0.068838
0.178109
0.000523
0.350523
0.454169
0.459204
0.236478
0.027130
0.000000
1.144072
0.926041
0.468975
0.164244
0.118030
1.552145
0.285384
0.106394
0.100107
0.052827
0.994021
0.507016
0.045487
0.258603
0.047729
2.458704
0.587948
0.000000
0.080369
0.305085
6.446718
0.026360
0.579996
0.246398
0.924481
1.595091
0.567204
0.745959
0.041465
0.133445
0.734133
0.408715
0.179753
0.202631
1.872469
0.139380
0.965363
1.160986
0.000000
0.224712
0.396806
4.383298
0.087650
1.467276
0.117156
0.346885
2.408796
0.215116
1.387284
0.025079
0.021685
0.252133
0.569119
0.030712
0.021470
0.038541
0.699988
0.000000
0.643540
0.397280
0.184505
1.216107
0.059562
0.742558
0.321425
0.052486
0.018811
0.547864
0.154161
0.207236
0.000000
0.335419
0.937722
0.000464
0.025514
0.000000
0.000000
0.007229
0.134154
0.000000
0.002736
0.612974
0.484038
0.957803
0.007685
0.488914
0.155495
0.299632
0.278572
0.000000
0.243590
0.005124
1.549081
0.352711
0.007062
0.000000
0.180153
0.490511
0.724154
0.466868
1.820312
0.228760
0.537444
1.180986
0.049028
1.208379
0.063800
0.552385
0.076439
1.041613
0.653856
0.360359
0.159594
0.116741
0.024414
0.307813
0.603424
1.250908
0.228703
1.435351
0.981525
0.014226
0.411666
0.868976
0.368053
0.136674
0.639087
0.185065
5.094368
0.253912
0.957363
0.481503
0.324545
0.004571
0.185178
0.163218
0.118443
0.473853
0.003500
0.000000
0.151508
0.716414
0.619735
0.000000
0.017813
0.763190
0.562511
2.385111
3.260735
0.848891
0.099678
0.550433
0.016557
0.196012
2.437195
0.393388
0.202995
0.485117
0.001166
0.000000
0.244715
0.082525
0.097328
1.068314
0.641618
0.000000
0.213950
0.000000
0.075551
0.212549
0.262370
1.254401
0.282236
0.992848
0.083013
0.000000
0.082220
0.199868
1.202187
0.367024
0.043246
2.974703
0.000000
3.199018
0.039679
3.057058
0.000000
0.497042
0.809484
0.449671
1.258044
0.004257
0.001580
2.293280
0.106241
0.149214
0.000000
0.091497
0.512477
0.096219
0.559109
0.000000
1.412369
0.068870
0.958129
0.660754
0.162684
0.192707
0.217362
0.439835
0.012100
0.014514
0.095744
0.726828
1.623178
0.520322
0.348461
0.746102
0.224591
0.187165
0.363511
0.167907
0.411687
0.262622
1.119479
0.012238
1.037548
0.210399
0.617542
0.247680
1.153005
0.102646
0.318718
0.239350
0.019974
1.191366
0.507095
0.523112
0.028421
1.577862
1.026420
0.182075
1.812533
0.610732
0.914580
0.062792
1.386656
1.572213
0.049734
0.000375
1.233576
0.039522
0.206813
0.077776
0.131198
0.028247
0.188325
0.126933
0.161062
0.400700
0.015270
0.000000
0.000000
0.041357
1.867979
0.344510
1.778732
0.455901
0.586600
0.522724
0.531339
0.543482
0.077428
0.192967
0.423882
0.192920
0.061142
0.036844
0.633260
0.542092
0.670124
0.182771
0.492286
2.490513
0.097930
0.068682
0.149580
0.036809
0.024875
1.161384
0.799171
0.242993
0.126910
1.168870
0.482187
0.006684
0.575887
0.171077
0.044017
0.622720
1.029505
0.082115
0.695242
0.044482
0.000000
1.607191
0.201447
0.119496
0.643179
0.251796
0.116362
0.078389
0.271788
0.406358
0.062908
0.129006
0.010418
0.083543
0.498809
0.098592
0.183542
0.518247
0.066078
0.631135
0.890427
0.021591
1.532712
0.434794
0.713318
0.500872
0.000000
0.025891
0.246950
1.046946
2.321373
0.065506
0.030989
0.170292
0.732024
0.125851
0.122470
1.215110
0.804070
0.091887
0.118733
0.262275
1.837831
1.183346
0.194482
0.822760
0.007317
0.257674
0.365109
0.258472
0.000000
0.230348
0.844595
0.216970
0.681047
0.056432
0.000000
0.726149
1.582258
0.827080
0.115402
1.190196
0.062065
0.000000
0.030598
0.418436
0.106482
0.083734
0.996802
0.170364
0.000000
0.501514
3.147937
0.052565
0.166286
0.513587
1.461949
1.899167
0.000000
0.657781
0.035000
0.350221
1.468009
0.418336
1.386918
0.873376
0.941483
1.363745
0.172883
0.321020
0.021771
0.005171
0.710471
0.038638
1.839195
0.007593
0.345873
0.810753
1.991247
0.364316
0.044161
0.065423
0.239519
0.144707
0.041596
0.013894
1.505372
0.000000
0.269418
0.092143
0.316726
3.093794
1.034413
4.970140
1.601606
0.000602
0.858831
0.001563
0.823587
2.852555
0.000000
0.439043
0.088016
3.867554
0.300111
0.314433
0.115518
0.005015
0.115359
0.882678
0.364438
1.167152
0.047885
0.057453
0.372222
0.357199
0.668451
0.626073
0.272698
1.580897
0.000000
0.061348
0.028547
0.195095
1.042440
0.089034
0.088848
0.161532
0.515664
0.000000
0.070687
0.079352
0.000000
0.322115
0.385260
0.113032
0.072908
0.104112
1.023843
0.380003
0.079738
0.369014
0.763026
0.023203
0.060055
1.257779
0.080252
0.047953
0.502919
0.714911
1.136410
0.000000
1.559941
0.012237
0.226651
0.291920
0.000162
0.063248
0.399814
1.385191
0.691237
0.618476
0.381669
0.029917
0.180329
0.473069
0.028988
0.680407
1.874565
0.276343
0.709157
0.275595
1.819709
0.023346
0.408637
0.000000
0.056138
0.000000
0.565734
0.526812
1.132136
1.942150
0.357371
0.186086
0.054402
0.000000
0.668762
0.044885
0.039752
0.452719
0.613982
0.099708
0.000000
1.018994
0.557703
0.833887
0.000000
0.166608
0.263764
0.061895
2.825234
0.011732
1.926755
0.502960
0.552998
0.032003
0.399181
0.591686
0.246695
0.503866
0.575721
0.229216
0.158378
0.150142
0.416750
0.079710
0.827936
0.179889
0.122716
0.059383
0.173579
0.934017
0.303279
0.044499
0.236993
0.175765
0.000000
0.797185
2.825158
0.000792
0.013287
0.180393
0.318944
0.406451
0.019528
1.315596
0.798191
0.226810
0.010544
0.002109
0.168258
1.354208
0.436444
0.082651
0.018967
0.239045
0.616337
1.346567
0.762663
0.707722
0.031442
0.000000
0.047685
0.002137
0.082372
0.043149
0.051874
0.260818
1.042142
1.493151
0.111612
0.246998
0.251936
0.043552
0.639991
0.000000
0.471419
0.581556
1.346186
0.037428
0.516995
0.061458
0.119648
0.068382
0.530045
1.071120
0.054053
0.132958
0.101763
0.051599
0.971821
0.000000
0.847123
1.118717
0.036725
3.057762
0.014481
0.000000
0.315265
0.000000
0.403304
0.185001
0.926672
0.079679
0.031349
0.000000
0.129530
0.007413
0.000000
0.019054
0.663528
0.022134
0.012808
0.243323
0.054299
0.015123
2.234035
0.000000
1.161868
0.451620
2.817354
0.103210
0.432525
0.099829
0.225991
0.514994
0.506745
1.075631
0.038789
0.048221
0.271390
0.284374
0.496232
0.588523
0.151056
2.804940
0.221407
0.048377
1.682870
0.027628
0.165826
0.055188
0.006930
4.351861
0.419948
0.627945
0.301300
0.435687
1.002473
0.540223
1.175313
0.475840
0.000000
0.133906
0.045212
0.912471
0.030326
0.338937
0.009038
0.055370
0.338707
0.383232
0.000000
0.071210
0.104312
0.058871
0.593025
0.610703
0.908142
0.109302
0.149734
0.727425
0.066738
1.190252
0.152263
0.083533
0.003262
0.030264
1.108718
0.164983
0.126944
0.213463
0.259277
0.275958
0.058575
1.504112
0.532935
0.317973
0.441116
0.384062
0.449464
0.010451
0.030380
0.434645
0.051418
0.457787
1.505005
2.037532
0.090860
1.177675
0.084007
0.001616
1.884586
0.072142
0.403046
0.000000
1.342718
1.046028
0.089104
0.002181
0.923590
0.197745
0.167619
0.170171
0.000000
0.610873
0.088232
1.548405
0.381892
0.324784
0.024358
0.096549
0.466548
0.291739
0.061032
0.435116
0.173827
0.035919
4.893253
0.544476
0.041929
1.310859
0.598135
0.082526
1.592109
0.012337
3.789523
0.317790
0.357630
0.074868
1.271360
0.200882
0.993743
1.351386
0.519773
0.498595
0.023605
0.165047
0.710835
0.313404
2.377524
0.083653
0.368351
0.264928
0.570759
0.033880
1.079823
0.000000
0.362699
0.950749
0.880300
0.062149
0.265895
0.018856
0.121202
0.357851
0.176636
0.000000
0.014663
0.003214
0.990531
0.844064
0.783594
0.012601
0.229883
0.031016
0.119971
0.004297
0.084350
0.042132
0.165003
0.000000
0.000000
0.027030
0.249902
0.521446
0.000000
0.112860
7.297215
0.061747
0.094062
0.004921
0.001295
0.095900
0.290428
0.000000
0.380042
1.059117
0.238140
0.000000
0.037245
0.394733
0.671112
0.064692
0.007242
0.279533
0.316705
0.518497
0.164422
0.961964
0.011212
0.543370
0.547429
0.112025
0.064100
0.100232
0.323052
0.145326
0.358771
2.199400
0.232636
0.000000
0.860937
0.508209
0.017179
0.003844
0.387992
0.749230
0.042297
0.056993
0.459859
0.457142
0.408063
0.320975
0.996006
0.000000
0.891371
0.893404
0.534193
3.463645
0.324302
0.105843
0.719421
0.049154
0.684570
0.000000
0.297324
0.077919
0.000000
0.058727
1.685920
1.081960
0.025253
0.863906
0.275108
0.178652
0.060287
0.494769
0.193732
0.291243
0.048102
0.028655
1.078327
0.178437
0.694981
0.223361
4.549435
0.101996
1.156626
0.005432
0.195282
1.164839
0.144497
0.086480
0.000258
0.298244
0.057868
0.115835
0.005697
0.079641
1.680158
0.036054
0.189374
0.040634
0.058112
0.422194
0.031993
0.459951
0.165272
0.587879
0.456167
0.018640
0.750958
0.016523
2.422758
0.296774
0.291683
0.056884
0.202120
0.305473
0.190256
0.000000
0.157493
0.198564
0.015165
1.124400
1.403521
0.595178
0.300650
0.677469
0.065814
0.200552
0.000000
0.308247
0.681857
0.094815
0.898849
0.656173
0.083849
0.221160
0.000000
0.029653
0.000774
1.121520
0.488342
0.025793
0.064592
2.774370
0.007684
0.048018
0.186120
0.569165
0.264387
0.667042
0.531847
1.154627
0.239707
0.720212
0.678048
0.597958
0.300317
0.000000
0.851682
0.272871
0.000000
0.194802
0.152852
0.592497
0.244662
0.493090
0.352796
0.273979
1.032339
1.980053
0.564593
0.701860
1.833964
0.492136
0.569398
0.000000
0.046798
1.256763
0.214747
0.074608
0.017500
0.966521
0.165069
0.266647
0.229136
0.490544
0.276126
0.910946
2.536699
0.160656
0.384769
0.455273
1.168083
0.225491
0.175402
0.000000
0.571481
0.321995
0.215906
1.399088
0.107225
0.476953
0.164487
0.148631
1.738614
0.051415
2.466558
0.040423
0.033820
0.098911
0.232776
0.007805
0.071295
0.055111
0.162990
0.424541
0.169353
0.439278
1.679605
1.314687
0.283098
1.508296
0.012197
1.594014
0.159316
0.363903
0.127625
0.040922
1.364576
0.322965
0.246559
1.792410
1.556508
0.228271
0.017623
0.505725
0.077735
0.938319
0.033543
0.481193
0.136067
0.015222
0.556051
0.093667
0.109504
0.888846
1.014124
0.081620
0.020536
0.514430
0.688622
0.002994
0.586629
0.002670
0.530436
0.109044
0.021547
0.289430
0.164031
0.242908
0.000000
0.138513
0.013905
0.021292
0.168593
0.467940
0.639638
0.000000
0.003109
0.560326
0.375264
0.006030
0.716420
0.287860
0.033551
0.300471
0.145799
1.083520
0.179522
0.175116
0.232059
0.483635
0.152315
0.085217
0.000000
0.058080
0.528860
0.203734
0.025052
0.163606
1.582332
0.546647
0.765457
0.149912
0.117966
0.282592
0.638244
0.049436
0.371577
0.051738
0.000000
0.006199
0.000000
0.090441
0.018691
0.760255
0.021460
0.206085
0.012110
0.000000
0.999928
0.000000
0.397030
0.104638
Predicted Class (index) = 287
