1425
1392
465
425
375
595
1385
1318
800
1515
766
1756
879
1109
1555
1967
1272
501
945
1487
286
1069
919
1704
421
1925
1322
778
379
136
1744
607
332
1601
71
965
25
174
274
551
1174
1200
718
1678
1362
867
1437
1381
214
1467
1475
656
1955
1654
1567
234
694
923
477
812
852
1593
1023
957
1113
1057
1866
387
513
112
63
616
1292
1772
1842
1812
1917
1224
505
1134
308
754
1511
484
570
337
1741
1538
34
994
297
247
1408
358
1084
1530
902
149
578
1944
1982
1879
448
1777
894
751
1197
653
179
1643
1839
928
1359
90
723
1502
1628
1237
1092
1335
1163
841
1572
984
1801
1446
4
109
203
271
683
1297
440
791
1050
1400
1257
540
1139
1990
1666
840
1945
903
929
652
1889
628
1334
1629
1716
1539
1740
1236
1256
1531
995
571
336
895
1991
816
1800
1409
1051
1642
35
1296
541
1447
985
1212
1683
1888
817
414
1145
103
978
1040
1102
908
560
347
534
938
1000
1972
1996
647
1349
673
185
835
364
261
884
1492
40
253
584
1191
797
1307
1251
741
159
639
434
1544
404
729
1394
1735
80
1452
291
827
1622
1418
193
1898
494
1633
1520
458
1795
1078
1582
1829
1247
1938
1885
1689
14
1787
1727
1947
89
1537
1298
1095
1356
413
1802
748
1718
244
176
893
1891
818
987
1411
443
487
110
569
1258
720
1332
338
1136
451
268
150
298
357
842
200
1049
680
1989
1087
1876
1501
654
993
543
1160
630
901
1575
1031
1268
1836
1981
1403
1778
577
788
1680
931
33
1238
1529
1631
7
1640
1445
1650
1228
391
238
170
1019
1708
29
210
871
304
1870
1061
603
1605
1748
1479
1471
1117
714
1170
116
1130
1433
328
1027
660
1507
1674
383
1199
1808
848
758
927
1563
690
509
417
1913
1326
1768
278
1921
1264
1959
547
517
59
1846
782
140
1597
67
1366
620
1377
473
1204
961
953
948
2002
520
428
1014
167
1428
861
1518
763
16
1962
1104
914
771
1038
370
1285
1183
1765
1482
558
1209
1663
609
703
394
1277
1064
805
283
1697
1671
1908
1388
1851
1932
317
1859
598
1558
1371
121
129
1282
223
468
1821
1315
1458
1608
972
78
1217
665
54
325
227
1127
496
1753
711
1714
539
37
106
1806
1497
1541
1627
573
846
650
935
822
991
1977
353
1302
264
1352
1533
447
897
204
997
1832
146
1262
1951
1328
1407
1138
178
91
1983
1878
1162
579
722
359
790
1573
441
415
270
1682
1085
1401
5
449
1093
296
202
1776
750
682
1358
485
108
1196
1838
246
1862
889
1738
409
1234
744
1164
1895
1140
724
1053
784
483
3
1985
1782
1571
1872
1684
240
302
342
581
455
1441
626
1194
1415
1091
180
1644
1083
1123
767
1904
1667
1863
133
231
1462
968
464
775
918
187
1010
424
944
219
524
594
1761
1855
1319
554
1281
1588
125
1817
1612
1068
669
1273
1221
1034
699
1966
1659
20
287
1384
398
1514
613
707
313
857
374
1108
878
801
163
1179
1554
1928
1486
500
1213
1757
50
1375
321
1424
1786
1493
158
184
885
834
435
1152
796
192
979
1884
646
346
939
740
1190
1939
74
1701
1103
459
1246
1632
405
1997
1726
728
1545
1419
365
41
909
252
1395
1041
1001
1794
1250
585
1521
1144
1899
1734
1828
1306
1973
260
1688
826
102
672
1453
15
638
1079
1623
1348
1340
561
290
535
1583
384
1295
311
1271
1114
619
1227
1918
693
717
1020
1438
1058
1203
1952
864
422
1594
139
1815
966
1472
920
815
1382
855
1747
1775
1602
1564
1677
376
1321
777
478
1926
1028
68
26
335
1707
273
60
213
173
1361
548
115
1464
753
1508
1133
604
1841
514
659
506
1653
1173
233
1156
361
1636
1880
98
1969
1692
196
1254
350
1903
1005
1943
589
154
463
248
1579
881
1798
439
905
1549
45
792
1399
830
1730
1423
838
1310
676
634
1824
401
565
983
1790
294
1344
642
1045
1148
1242
1525
256
732
188
943
1722
85
11
1186
1075
736
491
1993
531
1489
1619
1099
363
738
1047
1158
312
1503
746
1893
820
786
1055
39
1712
624
989
1780
1736
1874
182
575
899
1834
1081
453
1142
583
1260
95
1443
411
1
242
340
844
1330
51
1577
1720
1346
1796
152
632
87
96
678
348
258
1941
47
1073
461
1451
1240
941
93
684
1252
403
883
529
1397
198
437
1007
1097
1308
567
1617
734
1421
591
794
1995
1638
1150
190
1901
1728
907
981
489
1184
292
9
1826
1491
1971
1694
640
1338
828
46
1788
250
1551
1882
1739
1715
446
1082
1141
2
408
888
896
823
1263
725
1532
572
1329
1496
1976
1353
685
1090
785
181
1165
1685
454
1570
147
205
934
1807
1894
1414
1288
808
1303
1235
1984
1950
241
1783
265
352
847
1645
651
996
745
1406
627
303
1195
482
1153
1341
1052
1873
538
36
990
92
107
1440
1742
1198
1833
1626
343
1540
1865
958
580
691
382
1675
809
1562
1116
952
602
960
1289
1596
171
305
1478
1026
1205
1506
849
1327
1847
508
621
783
416
1171
1470
472
926
1809
1265
1958
28
66
1229
661
1912
1749
141
58
1060
1709
1367
1018
516
1376
117
1651
870
390
715
211
239
1131
279
546
1769
1920
329
1604
759
1389
608
915
1065
1276
804
1429
973
324
1670
1963
1752
1370
226
1850
1559
497
1585
770
55
1764
702
1459
599
166
664
762
1314
559
860
128
710
17
1284
1858
469
282
222
1933
79
875
1126
1519
1015
1483
1662
395
1820
949
429
120
1039
1609
1208
316
1105
1216
521
1696
371
1466
1843
695
1201
813
1705
755
550
1175
1773
235
1954
275
512
1592
476
1363
1022
1135
1745
1916
1679
1436
956
1323
1056
1566
1813
657
175
1300
206
686
1535
1089
1405
933
1543
1413
537
1232
355
104
1979
648
1499
481
300
1686
266
1354
891
445
1987
999
1192
1804
1949
1166
1569
1646
726
1625
503
1513
373
284
1818
1931
1591
971
593
467
614
858
1274
1965
1316
134
670
216
1852
1860
1176
160
764
1372
1664
1427
1009
1111
1214
397
1033
947
802
527
1461
877
322
126
1907
1485
772
23
1387
314
1758
1656
704
427
73
1762
1071
917
696
1615
1553
49
1222
1702
553
1120
228
436
1797
1576
940
528
882
460
86
1616
1994
1729
1096
199
1159
1526
1309
566
1940
97
293
1339
259
349
1046
488
191
590
1721
1072
153
641
1970
739
1695
1347
1639
1396
1185
679
1241
251
980
402
1827
795
735
1420
1450
1789
362
1151
8
1490
829
1006
1900
1253
633
906
837
1550
1883
645
886
366
637
1936
12
976
157
456
675
586
1725
1076
532
799
1002
1998
406
1620
825
833
82
345
1974
101
432
1454
1580
1351
1155
1635
1831
1042
1147
1100
1249
743
1245
1494
1793
42
731
289
1733
1887
1785
1896
562
1305
1691
492
1546
910
255
1343
1522
1189
263
195
1416
936
201
1946
568
1086
1890
245
269
1357
900
992
819
1500
299
749
1048
1410
576
1333
111
1299
986
450
1444
930
1630
1877
1239
789
412
655
721
442
1574
356
542
1779
177
1528
486
32
1641
1536
1681
88
1980
681
1094
631
339
843
1743
1803
892
6
1161
1137
1402
151
1988
1259
1719
1837
124
1374
555
399
1816
1280
1613
1905
132
856
1760
1854
75
1220
230
969
706
162
1929
1035
698
612
1589
1463
525
320
1122
218
774
1011
1658
1700
668
21
1474
309
70
215
113
420
386
1225
1655
719
62
137
1380
1600
606
333
1510
1030
964
1924
866
1867
1112
378
853
922
1293
504
1269
24
267
183
898
845
341
1624
1261
243
998
1412
1331
821
1088
687
1948
1781
0
1647
1542
207
1892
1301
727
444
145
1713
890
1687
354
649
1568
1875
1054
1233
536
1534
1978
1080
1737
1498
1143
1404
1442
988
1167
452
1986
932
38
574
747
1355
410
1193
1835
1805
105
480
94
625
582
1243
295
462
1311
1618
1398
1149
1187
1178
1799
257
1337
351
643
400
490
1488
733
10
84
831
904
1637
1902
839
1942
588
942
1723
44
1881
249
530
1255
1345
1731
1098
880
1448
438
1693
793
564
1992
1044
737
1074
1825
197
635
1004
189
1578
99
1548
1422
1791
144
677
155
1968
360
1524
1169
1476
1914
600
331
713
143
1231
1062
237
1956
1468
1291
811
1325
781
474
962
81
495
757
307
1869
623
64
510
1504
30
1922
388
1771
868
1129
1845
1434
1751
56
1378
1598
689
169
209
1118
277
1365
1711
1606
954
418
544
1673
1024
1207
1016
924
119
851
518
1336
1449
380
1267
1649
663
381
963
756
1599
1957
1206
1915
1230
306
1364
1648
208
601
1379
810
330
475
236
1324
1923
1025
869
57
65
779
617
519
1810
1770
1119
511
118
31
389
276
1868
1435
955
142
1266
1672
1168
1607
1017
780
712
925
850
622
545
1128
419
1811
1560
1561
1505
688
168
1290
1469
1750
1844
662
1063
859
1121
323
671
466
396
217
552
1657
1110
1477
1710
765
1317
1215
946
22
1614
1070
1032
1964
1460
1275
970
615
372
127
1386
1283
1177
1426
285
1759
526
705
1853
1484
161
1373
1906
773
916
48
592
1930
1008
1703
1590
315
229
135
1861
803
72
1819
502
876
426
1552
1223
1512
1763
1665
697
1360
69
172
1746
1132
1226
716
212
967
377
865
1927
138
1059
692
334
549
515
1774
605
1676
618
1706
232
959
479
814
1595
629
1717
658
1864
1919
385
787
301
1202
1270
1172
507
854
752
1565
1465
27
1652
1603
61
1383
1320
1439
1473
423
921
1115
1509
1814
272
1294
1029
114
1953
148
776
1840
310
1021
1822
1961
913
369
1067
2001
873
1312
1660
280
1911
1210
523
1587
130
1871
1432
1286
1124
1611
806
1935
862
1107
1848
1180
1391
1856
1557
122
224
700
164
318
610
874
1584
1037
597
1431
1218
1013
1457
19
1278
220
1698
499
951
1368
768
760
1668
666
1481
326
431
1754
393
1909
1182
708
975
1766
1517
471
557
53
77
1495
587
977
644
533
636
1350
1732
433
1146
563
367
1581
674
288
742
1830
1523
1975
1077
887
730
1244
1003
1417
1188
824
262
937
407
83
911
798
1690
1342
1154
1621
186
344
13
1547
1455
1724
1886
1248
1393
100
1304
982
1157
493
1792
1897
1937
1043
1634
457
254
1999
832
1101
194
1784
872
327
974
556
1106
1287
522
165
1390
1823
1767
769
1699
863
1313
611
1661
498
319
225
1125
281
1849
1934
1755
430
667
392
2000
1066
807
1036
761
1610
950
1430
1279
1556
1516
123
1480
221
131
596
76
368
709
18
470
1369
1669
912
701
52
1910
1527
836
43
156
1211
1960
1456
1181
1857
1586
1012
1219
2003
2004
2005
2006
2007
2008
2009
2010
2011
2012
2013
2014
2015
2016
2017
2018
2019
2020
2021
2022
2023
2024
2025
2026
2027
2028
2029
2030
2031
2032
2033
2034
2035
2036
2037
2038
2039
2040
2041
2042
2043
2044
2045
2046
2047
2048
2049
2050
2051
2052
2053
2054
2055
2056
2057
2058
2059
2060
2061
2062
2063
2064
2065
2066
2067
2068
2069
2070
2071
2072
2073
2074
2075
2076
2077
2078
2079
2080
2081
2082
2083
2084
2085
2086
2087
2088
2089
2090
2091
2092
2093
2094
2095
2096
2097
2098
2099
2100
2101
2102
2103
2104
2105
2106
2107
2108
2109
2110
2111
2112
2113
2114
2115
2116
2117
2118
2119
2120
2121
2122
2123
2124
2125
2126
2127
2128
2129
2130
2131
2132
2133
2134
2135
2136
2137
2138
2139
2140
2141
2142
2143
2144
2145
2146
2147
2148
2149
2150
2151
2152
2153
2154
2155
2156
2157
2158
2159
2160
2161
2162
2163
2164
2165
2166
2167
2168
2169
2170
2171
2172
2173
2174
2175
2176
2177
2178
2179
2180
2181
2182
2183
2184
2185
2186
2187
2188
2189
2190
2191
2192
2193
2194
2195
2196
2197
2198
2199
2200
2201
2202
2203
2204
2205
2206
2207
2208
2209
2210
2211
2212
2213
2214
2215
2216
2217
2218
2219
2220
2221
2222
2223
2224
2225
2226
2227
2228
2229
2230
2231
2232
2233
2234
2235
2236
2237
2238
2239
2240
2241
2242
2243
2244
2245
2246
2247
2248
2249
2250
2251
2252
2253
2254
2255
2256
2257
2258
2259
2260
2261
2262
2263
2264
2265
2266
2267
2268
2269
2270
2271
2272
2273
2274
2275
2276
2277
2278
2279
2280
2281
2282
2283
2284
2285
2286
2287
2288
2289
2290
2291
2292
2293
2294
2295
2296
2297
2298
2299
2300
2301
2302
2303
2304
2305
2306
2307
2308
2309
2310
2311
2312
2313
2314
2315
2316
2317
2318
2319
2320
2321
2322
2323
2324
2325
2326
2327
2328
2329
2330
2331
2332
2333
2334
2335
2336
2337
2338
2339
2340
2341
2342
2343
2344
2345
2346
2347
2348
2349
2350
2351
2352
2353
2354
2355
2356
2357
2358
2359
2360
2361
2362
2363
2364
2365
2366
2367
2368
2369
2370
2371
2372
2373
2374
2375
2376
2377
2378
2379
2380
2381
2382
2383
2384
2385
2386
2387
2388
2389
2390
2391
2392
2393
2394
2395
2396
2397
2398
2399
2400
2401
2402
2403
2404
2405
2406
2407
2408
2409
2410
2411
2412
2413
2414
2415
2416
2417
2418
2419
2420
2421
2422
2423
2424
2425
2426
2427
2428
2429
2430
2431
2432
2433
2434
2435
2436
2437
2438
2439
2440
2441
2442
2443
2444
2445
2446
2447
2448
2449
2450
2451
2452
2453
2454
2455
2456
2457
2458
2459
2460
2461
2462
2463
2464
2465
2466
2467
2468
2469
2470
2471
2472
2473
2474
2475
2476
2477
2478
2479
2480
2481
2482
2483
2484
2485
2486
2487
2488
2489
2490
2491
2492
2493
2494
2495
2496
2497
2498
2499
2500
2501
2502
2503
2504
2505
2506
2507
2508
2509
2510
2511
2512
2513
2514
2515
2516
2517
2518
2519
2520
2521
2522
2523
2524
2525
2526
2527
2528
2529
2530
2531
2532
2533
2534
2535
2536
2537
2538
2539
2540
2541
2542
2543
2544
2545
2546
2547
2548
2549
2550
2551
2552
2553
2554
2555
2556
2557
2558
2559
2560
2561
2562
2563
2564
2565
2566
2567
2568
2569
2570
2571
2572
2573
2574
2575
2576
2577
2578
2579
2580
2581
2582
2583
2584
2585
2586
2587
2588
2589
2590
2591
2592
2593
2594
2595
2596
2597
2598
2599
2600
2601
2602
2603
2604
2605
2606
2607
2608
2609
2610
2611
2612
2613
2614
2615
2616
2617
2618
2619
2620
2621
2622
2623
2624
2625
2626
2627
2628
2629
2630
2631
2632
2633
2634
2635
2636
2637
2638
2639
2640
2641
2642
2643
2644
2645
2646
2647
2648
2649
2650
2651
2652
2653
2654
2655
2656
2657
2658
2659
2660
2661
2662
2663
2664
2665
2666
2667
2668
2669
2670
2671
2672
2673
2674
2675
2676
2677
2678
2679
2680
2681
2682
2683
2684
2685
2686
2687
2688
2689
2690
2691
2692
2693
2694
2695
2696
2697
2698
2699
2700
2701
2702
2703
2704
2705
2706
2707
2708
2709
2710
2711
2712
2713
2714
2715
2716
2717
2718
2719
2720
2721
2722
2723
2724
2725
2726
2727
2728
2729
2730
2731
2732
2733
2734
2735
2736
2737
2738
2739
2740
2741
2742
2743
2744
2745
2746
2747
2748
2749
2750
2751
2752
2753
2754
2755
2756
2757
2758
2759
2760
2761
2762
2763
2764
2765
2766
2767
2768
2769
2770
2771
2772
2773
2774
2775
2776
2777
2778
2779
2780
2781
2782
2783
2784
2785
2786
2787
2788
2789
2790
2791
2792
2793
2794
2795
2796
2797
2798
2799
2800
2801
2802
2803
2804
2805
2806
2807
2808
2809
2810
2811
2812
2813
2814
2815
2816
2817
2818
2819
2820
2821
2822
2823
2824
2825
2826
2827
2828
2829
2830
2831
2832
2833
2834
2835
2836
2837
2838
2839
2840
2841
2842
2843
2844
2845
2846
2847
2848
2849
2850
2851
2852
2853
2854
2855
2856
2857
2858
2859
2860
2861
2862
2863
2864
2865
2866
2867
2868
2869
2870
2871
2872
2873
2874
2875
2876
2877
2878
2879
2880
2881
2882
2883
2884
2885
2886
2887
2888
2889
2890
2891
2892
2893
2894
2895
2896
2897
2898
2899
2900
2901
2902
2903
2904
2905
2906
2907
2908
2909
2910
2911
2912
2913
2914
2915
2916
2917
2918
2919
2920
2921
2922
2923
2924
2925
2926
2927
2928
2929
2930
2931
2932
2933
2934
2935
2936
2937
2938
2939
2940
2941
2942
2943
2944
2945
2946
2947
2948
2949
2950
2951
2952
2953
2954
2955
2956
2957
2958
2959
2960
2961
2962
2963
2964
2965
2966
2967
2968
2969
2970
2971
2972
2973
2974
2975
2976
2977
2978
2979
2980
2981
2982
2983
2984
2985
2986
2987
2988
2989
2990
2991
2992
2993
2994
2995
2996
2997
2998
2999
3000
3001
3002
3003
3004
3005
3006
3007
3008
3009
3010
3011
3012
3013
3014
3015
3016
3017
3018
3019
3020
3021
3022
3023
3024
3025
3026
3027
3028
3029
3030
3031
3032
3033
3034
3035
3036
3037
3038
3039
3040
3041
3042
3043
3044
3045
3046
3047
3048
3049
3050
3051
3052
3053
3054
3055
3056
3057
3058
3059
3060
3061
3062
3063
3064
3065
3066
3067
3068
3069
3070
3071
3072
3073
3074
3075
3076
3077
3078
3079
3080
3081
3082
3083
3084
3085
3086
3087
3088
3089
3090
3091
3092
3093
3094
3095
3096
3097
3098
3099
3100
3101
3102
3103
3104
3105
3106
3107
3108
3109
3110
3111
3112
3113
3114
3115
3116
3117
3118
3119
3120
3121
3122
3123
3124
3125
3126
3127
3128
3129
3130
3131
3132
3133
3134
3135
3136
3137
3138
3139
3140
3141
3142
3143
3144
3145
3146
3147
3148
3149
3150
3151
3152
3153
3154
3155
3156
3157
3158
3159
3160
3161
3162
3163
3164
3165
3166
3167
3168
3169
3170
3171
3172
3173
3174
3175
3176
3177
3178
3179
3180
3181
3182
3183
3184
3185
3186
3187
3188
3189
3190
3191
3192
3193
3194
3195
3196
3197
3198
3199
3200
3201
3202
3203
3204
3205
3206
3207
3208
3209
3210
3211
3212
3213
3214
3215
3216
3217
3218
3219
3220
3221
3222
3223
3224
3225
3226
3227
3228
3229
3230
3231
3232
3233
3234
3235
3236
3237
3238
3239
3240
3241
3242
3243
3244
3245
3246
3247
3248
3249
3250
3251
3252
3253
3254
3255
3256
3257
3258
3259
3260
3261
3262
3263
3264
3265
3266
3267
3268
3269
3270
3271
3272
3273
3274
3275
3276
3277
3278
3279
3280
3281
3282
3283
3284
3285
3286
3287
3288
3289
3290
3291
3292
3293
3294
3295
3296
3297
3298
3299
3300
3301
3302
3303
3304
3305
3306
3307
3308
3309
3310
3311
3312
3313
3314
3315
3316
3317
3318
3319
3320
3321
3322
3323
3324
3325
3326
3327
3328
3329
3330
3331
3332
3333
3334
3335
3336
3337
3338
3339
3340
3341
3342
3343
3344
3345
3346
3347
3348
3349
3350
3351
3352
3353
3354
3355
3356
3357
3358
3359
3360
3361
3362
3363
3364
3365
3366
3367
3368
3369
3370
3371
3372
3373
3374
3375
3376
3377
3378
3379
3380
3381
3382
3383
3384
3385
3386
3387
3388
3389
3390
3391
3392
3393
3394
3395
3396
3397
3398
3399
3400
3401
3402
3403
3404
3405
3406
3407
3408
3409
3410
3411
3412
3413
3414
3415
3416
3417
3418
3419
3420
3421
3422
3423
3424
3425
3426
3427
3428
3429
3430
3431
3432
3433
3434
3435
3436
3437
3438
3439
3440
3441
3442
3443
3444
3445
3446
3447
3448
3449
3450
3451
3452
3453
3454
3455
3456
3457
3458
3459
3460
3461
3462
3463
3464
3465
3466
3467
3468
3469
3470
3471
3472
3473
3474
3475
3476
3477
3478
3479
3480
3481
3482
3483
3484
3485
3486
3487
3488
3489
3490
3491
3492
3493
3494
3495
3496
3497
3498
3499
3500
3501
3502
3503
3504
3505
3506
3507
3508
3509
3510
3511
3512
3513
3514
3515
3516
3517
3518
3519
3520
3521
3522
3523
3524
3525
3526
3527
3528
3529
3530
3531
3532
3533
3534
3535
3536
3537
3538
3539
3540
3541
3542
3543
3544
3545
3546
3547
3548
3549
3550
3551
3552
3553
3554
3555
3556
3557
3558
3559
3560
3561
3562
3563
3564
3565
3566
3567
3568
3569
3570
3571
3572
3573
3574
3575
3576
3577
3578
3579
3580
3581
3582
3583
3584
3585
3586
3587
3588
3589
3590
3591
3592
3593
3594
3595
3596
3597
3598
3599
3600
3601
3602
3603
3604
3605
3606
3607
3608
3609
3610
3611
3612
3613
3614
3615
3616
3617
3618
3619
3620
3621
3622
3623
3624
3625
3626
3627
3628
3629
3630
3631
3632
3633
3634
3635
3636
3637
3638
3639
3640
3641
3642
3643
3644
3645
3646
3647
3648
3649
3650
3651
3652
3653
3654
3655
3656
3657
3658
3659
3660
3661
3662
3663
3664
3665
3666
3667
3668
3669
3670
3671
3672
3673
3674
3675
3676
3677
3678
3679
3680
3681
3682
3683
3684
3685
3686
3687
3688
3689
3690
3691
3692
3693
3694
3695
3696
3697
3698
3699
3700
3701
3702
3703
3704
3705
3706
3707
3708
3709
3710
3711
3712
3713
3714
3715
3716
3717
3718
3719
3720
3721
3722
3723
3724
3725
3726
3727
3728
3729
3730
3731
3732
3733
3734
3735
3736
3737
3738
3739
3740
3741
3742
3743
3744
3745
3746
3747
3748
3749
3750
3751
3752
3753
3754
3755
3756
3757
3758
3759
3760
3761
3762
3763
3764
3765
3766
3767
3768
3769
3770
3771
3772
3773
3774
3775
3776
3777
3778
3779
3780
3781
3782
3783
3784
3785
3786
3787
3788
3789
3790
3791
3792
3793
3794
3795
3796
3797
3798
3799
3800
3801
3802
3803
3804
3805
3806
3807
3808
3809
3810
3811
3812
3813
3814
3815
3816
3817
3818
3819
3820
3821
3822
3823
3824
3825
3826
3827
3828
3829
3830
3831
3832
3833
3834
3835
3836
3837
3838
3839
3840
3841
3842
3843
3844
3845
3846
3847
3848
3849
3850
3851
3852
3853
3854
3855
3856
3857
3858
3859
3860
3861
3862
3863
3864
3865
3866
3867
3868
3869
3870
3871
3872
3873
3874
3875
3876
3877
3878
3879
3880
3881
3882
3883
3884
3885
3886
3887
3888
3889
3890
3891
3892
3893
3894
3895
3896
3897
3898
3899
3900
3901
3902
3903
3904
3905
3906
3907
3908
3909
3910
3911
3912
3913
3914
3915
3916
3917
3918
3919
3920
3921
3922
3923
3924
3925
3926
3927
3928
3929
3930
3931
3932
3933
3934
3935
3936
3937
3938
3939
3940
3941
3942
3943
3944
3945
3946
3947
3948
3949
3950
3951
3952
3953
3954
3955
3956
3957
3958
3959
3960
3961
3962
3963
3964
3965
3966
3967
3968
3969
3970
3971
3972
3973
3974
3975
3976
3977
3978
3979
3980
3981
3982
3983
3984
3985
3986
3987
3988
3989
3990
3991
3992
3993
3994
3995
3996
3997
3998
3999
4000
4001
4002
4003
4004
4005
4006
4007
4008
4009
4010
4011
4012
4013
4014
4015
4016
4017
4018
4019
4020
4021
4022
4023
4024
4025
4026
4027
4028
4029
4030
4031
4032
4033
4034
4035
4036
4037
4038
4039
4040
4041
4042
4043
4044
4045
4046
4047
4048
4049
4050
4051
4052
4053
4054
4055
4056
4057
4058
4059
4060
4061
4062
4063
4064
4065
4066
4067
4068
4069
4070
4071
4072
4073
4074
4075
4076
4077
4078
4079
4080
4081
4082
4083
4084
4085
4086
4087
4088
4089
4090
4091
4092
4093
4094
4095