16384,31, [(0, 1, 0)]
16385,31, [(0, 2, 0)]
16386,31, [(0, 3, 0)]
16387,31, [(0, 0, 0)]
16388,31, [(0, 5, 0)]
16389,31, [(0, 6, 0)]
16390,31, [(0, 7, 0)]
16391,31, [(0, 4, 0)]
16512,31, [(1, 0, 1)]
16513,31, [(1, 1, 1)]
16514,31, [(1, 2, 1)]
16515,31, [(1, 3, 1)]
16516,31, [(1, 4, 1)]
16517,31, [(1, 5, 1)]
16518,31, [(1, 6, 1)]
16519,31, [(1, 7, 1)]
16640,31, [(2, 0, 2)]
16641,31, [(2, 1, 2)]
16642,31, [(2, 2, 2)]
16643,31, [(2, 3, 2)]
16644,31, [(2, 4, 2)]
16645,31, [(2, 5, 2)]
16646,31, [(2, 6, 2)]
16647,31, [(2, 7, 2)]
16768,31, [(3, 0, 3)]
16769,31, [(3, 1, 3)]
16770,31, [(3, 2, 3)]
16771,31, [(3, 3, 3)]
16772,31, [(3, 4, 3)]
16773,31, [(3, 5, 3)]
16774,31, [(3, 6, 3)]
16775,31, [(3, 7, 3)]
16896,31, [(4, 0, 4)]
16897,31, [(4, 1, 4)]
16898,31, [(4, 2, 4)]
16899,31, [(4, 3, 4)]
16900,31, [(4, 4, 4)]
16901,31, [(4, 5, 4)]
16902,31, [(4, 6, 4)]
16903,31, [(4, 7, 4)]
17024,31, [(5, 0, 5)]
17025,31, [(5, 1, 5)]
17026,31, [(5, 2, 5)]
17027,31, [(5, 3, 5)]
17028,31, [(5, 4, 5)]
17029,31, [(5, 5, 5)]
17030,31, [(5, 6, 5)]
17031,31, [(5, 7, 5)]
17152,31, [(6, 0, 6)]
17153,31, [(6, 1, 6)]
17154,31, [(6, 2, 6)]
17155,31, [(6, 3, 6)]
17156,31, [(6, 4, 6)]
17157,31, [(6, 5, 6)]
17158,31, [(6, 6, 6)]
17159,31, [(6, 7, 6)]
17280,31, [(7, 0, 7)]
17281,31, [(7, 1, 7)]
17282,31, [(7, 2, 7)]
17283,31, [(7, 3, 7)]
17284,31, [(7, 4, 7)]
17285,31, [(7, 5, 7)]
17286,31, [(7, 6, 7)]
17287,31, [(7, 7, 7)]
17408,31, [(8, 0, 8)]
17409,31, [(8, 1, 8)]
17410,31, [(8, 2, 8)]
17411,31, [(8, 3, 8)]
17412,31, [(8, 4, 8)]
17413,31, [(8, 5, 8)]
17414,31, [(8, 6, 8)]
17415,31, [(8, 7, 8)]
17536,31, [(9, 0, 9)]
17537,31, [(9, 1, 9)]
17538,31, [(9, 2, 9)]
17539,31, [(9, 3, 9)]
17540,31, [(9, 4, 9)]
17541,31, [(9, 5, 9)]
17542,31, [(9, 6, 9)]
17543,31, [(9, 7, 9)]
17664,31, [(10, 0, 10)]
17665,31, [(10, 1, 10)]
17666,31, [(10, 2, 10)]
17667,31, [(10, 3, 10)]
17668,31, [(10, 4, 10)]
17669,31, [(10, 5, 10)]
17670,31, [(10, 6, 10)]
17671,31, [(10, 7, 10)]
17792,31, [(11, 0, 11)]
17793,31, [(11, 1, 11)]
17794,31, [(11, 2, 11)]
17795,31, [(11, 3, 11)]
17796,31, [(11, 4, 11)]
17797,31, [(11, 5, 11)]
17798,31, [(11, 6, 11)]
17799,31, [(11, 7, 11)]
17920,31, [(12, 0, 12)]
17921,31, [(12, 1, 12)]
17922,31, [(12, 2, 12)]
17923,31, [(12, 3, 12)]
17924,31, [(12, 4, 12)]
17925,31, [(12, 5, 12)]
17926,31, [(12, 6, 12)]
17927,31, [(12, 7, 12)]
18048,31, [(13, 0, 13)]
18049,31, [(13, 1, 13)]
18050,31, [(13, 2, 13)]
18051,31, [(13, 3, 13)]
18052,31, [(13, 4, 13)]
18053,31, [(13, 5, 13)]
18054,31, [(13, 6, 13)]
18055,31, [(13, 7, 13)]
18176,31, [(14, 0, 14)]
18177,31, [(14, 1, 14)]
18178,31, [(14, 2, 14)]
18179,31, [(14, 3, 14)]
18180,31, [(14, 4, 14)]
18181,31, [(14, 5, 14)]
18182,31, [(14, 6, 14)]
18183,31, [(14, 7, 14)]
18304,31, [(15, 0, 15)]
18305,31, [(15, 1, 15)]
18306,31, [(15, 2, 15)]
18307,31, [(15, 3, 15)]
18308,31, [(15, 4, 15)]
18309,31, [(15, 5, 15)]
18310,31, [(15, 6, 15)]
18311,31, [(15, 7, 15)]
18432,31, [(16, 0, 16)]
18433,31, [(16, 1, 16)]
18434,31, [(16, 2, 16)]
18435,31, [(16, 3, 16)]
18436,31, [(16, 4, 16)]
18437,31, [(16, 5, 16)]
18438,31, [(16, 6, 16)]
18439,31, [(16, 7, 16)]
18560,31, [(17, 0, 17)]
18561,31, [(17, 1, 17)]
18562,31, [(17, 2, 17)]
18563,31, [(17, 3, 17)]
18564,31, [(17, 4, 17)]
18565,31, [(17, 5, 17)]
18566,31, [(17, 6, 17)]
18567,31, [(17, 7, 17)]
18688,31, [(18, 0, 18)]
18689,31, [(18, 1, 18)]
18690,31, [(18, 2, 18)]
18691,31, [(18, 3, 18)]
18692,31, [(18, 4, 18)]
18693,31, [(18, 5, 18)]
18694,31, [(18, 6, 18)]
18695,31, [(18, 7, 18)]
18816,31, [(19, 0, 19)]
18817,31, [(19, 1, 19)]
18818,31, [(19, 2, 19)]
18819,31, [(19, 3, 19)]
18820,31, [(19, 4, 19)]
18821,31, [(19, 5, 19)]
18822,31, [(19, 6, 19)]
18823,31, [(19, 7, 19)]
18944,31, [(20, 10, 0)]
18945,31, [(20, 11, 0)]
18946,31, [(20, 8, 0)]
18947,31, [(20, 9, 0)]
18948,31, [(20, 14, 0)]
18949,31, [(20, 15, 0)]
18950,31, [(20, 12, 0)]
18951,31, [(20, 13, 0)]
19072,31, [(21, 9, 1)]
19073,31, [(21, 10, 1)]
19074,31, [(21, 11, 1)]
19075,31, [(21, 8, 1)]
19076,31, [(21, 13, 1)]
19077,31, [(21, 14, 1)]
19078,31, [(21, 15, 1)]
19079,31, [(21, 12, 1)]
19200,31, [(22, 9, 2)]
19201,31, [(22, 10, 2)]
19202,31, [(22, 11, 2)]
19203,31, [(22, 8, 2)]
19204,31, [(22, 13, 2)]
19205,31, [(22, 14, 2)]
19206,31, [(22, 15, 2)]
19207,31, [(22, 12, 2)]
19328,31, [(23, 9, 3)]
19329,31, [(23, 10, 3)]
19330,31, [(23, 11, 3)]
19331,31, [(23, 8, 3)]
19332,31, [(23, 13, 3)]
19333,31, [(23, 14, 3)]
19334,31, [(23, 15, 3)]
19335,31, [(23, 12, 3)]
19456,31, [(24, 9, 4)]
19457,31, [(24, 10, 4)]
19458,31, [(24, 11, 4)]
19459,31, [(24, 8, 4)]
19460,31, [(24, 13, 4)]
19461,31, [(24, 14, 4)]
19462,31, [(24, 15, 4)]
19463,31, [(24, 12, 4)]
19584,31, [(25, 9, 5)]
19585,31, [(25, 10, 5)]
19586,31, [(25, 11, 5)]
19587,31, [(25, 8, 5)]
19588,31, [(25, 13, 5)]
19589,31, [(25, 14, 5)]
19590,31, [(25, 15, 5)]
19591,31, [(25, 12, 5)]
19712,31, [(26, 9, 6)]
19713,31, [(26, 10, 6)]
19714,31, [(26, 11, 6)]
19715,31, [(26, 8, 6)]
19716,31, [(26, 13, 6)]
19717,31, [(26, 14, 6)]
19718,31, [(26, 15, 6)]
19719,31, [(26, 12, 6)]
19840,31, [(27, 9, 7)]
19841,31, [(27, 10, 7)]
19842,31, [(27, 11, 7)]
19843,31, [(27, 8, 7)]
19844,31, [(27, 13, 7)]
19845,31, [(27, 14, 7)]
19846,31, [(27, 15, 7)]
19847,31, [(27, 12, 7)]
19968,31, [(28, 9, 8)]
19969,31, [(28, 10, 8)]
19970,31, [(28, 11, 8)]
19971,31, [(28, 8, 8)]
19972,31, [(28, 13, 8)]
19973,31, [(28, 14, 8)]
19974,31, [(28, 15, 8)]
19975,31, [(28, 12, 8)]
20096,31, [(29, 9, 9)]
20097,31, [(29, 10, 9)]
20098,31, [(29, 11, 9)]
20099,31, [(29, 8, 9)]
20100,31, [(29, 13, 9)]
20101,31, [(29, 14, 9)]
20102,31, [(29, 15, 9)]
20103,31, [(29, 12, 9)]
20224,31, [(30, 9, 10)]
20225,31, [(30, 10, 10)]
20226,31, [(30, 11, 10)]
20227,31, [(30, 8, 10)]
20228,31, [(30, 13, 10)]
20229,31, [(30, 14, 10)]
20230,31, [(30, 15, 10)]
20231,31, [(30, 12, 10)]
20352,31, [(31, 9, 11)]
20353,31, [(31, 10, 11)]
20354,31, [(31, 11, 11)]
20355,31, [(31, 8, 11)]
20356,31, [(31, 13, 11)]
20357,31, [(31, 14, 11)]
20358,31, [(31, 15, 11)]
20359,31, [(31, 12, 11)]
20480,31, [(32, 9, 12)]
20481,31, [(32, 10, 12)]
20482,31, [(32, 11, 12)]
20483,31, [(32, 8, 12)]
20484,31, [(32, 13, 12)]
20485,31, [(32, 14, 12)]
20486,31, [(32, 15, 12)]
20487,31, [(32, 12, 12)]
20608,31, [(33, 9, 13)]
20609,31, [(33, 10, 13)]
20610,31, [(33, 11, 13)]
20611,31, [(33, 8, 13)]
20612,31, [(33, 13, 13)]
20613,31, [(33, 14, 13)]
20614,31, [(33, 15, 13)]
20615,31, [(33, 12, 13)]
20736,31, [(34, 9, 14)]
20737,31, [(34, 10, 14)]
20738,31, [(34, 11, 14)]
20739,31, [(34, 8, 14)]
20740,31, [(34, 13, 14)]
20741,31, [(34, 14, 14)]
20742,31, [(34, 15, 14)]
20743,31, [(34, 12, 14)]
20864,31, [(35, 9, 15)]
20865,31, [(35, 10, 15)]
20866,31, [(35, 11, 15)]
20867,31, [(35, 8, 15)]
20868,31, [(35, 13, 15)]
20869,31, [(35, 14, 15)]
20870,31, [(35, 15, 15)]
20871,31, [(35, 12, 15)]
20992,31, [(36, 9, 16)]
20993,31, [(36, 10, 16)]
20994,31, [(36, 11, 16)]
20995,31, [(36, 8, 16)]
20996,31, [(36, 13, 16)]
20997,31, [(36, 14, 16)]
20998,31, [(36, 15, 16)]
20999,31, [(36, 12, 16)]
21120,31, [(37, 9, 17)]
21121,31, [(37, 10, 17)]
21122,31, [(37, 11, 17)]
21123,31, [(37, 8, 17)]
21124,31, [(37, 13, 17)]
21125,31, [(37, 14, 17)]
21126,31, [(37, 15, 17)]
21127,31, [(37, 12, 17)]
21248,31, [(38, 9, 18)]
21249,31, [(38, 10, 18)]
21250,31, [(38, 11, 18)]
21251,31, [(38, 8, 18)]
21252,31, [(38, 13, 18)]
21253,31, [(38, 14, 18)]
21254,31, [(38, 15, 18)]
21255,31, [(38, 12, 18)]
21376,31, [(39, 9, 19)]
21377,31, [(39, 10, 19)]
21378,31, [(39, 11, 19)]
21379,31, [(39, 8, 19)]
21380,31, [(39, 13, 19)]
21381,31, [(39, 14, 19)]
21382,31, [(39, 15, 19)]
21383,31, [(39, 12, 19)]
21504,31, [(40, 19, 0)]
21505,31, [(40, 16, 0)]
21506,31, [(40, 17, 0)]
21507,31, [(40, 18, 0)]
21508,31, [(40, 23, 0)]
21509,31, [(40, 20, 0)]
21510,31, [(40, 21, 0)]
21511,31, [(40, 22, 0)]
21632,31, [(41, 18, 1)]
21633,31, [(41, 19, 1)]
21634,31, [(41, 16, 1)]
21635,31, [(41, 17, 1)]
21636,31, [(41, 22, 1)]
21637,31, [(41, 23, 1)]
21638,31, [(41, 20, 1)]
21639,31, [(41, 21, 1)]
21760,31, [(42, 18, 2)]
21761,31, [(42, 19, 2)]
21762,31, [(42, 16, 2)]
21763,31, [(42, 17, 2)]
21764,31, [(42, 22, 2)]
21765,31, [(42, 23, 2)]
21766,31, [(42, 20, 2)]
21767,31, [(42, 21, 2)]
21888,31, [(43, 18, 3)]
21889,31, [(43, 19, 3)]
21890,31, [(43, 16, 3)]
21891,31, [(43, 17, 3)]
21892,31, [(43, 22, 3)]
21893,31, [(43, 23, 3)]
21894,31, [(43, 20, 3)]
21895,31, [(43, 21, 3)]
22016,31, [(44, 18, 4)]
22017,31, [(44, 19, 4)]
22018,31, [(44, 16, 4)]
22019,31, [(44, 17, 4)]
22020,31, [(44, 22, 4)]
22021,31, [(44, 23, 4)]
22022,31, [(44, 20, 4)]
22023,31, [(44, 21, 4)]
22144,31, [(45, 18, 5)]
22145,31, [(45, 19, 5)]
22146,31, [(45, 16, 5)]
22147,31, [(45, 17, 5)]
22148,31, [(45, 22, 5)]
22149,31, [(45, 23, 5)]
22150,31, [(45, 20, 5)]
22151,31, [(45, 21, 5)]
22272,31, [(46, 18, 6)]
22273,31, [(46, 19, 6)]
22274,31, [(46, 16, 6)]
22275,31, [(46, 17, 6)]
22276,31, [(46, 22, 6)]
22277,31, [(46, 23, 6)]
22278,31, [(46, 20, 6)]
22279,31, [(46, 21, 6)]
22400,31, [(47, 18, 7)]
22401,31, [(47, 19, 7)]
22402,31, [(47, 16, 7)]
22403,31, [(47, 17, 7)]
22404,31, [(47, 22, 7)]
22405,31, [(47, 23, 7)]
22406,31, [(47, 20, 7)]
22407,31, [(47, 21, 7)]
22528,31, [(48, 18, 8)]
22529,31, [(48, 19, 8)]
22530,31, [(48, 16, 8)]
22531,31, [(48, 17, 8)]
22532,31, [(48, 22, 8)]
22533,31, [(48, 23, 8)]
22534,31, [(48, 20, 8)]
22535,31, [(48, 21, 8)]
22656,31, [(49, 18, 9)]
22657,31, [(49, 19, 9)]
22658,31, [(49, 16, 9)]
22659,31, [(49, 17, 9)]
22660,31, [(49, 22, 9)]
22661,31, [(49, 23, 9)]
22662,31, [(49, 20, 9)]
22663,31, [(49, 21, 9)]
22784,31, [(50, 18, 10)]
22785,31, [(50, 19, 10)]
22786,31, [(50, 16, 10)]
22787,31, [(50, 17, 10)]
22788,31, [(50, 22, 10)]
22789,31, [(50, 23, 10)]
22790,31, [(50, 20, 10)]
22791,31, [(50, 21, 10)]
22912,31, [(51, 18, 11)]
22913,31, [(51, 19, 11)]
22914,31, [(51, 16, 11)]
22915,31, [(51, 17, 11)]
22916,31, [(51, 22, 11)]
22917,31, [(51, 23, 11)]
22918,31, [(51, 20, 11)]
22919,31, [(51, 21, 11)]
23040,31, [(52, 18, 12)]
23041,31, [(52, 19, 12)]
23042,31, [(52, 16, 12)]
23043,31, [(52, 17, 12)]
23044,31, [(52, 22, 12)]
23045,31, [(52, 23, 12)]
23046,31, [(52, 20, 12)]
23047,31, [(52, 21, 12)]
23168,31, [(53, 18, 13)]
23169,31, [(53, 19, 13)]
23170,31, [(53, 16, 13)]
23171,31, [(53, 17, 13)]
23172,31, [(53, 22, 13)]
23173,31, [(53, 23, 13)]
23174,31, [(53, 20, 13)]
23175,31, [(53, 21, 13)]
23296,31, [(54, 18, 14)]
23297,31, [(54, 19, 14)]
23298,31, [(54, 16, 14)]
23299,31, [(54, 17, 14)]
23300,31, [(54, 22, 14)]
23301,31, [(54, 23, 14)]
23302,31, [(54, 20, 14)]
23303,31, [(54, 21, 14)]
23424,31, [(55, 18, 15)]
23425,31, [(55, 19, 15)]
23426,31, [(55, 16, 15)]
23427,31, [(55, 17, 15)]
23428,31, [(55, 22, 15)]
23429,31, [(55, 23, 15)]
23430,31, [(55, 20, 15)]
23431,31, [(55, 21, 15)]
23552,31, [(56, 18, 16)]
23553,31, [(56, 19, 16)]
23554,31, [(56, 16, 16)]
23555,31, [(56, 17, 16)]
23556,31, [(56, 22, 16)]
23557,31, [(56, 23, 16)]
23558,31, [(56, 20, 16)]
23559,31, [(56, 21, 16)]
23680,31, [(57, 18, 17)]
23681,31, [(57, 19, 17)]
23682,31, [(57, 16, 17)]
23683,31, [(57, 17, 17)]
23684,31, [(57, 22, 17)]
23685,31, [(57, 23, 17)]
23686,31, [(57, 20, 17)]
23687,31, [(57, 21, 17)]
23808,31, [(58, 18, 18)]
23809,31, [(58, 19, 18)]
23810,31, [(58, 16, 18)]
23811,31, [(58, 17, 18)]
23812,31, [(58, 22, 18)]
23813,31, [(58, 23, 18)]
23814,31, [(58, 20, 18)]
23815,31, [(58, 21, 18)]
23936,31, [(59, 18, 19)]
23937,31, [(59, 19, 19)]
23938,31, [(59, 16, 19)]
23939,31, [(59, 17, 19)]
23940,31, [(59, 22, 19)]
23941,31, [(59, 23, 19)]
23942,31, [(59, 20, 19)]
23943,31, [(59, 21, 19)]
24064,31, [(60, 24, 0)]
24065,31, [(60, 25, 0)]
24066,31, [(60, 26, 0)]
24067,31, [(60, 27, 0)]
24068,31, [(60, 28, 0)]
24069,31, [(60, 29, 0)]
24070,31, [(60, 30, 0)]
24071,31, [(60, 31, 0)]
24192,31, [(61, 27, 1)]
24193,31, [(61, 24, 1)]
24194,31, [(61, 25, 1)]
24195,31, [(61, 26, 1)]
24196,31, [(61, 31, 1)]
24197,31, [(61, 28, 1)]
24198,31, [(61, 29, 1)]
24199,31, [(61, 30, 1)]
24320,31, [(62, 27, 2)]
24321,31, [(62, 24, 2)]
24322,31, [(62, 25, 2)]
24323,31, [(62, 26, 2)]
24324,31, [(62, 31, 2)]
24325,31, [(62, 28, 2)]
24326,31, [(62, 29, 2)]
24327,31, [(62, 30, 2)]
24448,31, [(63, 27, 3)]
24449,31, [(63, 24, 3)]
24450,31, [(63, 25, 3)]
24451,31, [(63, 26, 3)]
24452,31, [(63, 31, 3)]
24453,31, [(63, 28, 3)]
24454,31, [(63, 29, 3)]
24455,31, [(63, 30, 3)]
24576,31, [(64, 27, 4)]
24577,31, [(64, 24, 4)]
24578,31, [(64, 25, 4)]
24579,31, [(64, 26, 4)]
24580,31, [(64, 31, 4)]
24581,31, [(64, 28, 4)]
24582,31, [(64, 29, 4)]
24583,31, [(64, 30, 4)]
24704,31, [(65, 27, 5)]
24705,31, [(65, 24, 5)]
24706,31, [(65, 25, 5)]
24707,31, [(65, 26, 5)]
24708,31, [(65, 31, 5)]
24709,31, [(65, 28, 5)]
24710,31, [(65, 29, 5)]
24711,31, [(65, 30, 5)]
24832,31, [(66, 27, 6)]
24833,31, [(66, 24, 6)]
24834,31, [(66, 25, 6)]
24835,31, [(66, 26, 6)]
24836,31, [(66, 31, 6)]
24837,31, [(66, 28, 6)]
24838,31, [(66, 29, 6)]
24839,31, [(66, 30, 6)]
24960,31, [(67, 27, 7)]
24961,31, [(67, 24, 7)]
24962,31, [(67, 25, 7)]
24963,31, [(67, 26, 7)]
24964,31, [(67, 31, 7)]
24965,31, [(67, 28, 7)]
24966,31, [(67, 29, 7)]
24967,31, [(67, 30, 7)]
25088,31, [(68, 27, 8)]
25089,31, [(68, 24, 8)]
25090,31, [(68, 25, 8)]
25091,31, [(68, 26, 8)]
25092,31, [(68, 31, 8)]
25093,31, [(68, 28, 8)]
25094,31, [(68, 29, 8)]
25095,31, [(68, 30, 8)]
25216,31, [(69, 27, 9)]
25217,31, [(69, 24, 9)]
25218,31, [(69, 25, 9)]
25219,31, [(69, 26, 9)]
25220,31, [(69, 31, 9)]
25221,31, [(69, 28, 9)]
25222,31, [(69, 29, 9)]
25223,31, [(69, 30, 9)]
25344,31, [(70, 27, 10)]
25345,31, [(70, 24, 10)]
25346,31, [(70, 25, 10)]
25347,31, [(70, 26, 10)]
25348,31, [(70, 31, 10)]
25349,31, [(70, 28, 10)]
25350,31, [(70, 29, 10)]
25351,31, [(70, 30, 10)]
25472,31, [(71, 27, 11)]
25473,31, [(71, 24, 11)]
25474,31, [(71, 25, 11)]
25475,31, [(71, 26, 11)]
25476,31, [(71, 31, 11)]
25477,31, [(71, 28, 11)]
25478,31, [(71, 29, 11)]
25479,31, [(71, 30, 11)]
25600,31, [(72, 27, 12)]
25601,31, [(72, 24, 12)]
25602,31, [(72, 25, 12)]
25603,31, [(72, 26, 12)]
25604,31, [(72, 31, 12)]
25605,31, [(72, 28, 12)]
25606,31, [(72, 29, 12)]
25607,31, [(72, 30, 12)]
25728,31, [(73, 27, 13)]
25729,31, [(73, 24, 13)]
25730,31, [(73, 25, 13)]
25731,31, [(73, 26, 13)]
25732,31, [(73, 31, 13)]
25733,31, [(73, 28, 13)]
25734,31, [(73, 29, 13)]
25735,31, [(73, 30, 13)]
25856,31, [(74, 27, 14)]
25857,31, [(74, 24, 14)]
25858,31, [(74, 25, 14)]
25859,31, [(74, 26, 14)]
25860,31, [(74, 31, 14)]
25861,31, [(74, 28, 14)]
25862,31, [(74, 29, 14)]
25863,31, [(74, 30, 14)]
25984,31, [(75, 27, 15)]
25985,31, [(75, 24, 15)]
25986,31, [(75, 25, 15)]
25987,31, [(75, 26, 15)]
25988,31, [(75, 31, 15)]
25989,31, [(75, 28, 15)]
25990,31, [(75, 29, 15)]
25991,31, [(75, 30, 15)]
26112,31, [(76, 27, 16)]
26113,31, [(76, 24, 16)]
26114,31, [(76, 25, 16)]
26115,31, [(76, 26, 16)]
26116,31, [(76, 31, 16)]
26117,31, [(76, 28, 16)]
26118,31, [(76, 29, 16)]
26119,31, [(76, 30, 16)]
26240,31, [(77, 27, 17)]
26241,31, [(77, 24, 17)]
26242,31, [(77, 25, 17)]
26243,31, [(77, 26, 17)]
26244,31, [(77, 31, 17)]
26245,31, [(77, 28, 17)]
26246,31, [(77, 29, 17)]
26247,31, [(77, 30, 17)]
26368,31, [(78, 27, 18)]
26369,31, [(78, 24, 18)]
26370,31, [(78, 25, 18)]
26371,31, [(78, 26, 18)]
26372,31, [(78, 31, 18)]
26373,31, [(78, 28, 18)]
26374,31, [(78, 29, 18)]
26375,31, [(78, 30, 18)]
26496,31, [(79, 27, 19)]
26497,31, [(79, 24, 19)]
26498,31, [(79, 25, 19)]
26499,31, [(79, 26, 19)]
26500,31, [(79, 31, 19)]
26501,31, [(79, 28, 19)]
26502,31, [(79, 29, 19)]
26503,31, [(79, 30, 19)]
26624,31, [(80, 33, 0)]
26625,31, [(80, 34, 0)]
26626,31, [(80, 35, 0)]
26627,31, [(80, 32, 0)]
26628,31, [(80, 37, 0)]
26629,31, [(80, 38, 0)]
26630,31, [(80, 39, 0)]
26631,31, [(80, 36, 0)]
26752,31, [(81, 32, 1)]
26753,31, [(81, 33, 1)]
26754,31, [(81, 34, 1)]
26755,31, [(81, 35, 1)]
26756,31, [(81, 36, 1)]
26757,31, [(81, 37, 1)]
26758,31, [(81, 38, 1)]
26759,31, [(81, 39, 1)]
26880,31, [(82, 32, 2)]
26881,31, [(82, 33, 2)]
26882,31, [(82, 34, 2)]
26883,31, [(82, 35, 2)]
26884,31, [(82, 36, 2)]
26885,31, [(82, 37, 2)]
26886,31, [(82, 38, 2)]
26887,31, [(82, 39, 2)]
27008,31, [(83, 32, 3)]
27009,31, [(83, 33, 3)]
27010,31, [(83, 34, 3)]
27011,31, [(83, 35, 3)]
27012,31, [(83, 36, 3)]
27013,31, [(83, 37, 3)]
27014,31, [(83, 38, 3)]
27015,31, [(83, 39, 3)]
27136,31, [(84, 32, 4)]
27137,31, [(84, 33, 4)]
27138,31, [(84, 34, 4)]
27139,31, [(84, 35, 4)]
27140,31, [(84, 36, 4)]
27141,31, [(84, 37, 4)]
27142,31, [(84, 38, 4)]
27143,31, [(84, 39, 4)]
27264,31, [(85, 32, 5)]
27265,31, [(85, 33, 5)]
27266,31, [(85, 34, 5)]
27267,31, [(85, 35, 5)]
27268,31, [(85, 36, 5)]
27269,31, [(85, 37, 5)]
27270,31, [(85, 38, 5)]
27271,31, [(85, 39, 5)]
27392,31, [(86, 32, 6)]
27393,31, [(86, 33, 6)]
27394,31, [(86, 34, 6)]
27395,31, [(86, 35, 6)]
27396,31, [(86, 36, 6)]
27397,31, [(86, 37, 6)]
27398,31, [(86, 38, 6)]
27399,31, [(86, 39, 6)]
27520,31, [(87, 32, 7)]
27521,31, [(87, 33, 7)]
27522,31, [(87, 34, 7)]
27523,31, [(87, 35, 7)]
27524,31, [(87, 36, 7)]
27525,31, [(87, 37, 7)]
27526,31, [(87, 38, 7)]
27527,31, [(87, 39, 7)]
27648,31, [(88, 32, 8)]
27649,31, [(88, 33, 8)]
27650,31, [(88, 34, 8)]
27651,31, [(88, 35, 8)]
27652,31, [(88, 36, 8)]
27653,31, [(88, 37, 8)]
27654,31, [(88, 38, 8)]
27655,31, [(88, 39, 8)]
27776,31, [(89, 32, 9)]
27777,31, [(89, 33, 9)]
27778,31, [(89, 34, 9)]
27779,31, [(89, 35, 9)]
27780,31, [(89, 36, 9)]
27781,31, [(89, 37, 9)]
27782,31, [(89, 38, 9)]
27783,31, [(89, 39, 9)]
27904,31, [(90, 32, 10)]
27905,31, [(90, 33, 10)]
27906,31, [(90, 34, 10)]
27907,31, [(90, 35, 10)]
27908,31, [(90, 36, 10)]
27909,31, [(90, 37, 10)]
27910,31, [(90, 38, 10)]
27911,31, [(90, 39, 10)]
28032,31, [(91, 32, 11)]
28033,31, [(91, 33, 11)]
28034,31, [(91, 34, 11)]
28035,31, [(91, 35, 11)]
28036,31, [(91, 36, 11)]
28037,31, [(91, 37, 11)]
28038,31, [(91, 38, 11)]
28039,31, [(91, 39, 11)]
28160,31, [(92, 32, 12)]
28161,31, [(92, 33, 12)]
28162,31, [(92, 34, 12)]
28163,31, [(92, 35, 12)]
28164,31, [(92, 36, 12)]
28165,31, [(92, 37, 12)]
28166,31, [(92, 38, 12)]
28167,31, [(92, 39, 12)]
28288,31, [(93, 32, 13)]
28289,31, [(93, 33, 13)]
28290,31, [(93, 34, 13)]
28291,31, [(93, 35, 13)]
28292,31, [(93, 36, 13)]
28293,31, [(93, 37, 13)]
28294,31, [(93, 38, 13)]
28295,31, [(93, 39, 13)]
28416,31, [(94, 32, 14)]
28417,31, [(94, 33, 14)]
28418,31, [(94, 34, 14)]
28419,31, [(94, 35, 14)]
28420,31, [(94, 36, 14)]
28421,31, [(94, 37, 14)]
28422,31, [(94, 38, 14)]
28423,31, [(94, 39, 14)]
28544,31, [(95, 32, 15)]
28545,31, [(95, 33, 15)]
28546,31, [(95, 34, 15)]
28547,31, [(95, 35, 15)]
28548,31, [(95, 36, 15)]
28549,31, [(95, 37, 15)]
28550,31, [(95, 38, 15)]
28551,31, [(95, 39, 15)]
28672,31, [(96, 32, 16)]
28673,31, [(96, 33, 16)]
28674,31, [(96, 34, 16)]
28675,31, [(96, 35, 16)]
28676,31, [(96, 36, 16)]
28677,31, [(96, 37, 16)]
28678,31, [(96, 38, 16)]
28679,31, [(96, 39, 16)]
28800,31, [(97, 32, 17)]
28801,31, [(97, 33, 17)]
28802,31, [(97, 34, 17)]
28803,31, [(97, 35, 17)]
28804,31, [(97, 36, 17)]
28805,31, [(97, 37, 17)]
28806,31, [(97, 38, 17)]
28807,31, [(97, 39, 17)]
28928,31, [(98, 32, 18)]
28929,31, [(98, 33, 18)]
28930,31, [(98, 34, 18)]
28931,31, [(98, 35, 18)]
28932,31, [(98, 36, 18)]
28933,31, [(98, 37, 18)]
28934,31, [(98, 38, 18)]
28935,31, [(98, 39, 18)]
29056,31, [(99, 32, 19)]
29057,31, [(99, 33, 19)]
29058,31, [(99, 34, 19)]
29059,31, [(99, 35, 19)]
29060,31, [(99, 36, 19)]
29061,31, [(99, 37, 19)]
29062,31, [(99, 38, 19)]
29063,31, [(99, 39, 19)]
29184,31, [(100, 42, 0)]
29185,31, [(100, 43, 0)]
29186,31, [(100, 40, 0)]
29187,31, [(100, 41, 0)]
29188,31, [(100, 46, 0)]
29189,31, [(100, 47, 0)]
29190,31, [(100, 44, 0)]
29191,31, [(100, 45, 0)]
29312,31, [(101, 41, 1)]
29313,31, [(101, 42, 1)]
29314,31, [(101, 43, 1)]
29315,31, [(101, 40, 1)]
29316,31, [(101, 45, 1)]
29317,31, [(101, 46, 1)]
29318,31, [(101, 47, 1)]
29319,31, [(101, 44, 1)]
29440,31, [(102, 41, 2)]
29441,31, [(102, 42, 2)]
29442,31, [(102, 43, 2)]
29443,31, [(102, 40, 2)]
29444,31, [(102, 45, 2)]
29445,31, [(102, 46, 2)]
29446,31, [(102, 47, 2)]
29447,31, [(102, 44, 2)]
29568,31, [(103, 41, 3)]
29569,31, [(103, 42, 3)]
29570,31, [(103, 43, 3)]
29571,31, [(103, 40, 3)]
29572,31, [(103, 45, 3)]
29573,31, [(103, 46, 3)]
29574,31, [(103, 47, 3)]
29575,31, [(103, 44, 3)]
29696,31, [(104, 41, 4)]
29697,31, [(104, 42, 4)]
29698,31, [(104, 43, 4)]
29699,31, [(104, 40, 4)]
29700,31, [(104, 45, 4)]
29701,31, [(104, 46, 4)]
29702,31, [(104, 47, 4)]
29703,31, [(104, 44, 4)]
29824,31, [(105, 41, 5)]
29825,31, [(105, 42, 5)]
29826,31, [(105, 43, 5)]
29827,31, [(105, 40, 5)]
29828,31, [(105, 45, 5)]
29829,31, [(105, 46, 5)]
29830,31, [(105, 47, 5)]
29831,31, [(105, 44, 5)]
29952,31, [(106, 41, 6)]
29953,31, [(106, 42, 6)]
29954,31, [(106, 43, 6)]
29955,31, [(106, 40, 6)]
29956,31, [(106, 45, 6)]
29957,31, [(106, 46, 6)]
29958,31, [(106, 47, 6)]
29959,31, [(106, 44, 6)]
30080,31, [(107, 41, 7)]
30081,31, [(107, 42, 7)]
30082,31, [(107, 43, 7)]
30083,31, [(107, 40, 7)]
30084,31, [(107, 45, 7)]
30085,31, [(107, 46, 7)]
30086,31, [(107, 47, 7)]
30087,31, [(107, 44, 7)]
30208,31, [(108, 41, 8)]
30209,31, [(108, 42, 8)]
30210,31, [(108, 43, 8)]
30211,31, [(108, 40, 8)]
30212,31, [(108, 45, 8)]
30213,31, [(108, 46, 8)]
30214,31, [(108, 47, 8)]
30215,31, [(108, 44, 8)]
30336,31, [(109, 41, 9)]
30337,31, [(109, 42, 9)]
30338,31, [(109, 43, 9)]
30339,31, [(109, 40, 9)]
30340,31, [(109, 45, 9)]
30341,31, [(109, 46, 9)]
30342,31, [(109, 47, 9)]
30343,31, [(109, 44, 9)]
30464,31, [(110, 41, 10)]
30465,31, [(110, 42, 10)]
30466,31, [(110, 43, 10)]
30467,31, [(110, 40, 10)]
30468,31, [(110, 45, 10)]
30469,31, [(110, 46, 10)]
30470,31, [(110, 47, 10)]
30471,31, [(110, 44, 10)]
30592,31, [(111, 41, 11)]
30593,31, [(111, 42, 11)]
30594,31, [(111, 43, 11)]
30595,31, [(111, 40, 11)]
30596,31, [(111, 45, 11)]
30597,31, [(111, 46, 11)]
30598,31, [(111, 47, 11)]
30599,31, [(111, 44, 11)]
30720,31, [(112, 41, 12)]
30721,31, [(112, 42, 12)]
30722,31, [(112, 43, 12)]
30723,31, [(112, 40, 12)]
30724,31, [(112, 45, 12)]
30725,31, [(112, 46, 12)]
30726,31, [(112, 47, 12)]
30727,31, [(112, 44, 12)]
30848,31, [(113, 41, 13)]
30849,31, [(113, 42, 13)]
30850,31, [(113, 43, 13)]
30851,31, [(113, 40, 13)]
30852,31, [(113, 45, 13)]
30853,31, [(113, 46, 13)]
30854,31, [(113, 47, 13)]
30855,31, [(113, 44, 13)]
30976,31, [(114, 41, 14)]
30977,31, [(114, 42, 14)]
30978,31, [(114, 43, 14)]
30979,31, [(114, 40, 14)]
30980,31, [(114, 45, 14)]
30981,31, [(114, 46, 14)]
30982,31, [(114, 47, 14)]
30983,31, [(114, 44, 14)]
31104,31, [(115, 41, 15)]
31105,31, [(115, 42, 15)]
31106,31, [(115, 43, 15)]
31107,31, [(115, 40, 15)]
31108,31, [(115, 45, 15)]
31109,31, [(115, 46, 15)]
31110,31, [(115, 47, 15)]
31111,31, [(115, 44, 15)]
31232,31, [(116, 41, 16)]
31233,31, [(116, 42, 16)]
31234,31, [(116, 43, 16)]
31235,31, [(116, 40, 16)]
31236,31, [(116, 45, 16)]
31237,31, [(116, 46, 16)]
31238,31, [(116, 47, 16)]
31239,31, [(116, 44, 16)]
31360,31, [(117, 41, 17)]
31361,31, [(117, 42, 17)]
31362,31, [(117, 43, 17)]
31363,31, [(117, 40, 17)]
31364,31, [(117, 45, 17)]
31365,31, [(117, 46, 17)]
31366,31, [(117, 47, 17)]
31367,31, [(117, 44, 17)]
31488,31, [(118, 41, 18)]
31489,31, [(118, 42, 18)]
31490,31, [(118, 43, 18)]
31491,31, [(118, 40, 18)]
31492,31, [(118, 45, 18)]
31493,31, [(118, 46, 18)]
31494,31, [(118, 47, 18)]
31495,31, [(118, 44, 18)]
31616,31, [(119, 41, 19)]
31617,31, [(119, 42, 19)]
31618,31, [(119, 43, 19)]
31619,31, [(119, 40, 19)]
31620,31, [(119, 45, 19)]
31621,31, [(119, 46, 19)]
31622,31, [(119, 47, 19)]
31623,31, [(119, 44, 19)]
31744,31, [(120, 51, 0)]
31745,31, [(120, 48, 0)]
31746,31, [(120, 49, 0)]
31747,31, [(120, 50, 0)]
31748,31, [(120, 55, 0)]
31749,31, [(120, 52, 0)]
31750,31, [(120, 53, 0)]
31751,31, [(120, 54, 0)]
31872,31, [(121, 50, 1)]
31873,31, [(121, 51, 1)]
31874,31, [(121, 48, 1)]
31875,31, [(121, 49, 1)]
31876,31, [(121, 54, 1)]
31877,31, [(121, 55, 1)]
31878,31, [(121, 52, 1)]
31879,31, [(121, 53, 1)]
32000,31, [(122, 50, 2)]
32001,31, [(122, 51, 2)]
32002,31, [(122, 48, 2)]
32003,31, [(122, 49, 2)]
32004,31, [(122, 54, 2)]
32005,31, [(122, 55, 2)]
32006,31, [(122, 52, 2)]
32007,31, [(122, 53, 2)]
32128,31, [(123, 50, 3)]
32129,31, [(123, 51, 3)]
32130,31, [(123, 48, 3)]
32131,31, [(123, 49, 3)]
32132,31, [(123, 54, 3)]
32133,31, [(123, 55, 3)]
32134,31, [(123, 52, 3)]
32135,31, [(123, 53, 3)]
32256,31, [(124, 50, 4)]
32257,31, [(124, 51, 4)]
32258,31, [(124, 48, 4)]
32259,31, [(124, 49, 4)]
32260,31, [(124, 54, 4)]
32261,31, [(124, 55, 4)]
32262,31, [(124, 52, 4)]
32263,31, [(124, 53, 4)]
32384,31, [(125, 50, 5)]
32385,31, [(125, 51, 5)]
32386,31, [(125, 48, 5)]
32387,31, [(125, 49, 5)]
32388,31, [(125, 54, 5)]
32389,31, [(125, 55, 5)]
32390,31, [(125, 52, 5)]
32391,31, [(125, 53, 5)]
32512,31, [(126, 50, 6)]
32513,31, [(126, 51, 6)]
32514,31, [(126, 48, 6)]
32515,31, [(126, 49, 6)]
32516,31, [(126, 54, 6)]
32517,31, [(126, 55, 6)]
32518,31, [(126, 52, 6)]
32519,31, [(126, 53, 6)]
32640,31, [(127, 50, 7)]
32641,31, [(127, 51, 7)]
32642,31, [(127, 48, 7)]
32643,31, [(127, 49, 7)]
32644,31, [(127, 54, 7)]
32645,31, [(127, 55, 7)]
32646,31, [(127, 52, 7)]
32647,31, [(127, 53, 7)]
49152,31, [(0, 1, 0)]
49153,31, [(0, 2, 0)]
49154,31, [(0, 3, 0)]
49155,31, [(0, 0, 0)]
49156,31, [(0, 5, 0)]
49157,31, [(0, 6, 0)]
49158,31, [(0, 7, 0)]
49159,31, [(0, 4, 0)]
49280,31, [(1, 0, 1)]
49281,31, [(1, 1, 1)]
49282,31, [(1, 2, 1)]
49283,31, [(1, 3, 1)]
49284,31, [(1, 4, 1)]
49285,31, [(1, 5, 1)]
49286,31, [(1, 6, 1)]
49287,31, [(1, 7, 1)]
49408,31, [(2, 0, 2)]
49409,31, [(2, 1, 2)]
49410,31, [(2, 2, 2)]
49411,31, [(2, 3, 2)]
49412,31, [(2, 4, 2)]
49413,31, [(2, 5, 2)]
49414,31, [(2, 6, 2)]
49415,31, [(2, 7, 2)]
49536,31, [(3, 0, 3)]
49537,31, [(3, 1, 3)]
49538,31, [(3, 2, 3)]
49539,31, [(3, 3, 3)]
49540,31, [(3, 4, 3)]
49541,31, [(3, 5, 3)]
49542,31, [(3, 6, 3)]
49543,31, [(3, 7, 3)]
49664,31, [(4, 0, 4)]
49665,31, [(4, 1, 4)]
49666,31, [(4, 2, 4)]
49667,31, [(4, 3, 4)]
49668,31, [(4, 4, 4)]
49669,31, [(4, 5, 4)]
49670,31, [(4, 6, 4)]
49671,31, [(4, 7, 4)]
49792,31, [(5, 0, 5)]
49793,31, [(5, 1, 5)]
49794,31, [(5, 2, 5)]
49795,31, [(5, 3, 5)]
49796,31, [(5, 4, 5)]
49797,31, [(5, 5, 5)]
49798,31, [(5, 6, 5)]
49799,31, [(5, 7, 5)]
49920,31, [(6, 0, 6)]
49921,31, [(6, 1, 6)]
49922,31, [(6, 2, 6)]
49923,31, [(6, 3, 6)]
49924,31, [(6, 4, 6)]
49925,31, [(6, 5, 6)]
49926,31, [(6, 6, 6)]
49927,31, [(6, 7, 6)]
50048,31, [(7, 0, 7)]
50049,31, [(7, 1, 7)]
50050,31, [(7, 2, 7)]
50051,31, [(7, 3, 7)]
50052,31, [(7, 4, 7)]
50053,31, [(7, 5, 7)]
50054,31, [(7, 6, 7)]
50055,31, [(7, 7, 7)]
50176,31, [(8, 0, 8)]
50177,31, [(8, 1, 8)]
50178,31, [(8, 2, 8)]
50179,31, [(8, 3, 8)]
50180,31, [(8, 4, 8)]
50181,31, [(8, 5, 8)]
50182,31, [(8, 6, 8)]
50183,31, [(8, 7, 8)]
50304,31, [(9, 0, 9)]
50305,31, [(9, 1, 9)]
50306,31, [(9, 2, 9)]
50307,31, [(9, 3, 9)]
50308,31, [(9, 4, 9)]
50309,31, [(9, 5, 9)]
50310,31, [(9, 6, 9)]
50311,31, [(9, 7, 9)]
50432,31, [(10, 0, 10)]
50433,31, [(10, 1, 10)]
50434,31, [(10, 2, 10)]
50435,31, [(10, 3, 10)]
50436,31, [(10, 4, 10)]
50437,31, [(10, 5, 10)]
50438,31, [(10, 6, 10)]
50439,31, [(10, 7, 10)]
50560,31, [(11, 0, 11)]
50561,31, [(11, 1, 11)]
50562,31, [(11, 2, 11)]
50563,31, [(11, 3, 11)]
50564,31, [(11, 4, 11)]
50565,31, [(11, 5, 11)]
50566,31, [(11, 6, 11)]
50567,31, [(11, 7, 11)]
50688,31, [(12, 0, 12)]
50689,31, [(12, 1, 12)]
50690,31, [(12, 2, 12)]
50691,31, [(12, 3, 12)]
50692,31, [(12, 4, 12)]
50693,31, [(12, 5, 12)]
50694,31, [(12, 6, 12)]
50695,31, [(12, 7, 12)]
50816,31, [(13, 0, 13)]
50817,31, [(13, 1, 13)]
50818,31, [(13, 2, 13)]
50819,31, [(13, 3, 13)]
50820,31, [(13, 4, 13)]
50821,31, [(13, 5, 13)]
50822,31, [(13, 6, 13)]
50823,31, [(13, 7, 13)]
50944,31, [(14, 0, 14)]
50945,31, [(14, 1, 14)]
50946,31, [(14, 2, 14)]
50947,31, [(14, 3, 14)]
50948,31, [(14, 4, 14)]
50949,31, [(14, 5, 14)]
50950,31, [(14, 6, 14)]
50951,31, [(14, 7, 14)]
51072,31, [(15, 0, 15)]
51073,31, [(15, 1, 15)]
51074,31, [(15, 2, 15)]
51075,31, [(15, 3, 15)]
51076,31, [(15, 4, 15)]
51077,31, [(15, 5, 15)]
51078,31, [(15, 6, 15)]
51079,31, [(15, 7, 15)]
51200,31, [(16, 0, 16)]
51201,31, [(16, 1, 16)]
51202,31, [(16, 2, 16)]
51203,31, [(16, 3, 16)]
51204,31, [(16, 4, 16)]
51205,31, [(16, 5, 16)]
51206,31, [(16, 6, 16)]
51207,31, [(16, 7, 16)]
51328,31, [(17, 0, 17)]
51329,31, [(17, 1, 17)]
51330,31, [(17, 2, 17)]
51331,31, [(17, 3, 17)]
51332,31, [(17, 4, 17)]
51333,31, [(17, 5, 17)]
51334,31, [(17, 6, 17)]
51335,31, [(17, 7, 17)]
51456,31, [(18, 0, 18)]
51457,31, [(18, 1, 18)]
51458,31, [(18, 2, 18)]
51459,31, [(18, 3, 18)]
51460,31, [(18, 4, 18)]
51461,31, [(18, 5, 18)]
51462,31, [(18, 6, 18)]
51463,31, [(18, 7, 18)]
51584,31, [(19, 0, 19)]
51585,31, [(19, 1, 19)]
51586,31, [(19, 2, 19)]
51587,31, [(19, 3, 19)]
51588,31, [(19, 4, 19)]
51589,31, [(19, 5, 19)]
51590,31, [(19, 6, 19)]
51591,31, [(19, 7, 19)]
51712,31, [(20, 10, 0)]
51713,31, [(20, 11, 0)]
51714,31, [(20, 8, 0)]
51715,31, [(20, 9, 0)]
51716,31, [(20, 14, 0)]
51717,31, [(20, 15, 0)]
51718,31, [(20, 12, 0)]
51719,31, [(20, 13, 0)]
51840,31, [(21, 9, 1)]
51841,31, [(21, 10, 1)]
51842,31, [(21, 11, 1)]
51843,31, [(21, 8, 1)]
51844,31, [(21, 13, 1)]
51845,31, [(21, 14, 1)]
51846,31, [(21, 15, 1)]
51847,31, [(21, 12, 1)]
51968,31, [(22, 9, 2)]
51969,31, [(22, 10, 2)]
51970,31, [(22, 11, 2)]
51971,31, [(22, 8, 2)]
51972,31, [(22, 13, 2)]
51973,31, [(22, 14, 2)]
51974,31, [(22, 15, 2)]
51975,31, [(22, 12, 2)]
52096,31, [(23, 9, 3)]
52097,31, [(23, 10, 3)]
52098,31, [(23, 11, 3)]
52099,31, [(23, 8, 3)]
52100,31, [(23, 13, 3)]
52101,31, [(23, 14, 3)]
52102,31, [(23, 15, 3)]
52103,31, [(23, 12, 3)]
52224,31, [(24, 9, 4)]
52225,31, [(24, 10, 4)]
52226,31, [(24, 11, 4)]
52227,31, [(24, 8, 4)]
52228,31, [(24, 13, 4)]
52229,31, [(24, 14, 4)]
52230,31, [(24, 15, 4)]
52231,31, [(24, 12, 4)]
52352,31, [(25, 9, 5)]
52353,31, [(25, 10, 5)]
52354,31, [(25, 11, 5)]
52355,31, [(25, 8, 5)]
52356,31, [(25, 13, 5)]
52357,31, [(25, 14, 5)]
52358,31, [(25, 15, 5)]
52359,31, [(25, 12, 5)]
52480,31, [(26, 9, 6)]
52481,31, [(26, 10, 6)]
52482,31, [(26, 11, 6)]
52483,31, [(26, 8, 6)]
52484,31, [(26, 13, 6)]
52485,31, [(26, 14, 6)]
52486,31, [(26, 15, 6)]
52487,31, [(26, 12, 6)]
52608,31, [(27, 9, 7)]
52609,31, [(27, 10, 7)]
52610,31, [(27, 11, 7)]
52611,31, [(27, 8, 7)]
52612,31, [(27, 13, 7)]
52613,31, [(27, 14, 7)]
52614,31, [(27, 15, 7)]
52615,31, [(27, 12, 7)]
52736,31, [(28, 9, 8)]
52737,31, [(28, 10, 8)]
52738,31, [(28, 11, 8)]
52739,31, [(28, 8, 8)]
52740,31, [(28, 13, 8)]
52741,31, [(28, 14, 8)]
52742,31, [(28, 15, 8)]
52743,31, [(28, 12, 8)]
52864,31, [(29, 9, 9)]
52865,31, [(29, 10, 9)]
52866,31, [(29, 11, 9)]
52867,31, [(29, 8, 9)]
52868,31, [(29, 13, 9)]
52869,31, [(29, 14, 9)]
52870,31, [(29, 15, 9)]
52871,31, [(29, 12, 9)]
52992,31, [(30, 9, 10)]
52993,31, [(30, 10, 10)]
52994,31, [(30, 11, 10)]
52995,31, [(30, 8, 10)]
52996,31, [(30, 13, 10)]
52997,31, [(30, 14, 10)]
52998,31, [(30, 15, 10)]
52999,31, [(30, 12, 10)]
53120,31, [(31, 9, 11)]
53121,31, [(31, 10, 11)]
53122,31, [(31, 11, 11)]
53123,31, [(31, 8, 11)]
53124,31, [(31, 13, 11)]
53125,31, [(31, 14, 11)]
53126,31, [(31, 15, 11)]
53127,31, [(31, 12, 11)]
53248,31, [(32, 9, 12)]
53249,31, [(32, 10, 12)]
53250,31, [(32, 11, 12)]
53251,31, [(32, 8, 12)]
53252,31, [(32, 13, 12)]
53253,31, [(32, 14, 12)]
53254,31, [(32, 15, 12)]
53255,31, [(32, 12, 12)]
53376,31, [(33, 9, 13)]
53377,31, [(33, 10, 13)]
53378,31, [(33, 11, 13)]
53379,31, [(33, 8, 13)]
53380,31, [(33, 13, 13)]
53381,31, [(33, 14, 13)]
53382,31, [(33, 15, 13)]
53383,31, [(33, 12, 13)]
53504,31, [(34, 9, 14)]
53505,31, [(34, 10, 14)]
53506,31, [(34, 11, 14)]
53507,31, [(34, 8, 14)]
53508,31, [(34, 13, 14)]
53509,31, [(34, 14, 14)]
53510,31, [(34, 15, 14)]
53511,31, [(34, 12, 14)]
53632,31, [(35, 9, 15)]
53633,31, [(35, 10, 15)]
53634,31, [(35, 11, 15)]
53635,31, [(35, 8, 15)]
53636,31, [(35, 13, 15)]
53637,31, [(35, 14, 15)]
53638,31, [(35, 15, 15)]
53639,31, [(35, 12, 15)]
53760,31, [(36, 9, 16)]
53761,31, [(36, 10, 16)]
53762,31, [(36, 11, 16)]
53763,31, [(36, 8, 16)]
53764,31, [(36, 13, 16)]
53765,31, [(36, 14, 16)]
53766,31, [(36, 15, 16)]
53767,31, [(36, 12, 16)]
53888,31, [(37, 9, 17)]
53889,31, [(37, 10, 17)]
53890,31, [(37, 11, 17)]
53891,31, [(37, 8, 17)]
53892,31, [(37, 13, 17)]
53893,31, [(37, 14, 17)]
53894,31, [(37, 15, 17)]
53895,31, [(37, 12, 17)]
54016,31, [(38, 9, 18)]
54017,31, [(38, 10, 18)]
54018,31, [(38, 11, 18)]
54019,31, [(38, 8, 18)]
54020,31, [(38, 13, 18)]
54021,31, [(38, 14, 18)]
54022,31, [(38, 15, 18)]
54023,31, [(38, 12, 18)]
54144,31, [(39, 9, 19)]
54145,31, [(39, 10, 19)]
54146,31, [(39, 11, 19)]
54147,31, [(39, 8, 19)]
54148,31, [(39, 13, 19)]
54149,31, [(39, 14, 19)]
54150,31, [(39, 15, 19)]
54151,31, [(39, 12, 19)]
54272,31, [(40, 19, 0)]
54273,31, [(40, 16, 0)]
54274,31, [(40, 17, 0)]
54275,31, [(40, 18, 0)]
54276,31, [(40, 23, 0)]
54277,31, [(40, 20, 0)]
54278,31, [(40, 21, 0)]
54279,31, [(40, 22, 0)]
54400,31, [(41, 18, 1)]
54401,31, [(41, 19, 1)]
54402,31, [(41, 16, 1)]
54403,31, [(41, 17, 1)]
54404,31, [(41, 22, 1)]
54405,31, [(41, 23, 1)]
54406,31, [(41, 20, 1)]
54407,31, [(41, 21, 1)]
54528,31, [(42, 18, 2)]
54529,31, [(42, 19, 2)]
54530,31, [(42, 16, 2)]
54531,31, [(42, 17, 2)]
54532,31, [(42, 22, 2)]
54533,31, [(42, 23, 2)]
54534,31, [(42, 20, 2)]
54535,31, [(42, 21, 2)]
54656,31, [(43, 18, 3)]
54657,31, [(43, 19, 3)]
54658,31, [(43, 16, 3)]
54659,31, [(43, 17, 3)]
54660,31, [(43, 22, 3)]
54661,31, [(43, 23, 3)]
54662,31, [(43, 20, 3)]
54663,31, [(43, 21, 3)]
54784,31, [(44, 18, 4)]
54785,31, [(44, 19, 4)]
54786,31, [(44, 16, 4)]
54787,31, [(44, 17, 4)]
54788,31, [(44, 22, 4)]
54789,31, [(44, 23, 4)]
54790,31, [(44, 20, 4)]
54791,31, [(44, 21, 4)]
54912,31, [(45, 18, 5)]
54913,31, [(45, 19, 5)]
54914,31, [(45, 16, 5)]
54915,31, [(45, 17, 5)]
54916,31, [(45, 22, 5)]
54917,31, [(45, 23, 5)]
54918,31, [(45, 20, 5)]
54919,31, [(45, 21, 5)]
55040,31, [(46, 18, 6)]
55041,31, [(46, 19, 6)]
55042,31, [(46, 16, 6)]
55043,31, [(46, 17, 6)]
55044,31, [(46, 22, 6)]
55045,31, [(46, 23, 6)]
55046,31, [(46, 20, 6)]
55047,31, [(46, 21, 6)]
55168,31, [(47, 18, 7)]
55169,31, [(47, 19, 7)]
55170,31, [(47, 16, 7)]
55171,31, [(47, 17, 7)]
55172,31, [(47, 22, 7)]
55173,31, [(47, 23, 7)]
55174,31, [(47, 20, 7)]
55175,31, [(47, 21, 7)]
55296,31, [(48, 18, 8)]
55297,31, [(48, 19, 8)]
55298,31, [(48, 16, 8)]
55299,31, [(48, 17, 8)]
55300,31, [(48, 22, 8)]
55301,31, [(48, 23, 8)]
55302,31, [(48, 20, 8)]
55303,31, [(48, 21, 8)]
55424,31, [(49, 18, 9)]
55425,31, [(49, 19, 9)]
55426,31, [(49, 16, 9)]
55427,31, [(49, 17, 9)]
55428,31, [(49, 22, 9)]
55429,31, [(49, 23, 9)]
55430,31, [(49, 20, 9)]
55431,31, [(49, 21, 9)]
55552,31, [(50, 18, 10)]
55553,31, [(50, 19, 10)]
55554,31, [(50, 16, 10)]
55555,31, [(50, 17, 10)]
55556,31, [(50, 22, 10)]
55557,31, [(50, 23, 10)]
55558,31, [(50, 20, 10)]
55559,31, [(50, 21, 10)]
55680,31, [(51, 18, 11)]
55681,31, [(51, 19, 11)]
55682,31, [(51, 16, 11)]
55683,31, [(51, 17, 11)]
55684,31, [(51, 22, 11)]
55685,31, [(51, 23, 11)]
55686,31, [(51, 20, 11)]
55687,31, [(51, 21, 11)]
55808,31, [(52, 18, 12)]
55809,31, [(52, 19, 12)]
55810,31, [(52, 16, 12)]
55811,31, [(52, 17, 12)]
55812,31, [(52, 22, 12)]
55813,31, [(52, 23, 12)]
55814,31, [(52, 20, 12)]
55815,31, [(52, 21, 12)]
55936,31, [(53, 18, 13)]
55937,31, [(53, 19, 13)]
55938,31, [(53, 16, 13)]
55939,31, [(53, 17, 13)]
55940,31, [(53, 22, 13)]
55941,31, [(53, 23, 13)]
55942,31, [(53, 20, 13)]
55943,31, [(53, 21, 13)]
56064,31, [(54, 18, 14)]
56065,31, [(54, 19, 14)]
56066,31, [(54, 16, 14)]
56067,31, [(54, 17, 14)]
56068,31, [(54, 22, 14)]
56069,31, [(54, 23, 14)]
56070,31, [(54, 20, 14)]
56071,31, [(54, 21, 14)]
56192,31, [(55, 18, 15)]
56193,31, [(55, 19, 15)]
56194,31, [(55, 16, 15)]
56195,31, [(55, 17, 15)]
56196,31, [(55, 22, 15)]
56197,31, [(55, 23, 15)]
56198,31, [(55, 20, 15)]
56199,31, [(55, 21, 15)]
56320,31, [(56, 18, 16)]
56321,31, [(56, 19, 16)]
56322,31, [(56, 16, 16)]
56323,31, [(56, 17, 16)]
56324,31, [(56, 22, 16)]
56325,31, [(56, 23, 16)]
56326,31, [(56, 20, 16)]
56327,31, [(56, 21, 16)]
56448,31, [(57, 18, 17)]
56449,31, [(57, 19, 17)]
56450,31, [(57, 16, 17)]
56451,31, [(57, 17, 17)]
56452,31, [(57, 22, 17)]
56453,31, [(57, 23, 17)]
56454,31, [(57, 20, 17)]
56455,31, [(57, 21, 17)]
56576,31, [(58, 18, 18)]
56577,31, [(58, 19, 18)]
56578,31, [(58, 16, 18)]
56579,31, [(58, 17, 18)]
56580,31, [(58, 22, 18)]
56581,31, [(58, 23, 18)]
56582,31, [(58, 20, 18)]
56583,31, [(58, 21, 18)]
56704,31, [(59, 18, 19)]
56705,31, [(59, 19, 19)]
56706,31, [(59, 16, 19)]
56707,31, [(59, 17, 19)]
56708,31, [(59, 22, 19)]
56709,31, [(59, 23, 19)]
56710,31, [(59, 20, 19)]
56711,31, [(59, 21, 19)]
56832,31, [(60, 24, 0)]
56833,31, [(60, 25, 0)]
56834,31, [(60, 26, 0)]
56835,31, [(60, 27, 0)]
56836,31, [(60, 28, 0)]
56837,31, [(60, 29, 0)]
56838,31, [(60, 30, 0)]
56839,31, [(60, 31, 0)]
56960,31, [(61, 27, 1)]
56961,31, [(61, 24, 1)]
56962,31, [(61, 25, 1)]
56963,31, [(61, 26, 1)]
56964,31, [(61, 31, 1)]
56965,31, [(61, 28, 1)]
56966,31, [(61, 29, 1)]
56967,31, [(61, 30, 1)]
57088,31, [(62, 27, 2)]
57089,31, [(62, 24, 2)]
57090,31, [(62, 25, 2)]
57091,31, [(62, 26, 2)]
57092,31, [(62, 31, 2)]
57093,31, [(62, 28, 2)]
57094,31, [(62, 29, 2)]
57095,31, [(62, 30, 2)]
57216,31, [(63, 27, 3)]
57217,31, [(63, 24, 3)]
57218,31, [(63, 25, 3)]
57219,31, [(63, 26, 3)]
57220,31, [(63, 31, 3)]
57221,31, [(63, 28, 3)]
57222,31, [(63, 29, 3)]
57223,31, [(63, 30, 3)]
57344,31, [(64, 27, 4)]
57345,31, [(64, 24, 4)]
57346,31, [(64, 25, 4)]
57347,31, [(64, 26, 4)]
57348,31, [(64, 31, 4)]
57349,31, [(64, 28, 4)]
57350,31, [(64, 29, 4)]
57351,31, [(64, 30, 4)]
57472,31, [(65, 27, 5)]
57473,31, [(65, 24, 5)]
57474,31, [(65, 25, 5)]
57475,31, [(65, 26, 5)]
57476,31, [(65, 31, 5)]
57477,31, [(65, 28, 5)]
57478,31, [(65, 29, 5)]
57479,31, [(65, 30, 5)]
57600,31, [(66, 27, 6)]
57601,31, [(66, 24, 6)]
57602,31, [(66, 25, 6)]
57603,31, [(66, 26, 6)]
57604,31, [(66, 31, 6)]
57605,31, [(66, 28, 6)]
57606,31, [(66, 29, 6)]
57607,31, [(66, 30, 6)]
57728,31, [(67, 27, 7)]
57729,31, [(67, 24, 7)]
57730,31, [(67, 25, 7)]
57731,31, [(67, 26, 7)]
57732,31, [(67, 31, 7)]
57733,31, [(67, 28, 7)]
57734,31, [(67, 29, 7)]
57735,31, [(67, 30, 7)]
57856,31, [(68, 27, 8)]
57857,31, [(68, 24, 8)]
57858,31, [(68, 25, 8)]
57859,31, [(68, 26, 8)]
57860,31, [(68, 31, 8)]
57861,31, [(68, 28, 8)]
57862,31, [(68, 29, 8)]
57863,31, [(68, 30, 8)]
57984,31, [(69, 27, 9)]
57985,31, [(69, 24, 9)]
57986,31, [(69, 25, 9)]
57987,31, [(69, 26, 9)]
57988,31, [(69, 31, 9)]
57989,31, [(69, 28, 9)]
57990,31, [(69, 29, 9)]
57991,31, [(69, 30, 9)]
58112,31, [(70, 27, 10)]
58113,31, [(70, 24, 10)]
58114,31, [(70, 25, 10)]
58115,31, [(70, 26, 10)]
58116,31, [(70, 31, 10)]
58117,31, [(70, 28, 10)]
58118,31, [(70, 29, 10)]
58119,31, [(70, 30, 10)]
58240,31, [(71, 27, 11)]
58241,31, [(71, 24, 11)]
58242,31, [(71, 25, 11)]
58243,31, [(71, 26, 11)]
58244,31, [(71, 31, 11)]
58245,31, [(71, 28, 11)]
58246,31, [(71, 29, 11)]
58247,31, [(71, 30, 11)]
58368,31, [(72, 27, 12)]
58369,31, [(72, 24, 12)]
58370,31, [(72, 25, 12)]
58371,31, [(72, 26, 12)]
58372,31, [(72, 31, 12)]
58373,31, [(72, 28, 12)]
58374,31, [(72, 29, 12)]
58375,31, [(72, 30, 12)]
58496,31, [(73, 27, 13)]
58497,31, [(73, 24, 13)]
58498,31, [(73, 25, 13)]
58499,31, [(73, 26, 13)]
58500,31, [(73, 31, 13)]
58501,31, [(73, 28, 13)]
58502,31, [(73, 29, 13)]
58503,31, [(73, 30, 13)]
58624,31, [(74, 27, 14)]
58625,31, [(74, 24, 14)]
58626,31, [(74, 25, 14)]
58627,31, [(74, 26, 14)]
58628,31, [(74, 31, 14)]
58629,31, [(74, 28, 14)]
58630,31, [(74, 29, 14)]
58631,31, [(74, 30, 14)]
58752,31, [(75, 27, 15)]
58753,31, [(75, 24, 15)]
58754,31, [(75, 25, 15)]
58755,31, [(75, 26, 15)]
58756,31, [(75, 31, 15)]
58757,31, [(75, 28, 15)]
58758,31, [(75, 29, 15)]
58759,31, [(75, 30, 15)]
58880,31, [(76, 27, 16)]
58881,31, [(76, 24, 16)]
58882,31, [(76, 25, 16)]
58883,31, [(76, 26, 16)]
58884,31, [(76, 31, 16)]
58885,31, [(76, 28, 16)]
58886,31, [(76, 29, 16)]
58887,31, [(76, 30, 16)]
59008,31, [(77, 27, 17)]
59009,31, [(77, 24, 17)]
59010,31, [(77, 25, 17)]
59011,31, [(77, 26, 17)]
59012,31, [(77, 31, 17)]
59013,31, [(77, 28, 17)]
59014,31, [(77, 29, 17)]
59015,31, [(77, 30, 17)]
59136,31, [(78, 27, 18)]
59137,31, [(78, 24, 18)]
59138,31, [(78, 25, 18)]
59139,31, [(78, 26, 18)]
59140,31, [(78, 31, 18)]
59141,31, [(78, 28, 18)]
59142,31, [(78, 29, 18)]
59143,31, [(78, 30, 18)]
59264,31, [(79, 27, 19)]
59265,31, [(79, 24, 19)]
59266,31, [(79, 25, 19)]
59267,31, [(79, 26, 19)]
59268,31, [(79, 31, 19)]
59269,31, [(79, 28, 19)]
59270,31, [(79, 29, 19)]
59271,31, [(79, 30, 19)]
59392,31, [(80, 33, 0)]
59393,31, [(80, 34, 0)]
59394,31, [(80, 35, 0)]
59395,31, [(80, 32, 0)]
59396,31, [(80, 37, 0)]
59397,31, [(80, 38, 0)]
59398,31, [(80, 39, 0)]
59399,31, [(80, 36, 0)]
59520,31, [(81, 32, 1)]
59521,31, [(81, 33, 1)]
59522,31, [(81, 34, 1)]
59523,31, [(81, 35, 1)]
59524,31, [(81, 36, 1)]
59525,31, [(81, 37, 1)]
59526,31, [(81, 38, 1)]
59527,31, [(81, 39, 1)]
59648,31, [(82, 32, 2)]
59649,31, [(82, 33, 2)]
59650,31, [(82, 34, 2)]
59651,31, [(82, 35, 2)]
59652,31, [(82, 36, 2)]
59653,31, [(82, 37, 2)]
59654,31, [(82, 38, 2)]
59655,31, [(82, 39, 2)]
59776,31, [(83, 32, 3)]
59777,31, [(83, 33, 3)]
59778,31, [(83, 34, 3)]
59779,31, [(83, 35, 3)]
59780,31, [(83, 36, 3)]
59781,31, [(83, 37, 3)]
59782,31, [(83, 38, 3)]
59783,31, [(83, 39, 3)]
59904,31, [(84, 32, 4)]
59905,31, [(84, 33, 4)]
59906,31, [(84, 34, 4)]
59907,31, [(84, 35, 4)]
59908,31, [(84, 36, 4)]
59909,31, [(84, 37, 4)]
59910,31, [(84, 38, 4)]
59911,31, [(84, 39, 4)]
60032,31, [(85, 32, 5)]
60033,31, [(85, 33, 5)]
60034,31, [(85, 34, 5)]
60035,31, [(85, 35, 5)]
60036,31, [(85, 36, 5)]
60037,31, [(85, 37, 5)]
60038,31, [(85, 38, 5)]
60039,31, [(85, 39, 5)]
60160,31, [(86, 32, 6)]
60161,31, [(86, 33, 6)]
60162,31, [(86, 34, 6)]
60163,31, [(86, 35, 6)]
60164,31, [(86, 36, 6)]
60165,31, [(86, 37, 6)]
60166,31, [(86, 38, 6)]
60167,31, [(86, 39, 6)]
60288,31, [(87, 32, 7)]
60289,31, [(87, 33, 7)]
60290,31, [(87, 34, 7)]
60291,31, [(87, 35, 7)]
60292,31, [(87, 36, 7)]
60293,31, [(87, 37, 7)]
60294,31, [(87, 38, 7)]
60295,31, [(87, 39, 7)]
60416,31, [(88, 32, 8)]
60417,31, [(88, 33, 8)]
60418,31, [(88, 34, 8)]
60419,31, [(88, 35, 8)]
60420,31, [(88, 36, 8)]
60421,31, [(88, 37, 8)]
60422,31, [(88, 38, 8)]
60423,31, [(88, 39, 8)]
60544,31, [(89, 32, 9)]
60545,31, [(89, 33, 9)]
60546,31, [(89, 34, 9)]
60547,31, [(89, 35, 9)]
60548,31, [(89, 36, 9)]
60549,31, [(89, 37, 9)]
60550,31, [(89, 38, 9)]
60551,31, [(89, 39, 9)]
60672,31, [(90, 32, 10)]
60673,31, [(90, 33, 10)]
60674,31, [(90, 34, 10)]
60675,31, [(90, 35, 10)]
60676,31, [(90, 36, 10)]
60677,31, [(90, 37, 10)]
60678,31, [(90, 38, 10)]
60679,31, [(90, 39, 10)]
60800,31, [(91, 32, 11)]
60801,31, [(91, 33, 11)]
60802,31, [(91, 34, 11)]
60803,31, [(91, 35, 11)]
60804,31, [(91, 36, 11)]
60805,31, [(91, 37, 11)]
60806,31, [(91, 38, 11)]
60807,31, [(91, 39, 11)]
60928,31, [(92, 32, 12)]
60929,31, [(92, 33, 12)]
60930,31, [(92, 34, 12)]
60931,31, [(92, 35, 12)]
60932,31, [(92, 36, 12)]
60933,31, [(92, 37, 12)]
60934,31, [(92, 38, 12)]
60935,31, [(92, 39, 12)]
61056,31, [(93, 32, 13)]
61057,31, [(93, 33, 13)]
61058,31, [(93, 34, 13)]
61059,31, [(93, 35, 13)]
61060,31, [(93, 36, 13)]
61061,31, [(93, 37, 13)]
61062,31, [(93, 38, 13)]
61063,31, [(93, 39, 13)]
61184,31, [(94, 32, 14)]
61185,31, [(94, 33, 14)]
61186,31, [(94, 34, 14)]
61187,31, [(94, 35, 14)]
61188,31, [(94, 36, 14)]
61189,31, [(94, 37, 14)]
61190,31, [(94, 38, 14)]
61191,31, [(94, 39, 14)]
61312,31, [(95, 32, 15)]
61313,31, [(95, 33, 15)]
61314,31, [(95, 34, 15)]
61315,31, [(95, 35, 15)]
61316,31, [(95, 36, 15)]
61317,31, [(95, 37, 15)]
61318,31, [(95, 38, 15)]
61319,31, [(95, 39, 15)]
61440,31, [(96, 32, 16)]
61441,31, [(96, 33, 16)]
61442,31, [(96, 34, 16)]
61443,31, [(96, 35, 16)]
61444,31, [(96, 36, 16)]
61445,31, [(96, 37, 16)]
61446,31, [(96, 38, 16)]
61447,31, [(96, 39, 16)]
61568,31, [(97, 32, 17)]
61569,31, [(97, 33, 17)]
61570,31, [(97, 34, 17)]
61571,31, [(97, 35, 17)]
61572,31, [(97, 36, 17)]
61573,31, [(97, 37, 17)]
61574,31, [(97, 38, 17)]
61575,31, [(97, 39, 17)]
61696,31, [(98, 32, 18)]
61697,31, [(98, 33, 18)]
61698,31, [(98, 34, 18)]
61699,31, [(98, 35, 18)]
61700,31, [(98, 36, 18)]
61701,31, [(98, 37, 18)]
61702,31, [(98, 38, 18)]
61703,31, [(98, 39, 18)]
61824,31, [(99, 32, 19)]
61825,31, [(99, 33, 19)]
61826,31, [(99, 34, 19)]
61827,31, [(99, 35, 19)]
61828,31, [(99, 36, 19)]
61829,31, [(99, 37, 19)]
61830,31, [(99, 38, 19)]
61831,31, [(99, 39, 19)]
61952,31, [(100, 42, 0)]
61953,31, [(100, 43, 0)]
61954,31, [(100, 40, 0)]
61955,31, [(100, 41, 0)]
61956,31, [(100, 46, 0)]
61957,31, [(100, 47, 0)]
61958,31, [(100, 44, 0)]
61959,31, [(100, 45, 0)]
62080,31, [(101, 41, 1)]
62081,31, [(101, 42, 1)]
62082,31, [(101, 43, 1)]
62083,31, [(101, 40, 1)]
62084,31, [(101, 45, 1)]
62085,31, [(101, 46, 1)]
62086,31, [(101, 47, 1)]
62087,31, [(101, 44, 1)]
62208,31, [(102, 41, 2)]
62209,31, [(102, 42, 2)]
62210,31, [(102, 43, 2)]
62211,31, [(102, 40, 2)]
62212,31, [(102, 45, 2)]
62213,31, [(102, 46, 2)]
62214,31, [(102, 47, 2)]
62215,31, [(102, 44, 2)]
62336,31, [(103, 41, 3)]
62337,31, [(103, 42, 3)]
62338,31, [(103, 43, 3)]
62339,31, [(103, 40, 3)]
62340,31, [(103, 45, 3)]
62341,31, [(103, 46, 3)]
62342,31, [(103, 47, 3)]
62343,31, [(103, 44, 3)]
62464,31, [(104, 41, 4)]
62465,31, [(104, 42, 4)]
62466,31, [(104, 43, 4)]
62467,31, [(104, 40, 4)]
62468,31, [(104, 45, 4)]
62469,31, [(104, 46, 4)]
62470,31, [(104, 47, 4)]
62471,31, [(104, 44, 4)]
62592,31, [(105, 41, 5)]
62593,31, [(105, 42, 5)]
62594,31, [(105, 43, 5)]
62595,31, [(105, 40, 5)]
62596,31, [(105, 45, 5)]
62597,31, [(105, 46, 5)]
62598,31, [(105, 47, 5)]
62599,31, [(105, 44, 5)]
62720,31, [(106, 41, 6)]
62721,31, [(106, 42, 6)]
62722,31, [(106, 43, 6)]
62723,31, [(106, 40, 6)]
62724,31, [(106, 45, 6)]
62725,31, [(106, 46, 6)]
62726,31, [(106, 47, 6)]
62727,31, [(106, 44, 6)]
62848,31, [(107, 41, 7)]
62849,31, [(107, 42, 7)]
62850,31, [(107, 43, 7)]
62851,31, [(107, 40, 7)]
62852,31, [(107, 45, 7)]
62853,31, [(107, 46, 7)]
62854,31, [(107, 47, 7)]
62855,31, [(107, 44, 7)]
62976,31, [(108, 41, 8)]
62977,31, [(108, 42, 8)]
62978,31, [(108, 43, 8)]
62979,31, [(108, 40, 8)]
62980,31, [(108, 45, 8)]
62981,31, [(108, 46, 8)]
62982,31, [(108, 47, 8)]
62983,31, [(108, 44, 8)]
63104,31, [(109, 41, 9)]
63105,31, [(109, 42, 9)]
63106,31, [(109, 43, 9)]
63107,31, [(109, 40, 9)]
63108,31, [(109, 45, 9)]
63109,31, [(109, 46, 9)]
63110,31, [(109, 47, 9)]
63111,31, [(109, 44, 9)]
63232,31, [(110, 41, 10)]
63233,31, [(110, 42, 10)]
63234,31, [(110, 43, 10)]
63235,31, [(110, 40, 10)]
63236,31, [(110, 45, 10)]
63237,31, [(110, 46, 10)]
63238,31, [(110, 47, 10)]
63239,31, [(110, 44, 10)]
63360,31, [(111, 41, 11)]
63361,31, [(111, 42, 11)]
63362,31, [(111, 43, 11)]
63363,31, [(111, 40, 11)]
63364,31, [(111, 45, 11)]
63365,31, [(111, 46, 11)]
63366,31, [(111, 47, 11)]
63367,31, [(111, 44, 11)]
63488,31, [(112, 41, 12)]
63489,31, [(112, 42, 12)]
63490,31, [(112, 43, 12)]
63491,31, [(112, 40, 12)]
63492,31, [(112, 45, 12)]
63493,31, [(112, 46, 12)]
63494,31, [(112, 47, 12)]
63495,31, [(112, 44, 12)]
63616,31, [(113, 41, 13)]
63617,31, [(113, 42, 13)]
63618,31, [(113, 43, 13)]
63619,31, [(113, 40, 13)]
63620,31, [(113, 45, 13)]
63621,31, [(113, 46, 13)]
63622,31, [(113, 47, 13)]
63623,31, [(113, 44, 13)]
63744,31, [(114, 41, 14)]
63745,31, [(114, 42, 14)]
63746,31, [(114, 43, 14)]
63747,31, [(114, 40, 14)]
63748,31, [(114, 45, 14)]
63749,31, [(114, 46, 14)]
63750,31, [(114, 47, 14)]
63751,31, [(114, 44, 14)]
63872,31, [(115, 41, 15)]
63873,31, [(115, 42, 15)]
63874,31, [(115, 43, 15)]
63875,31, [(115, 40, 15)]
63876,31, [(115, 45, 15)]
63877,31, [(115, 46, 15)]
63878,31, [(115, 47, 15)]
63879,31, [(115, 44, 15)]
64000,31, [(116, 41, 16)]
64001,31, [(116, 42, 16)]
64002,31, [(116, 43, 16)]
64003,31, [(116, 40, 16)]
64004,31, [(116, 45, 16)]
64005,31, [(116, 46, 16)]
64006,31, [(116, 47, 16)]
64007,31, [(116, 44, 16)]
64128,31, [(117, 41, 17)]
64129,31, [(117, 42, 17)]
64130,31, [(117, 43, 17)]
64131,31, [(117, 40, 17)]
64132,31, [(117, 45, 17)]
64133,31, [(117, 46, 17)]
64134,31, [(117, 47, 17)]
64135,31, [(117, 44, 17)]
64256,31, [(118, 41, 18)]
64257,31, [(118, 42, 18)]
64258,31, [(118, 43, 18)]
64259,31, [(118, 40, 18)]
64260,31, [(118, 45, 18)]
64261,31, [(118, 46, 18)]
64262,31, [(118, 47, 18)]
64263,31, [(118, 44, 18)]
64384,31, [(119, 41, 19)]
64385,31, [(119, 42, 19)]
64386,31, [(119, 43, 19)]
64387,31, [(119, 40, 19)]
64388,31, [(119, 45, 19)]
64389,31, [(119, 46, 19)]
64390,31, [(119, 47, 19)]
64391,31, [(119, 44, 19)]
64512,31, [(120, 51, 0)]
64513,31, [(120, 48, 0)]
64514,31, [(120, 49, 0)]
64515,31, [(120, 50, 0)]
64516,31, [(120, 55, 0)]
64517,31, [(120, 52, 0)]
64518,31, [(120, 53, 0)]
64519,31, [(120, 54, 0)]
64640,31, [(121, 50, 1)]
64641,31, [(121, 51, 1)]
64642,31, [(121, 48, 1)]
64643,31, [(121, 49, 1)]
64644,31, [(121, 54, 1)]
64645,31, [(121, 55, 1)]
64646,31, [(121, 52, 1)]
64647,31, [(121, 53, 1)]
64768,31, [(122, 50, 2)]
64769,31, [(122, 51, 2)]
64770,31, [(122, 48, 2)]
64771,31, [(122, 49, 2)]
64772,31, [(122, 54, 2)]
64773,31, [(122, 55, 2)]
64774,31, [(122, 52, 2)]
64775,31, [(122, 53, 2)]
64896,31, [(123, 50, 3)]
64897,31, [(123, 51, 3)]
64898,31, [(123, 48, 3)]
64899,31, [(123, 49, 3)]
64900,31, [(123, 54, 3)]
64901,31, [(123, 55, 3)]
64902,31, [(123, 52, 3)]
64903,31, [(123, 53, 3)]
65024,31, [(124, 50, 4)]
65025,31, [(124, 51, 4)]
65026,31, [(124, 48, 4)]
65027,31, [(124, 49, 4)]
65028,31, [(124, 54, 4)]
65029,31, [(124, 55, 4)]
65030,31, [(124, 52, 4)]
65031,31, [(124, 53, 4)]
65152,31, [(125, 50, 5)]
65153,31, [(125, 51, 5)]
65154,31, [(125, 48, 5)]
65155,31, [(125, 49, 5)]
65156,31, [(125, 54, 5)]
65157,31, [(125, 55, 5)]
65158,31, [(125, 52, 5)]
65159,31, [(125, 53, 5)]
65280,31, [(126, 50, 6)]
65281,31, [(126, 51, 6)]
65282,31, [(126, 48, 6)]
65283,31, [(126, 49, 6)]
65284,31, [(126, 54, 6)]
65285,31, [(126, 55, 6)]
65286,31, [(126, 52, 6)]
65287,31, [(126, 53, 6)]
65408,31, [(127, 50, 7)]
65409,31, [(127, 51, 7)]
65410,31, [(127, 48, 7)]
65411,31, [(127, 49, 7)]
65412,31, [(127, 54, 7)]
65413,31, [(127, 55, 7)]
65414,31, [(127, 52, 7)]
65415,31, [(127, 53, 7)]
81920,63, [(13, 0, 13), (2, 0, 2), (4, 0, 4), (0, 1, 0), (6, 0, 6), (8, 0, 8), (14, 0, 14), (16, 0, 16), (27, 9, 7), (22, 9, 2), (29, 9, 9), (30, 9, 10), (20, 10, 0), (1, 0, 1), (3, 0, 3), (11, 0, 11), (24, 9, 4), (15, 0, 15), (21, 9, 1), (17, 0, 17), (10, 0, 10), (31, 9, 11), (12, 0, 12), (18, 0, 18), (26, 9, 6), (5, 0, 5), (7, 0, 7), (28, 9, 8), (9, 0, 9), (19, 0, 19), (23, 9, 3), (25, 9, 5)]
81921,63, [(35, 9, 15), (61, 27, 1), (37, 9, 17), (39, 9, 19), (63, 27, 3), (43, 18, 3), (55, 18, 15), (45, 18, 5), (57, 18, 17), (42, 18, 2), (36, 9, 16), (38, 9, 18), (59, 18, 19), (52, 18, 12), (54, 18, 14), (46, 18, 6), (62, 27, 2), (33, 9, 13), (47, 18, 7), (49, 18, 9), (51, 18, 11), (41, 18, 1), (58, 18, 18), (40, 19, 0), (32, 9, 12), (60, 24, 0), (34, 9, 14), (53, 18, 13), (48, 18, 8), (44, 18, 4), (50, 18, 10), (56, 18, 16)]
81922,63, [(91, 32, 11), (64, 27, 4), (82, 32, 2), (66, 27, 6), (94, 32, 14), (86, 32, 6), (88, 32, 8), (76, 27, 16), (78, 27, 18), (81, 32, 1), (75, 27, 15), (83, 32, 3), (67, 27, 7), (89, 32, 9), (80, 33, 0), (93, 32, 13), (65, 27, 5), (73, 27, 13), (79, 27, 19), (68, 27, 8), (77, 27, 17), (70, 27, 10), (95, 32, 15), (84, 32, 4), (90, 32, 10), (92, 32, 12), (72, 27, 12), (74, 27, 14), (71, 27, 11), (85, 32, 5), (87, 32, 7), (69, 27, 9)]
81923,63, {(109, 41, 9), (123, 50, 3), (125, 50, 5), (107, 41, 7), (118, 41, 18), (115, 41, 15), (119, 41, 19), (102, 41, 2), (104, 41, 4), (100, 42, 0), (98, 32, 18), (114, 41, 14), (116, 41, 16), (122, 50, 2), (124, 50, 4), (113, 41, 13), (121, 50, 1), (127, 50, 7), (103, 41, 3), (105, 41, 5), (111, 41, 11), (117, 41, 17), (106, 41, 6), (108, 41, 8), (96, 32, 16), (97, 32, 17), (99, 32, 19), (110, 41, 10), (112, 41, 12), (101, 41, 1), (120, 51, 0), (126, 50, 6)}
