6.269231089390814304e-04
-1.682104766368865967e-01
3.340699477121233940e-04
2.144845202565193176e-03
6.272616982460021973e-02
-6.296116625890135765e-04
-5.593963712453842163e-02
-9.334959089756011963e-02
5.653736297972500324e-04
-3.091589896939694881e-04
-4.770844429731369019e-02
1.660341513343155384e-03
2.282598288729786873e-04
1.535115540027618408e-01
1.413917839527130127e-01
2.759596109390258789e-01
-9.352543205022811890e-02
-4.156649811193346977e-04
1.310293823480606079e-01
-1.034697890281677246e-01
7.166330702602863312e-03
-3.533993382006883621e-03
-1.084181666374206543e-01
9.509523212909698486e-02
5.700229667127132416e-04
4.046967625617980957e-02
7.838103920221328735e-04
-1.941543221473693848e-01
-1.267250743694603443e-03
-1.947343051433563232e-01
-4.251509532332420349e-02
1.574155092239379883e-01
-7.465255446732044220e-03
-1.410316824913024902e-01
7.200448215007781982e-02
2.705240156501531601e-03
7.906216382980346680e-02
-9.911902248859405518e-02
-7.797267287969589233e-02
2.209209799766540527e-01
1.643822789192199707e-01
1.879353821277618408e-01
1.833345144987106323e-01
-4.687463806476444006e-04
-1.194499954581260681e-01
-1.899298429489135742e-01
3.516236087307333946e-03
-2.078738063573837280e-03
-2.368314117193222046e-01
-9.626722335815429688e-02
2.639442973304539919e-04
5.281713604927062988e-02
6.913584074936807156e-04
-2.412742003798484802e-03
1.891868710517883301e-01
-6.481615453958511353e-02
1.368943750858306885e-01
-1.141033950261771679e-03
-2.185270935297012329e-01
-2.896098494529724121e-01
1.477955132722854614e-01
-2.788343990687280893e-04
-2.666032407432794571e-03
2.173302769660949707e-01
-1.178361177444458008e-01
-1.135895494371652603e-03
-5.029924213886260986e-03
-1.980361938476562500e-01
-5.024860799312591553e-02
5.972943454980850220e-02
-2.054881304502487183e-03
5.558830685913562775e-03
1.886265724897384644e-02
4.941458255052566528e-02
-1.278468072414398193e-01
1.209324896335601807e-01
-2.126544117927551270e-01
5.231401883065700531e-04
-8.361766231246292591e-05
8.519556373357772827e-03
-1.191875198855996132e-03
1.572313010692596436e-01
1.268788427114486694e-01
-1.261031627655029297e-01
-6.183583755046129227e-03
9.205400128848850727e-04
1.400410104542970657e-02
-6.346013396978378296e-02
-1.716849626973271370e-03
9.659273549914360046e-03
1.303104013204574585e-01
-4.565608687698841095e-04
1.210232004523277283e-01
1.019027307629585266e-01
-2.565880417823791504e-01
-3.636143356561660767e-02
1.862059086561203003e-01
-2.172586917877197266e-01
-3.637053072452545166e-02
-4.853994771838188171e-02
