1.945002824068069458e-01
-6.935457140207290649e-02
-6.754946708679199219e-02
7.045880705118179321e-02
-4.924409836530685425e-02
-6.722510792315006256e-03
1.197665631771087646e-01
4.830291867256164551e-02
-1.215111929923295975e-02
-7.525441050529479980e-02
-2.604638226330280304e-02
5.829266086220741272e-02
2.583681233227252960e-02
-1.344018429517745972e-01
-1.694620102643966675e-01
-1.403347998857498169e-01
-1.918005496263504028e-01
-1.937867850065231323e-01
-1.149368286132812500e-01
-1.577464342117309570e-01
2.525711655616760254e-01
-1.371196210384368896e-01
-7.829497009515762329e-02
-2.062117606401443481e-01
-1.348829418420791626e-01
-9.897169470787048340e-02
-1.781402528285980225e-01
3.901894669979810715e-04
8.269106037914752960e-03
-2.141911387443542480e-01
-3.682356327772140503e-02
-4.972506314516067505e-02
-2.916553057730197906e-02
-5.905496422201395035e-03
-1.800102293491363525e-01
1.464683115482330322e-01
-5.114037916064262390e-02
-6.994723528623580933e-02
-6.232072412967681885e-02
-7.178628444671630859e-02
-6.130227074027061462e-02
7.390974462032318115e-02
1.800344586372375488e-01
-7.255039364099502563e-02
-5.681621283292770386e-02
9.103275835514068604e-02
-4.297871142625808716e-02
-2.958173751831054688e-01
1.227927058935165405e-01
1.681127995252609253e-01
2.324158102273941040e-01
-1.165793910622596741e-01
-4.695960320532321930e-03
-1.842952966690063477e-01
6.756018102169036865e-02
-3.030170500278472900e-01
5.236941576004028320e-02
-8.629536628723144531e-02
-2.665450572967529297e-01
-3.311290964484214783e-02
-1.754211634397506714e-01
-1.404528915882110596e-01
-7.581710349768400192e-03
-6.201877817511558533e-02
-1.196253001689910889e-01
-5.366867873817682266e-03
-1.120227649807929993e-01
-1.352982036769390106e-02
5.945248529314994812e-02
-1.146099939942359924e-01
3.601467236876487732e-02
-6.455174833536148071e-02
-2.162550687789916992e-01
-9.438320994377136230e-02
-5.190788581967353821e-02
1.685412367805838585e-03
4.134739935398101807e-02
1.532216847408562899e-04
6.902135908603668213e-02
4.376157373189926147e-02
2.295333743095397949e-01
-2.469980269670486450e-01
-1.953827291727066040e-01
9.488631784915924072e-02
-1.555662900209426880e-01
-1.465197950601577759e-01
1.588330864906311035e-01
-1.130651161074638367e-01
-3.726801574230194092e-01
1.622169166803359985e-01
-1.736780069768428802e-02
-4.559725895524024963e-02
-3.243719935417175293e-01
-1.706816852092742920e-01
-7.882995158433914185e-02
-7.598496973514556885e-02
-5.713276192545890808e-02
-1.511661987751722336e-02
2.567161805927753448e-02
-9.204962849617004395e-02
