4.815923795104026794e-02
-1.448713541030883789e-01
2.922573685646057129e-01
3.093152344226837158e-01
2.056969553232192993e-01
1.476988196372985840e-01
-3.205805271863937378e-02
-2.732331119477748871e-02
2.700183093547821045e-01
2.154757976531982422e-01
3.664721250534057617e-01
3.461701273918151855e-01
1.668520420789718628e-01
6.293025333434343338e-03
-1.170797944068908691e-01
-6.864504516124725342e-02
-1.748951077461242676e-01
1.604750007390975952e-01
-8.783575147390365601e-02
-2.071634829044342041e-01
1.557781398296356201e-01
1.177367717027664185e-01
1.209179498255252838e-02
7.616084814071655273e-02
1.232384443283081055e-01
-2.443402111530303955e-01
1.714644953608512878e-02
-2.343110740184783936e-01
2.759205400943756104e-01
-1.352008432149887085e-01
-2.236161381006240845e-02
5.891695618629455566e-03
-7.220787554979324341e-02
-1.606768183410167694e-02
-1.451545208692550659e-01
2.618941068649291992e-01
-1.234951168298721313e-01
2.093875594437122345e-02
-2.031543552875518799e-01
-2.637245878577232361e-02
-1.483778003603219986e-02
-3.734385222196578979e-02
-1.628406494855880737e-01
9.525986760854721069e-02
-1.428511738777160645e-01
-6.902807950973510742e-02
3.008974790573120117e-01
-2.229633182287216187e-02
6.944563984870910645e-02
-7.131750229746103287e-03
2.324620336294174194e-01
2.197231650352478027e-01
-1.336053712293505669e-03
7.640017569065093994e-02
-1.344263553619384766e-01
3.169416785240173340e-01
6.599804013967514038e-02
-7.999313063919544220e-03
8.727375417947769165e-02
-1.165679991245269775e-01
3.277954459190368652e-01
8.894219994544982910e-02
1.906010210514068604e-01
3.901633992791175842e-02
1.703378185629844666e-02
2.569607198238372803e-01
3.167355060577392578e-01
2.937969565391540527e-01
1.975845545530319214e-01
1.799947023391723633e-02
3.254118263721466064e-01
1.699863821268081665e-01
2.806350588798522949e-01
1.945825815200805664e-01
3.756236433982849121e-01
3.869494190439581871e-03
-1.236806064844131470e-01
2.819655537605285645e-01
2.191655337810516357e-01
1.812482923269271851e-01
4.944357275962829590e-02
3.142109513282775879e-02
7.592162489891052246e-02
-1.452816873788833618e-01
1.634535640478134155e-01
7.102250307798385620e-02
4.222136363387107849e-02
-3.910089656710624695e-02
9.548376500606536865e-02
1.078477725386619568e-01
-1.207018271088600159e-01
1.272652894258499146e-01
1.631204485893249512e-01
1.368542108684778214e-02
4.940802603960037231e-02
1.360759437084197998e-01
-1.180128231644630432e-01
-5.169901624321937561e-02
6.875251978635787964e-02
3.428759574890136719e-01
