-8.067591115832328796e-03
-1.912904232740402222e-01
9.949238039553165436e-03
5.652795545756816864e-03
1.074383482336997986e-01
-3.624447155743837357e-03
-2.933712601661682129e-01
-2.849429547786712646e-01
2.133380249142646790e-02
1.424602139741182327e-02
-1.739025264978408813e-01
2.982849255204200745e-02
1.643085666000843048e-02
1.860630959272384644e-01
3.113029301166534424e-01
2.595938444137573242e-01
-2.778695225715637207e-01
1.970242150127887726e-02
2.955323159694671631e-01
-1.751134544610977173e-01
3.067919984459877014e-02
-2.002391032874584198e-02
-2.838731110095977783e-01
1.417736411094665527e-01
-5.955798085778951645e-03
2.425511926412582397e-01
-8.637376129627227783e-03
-3.146891891956329346e-01
-5.285313818603754044e-03
-2.747372686862945557e-01
-1.247075274586677551e-01
2.297355234622955322e-01
-1.141104474663734436e-01
-2.487345486879348755e-01
3.147108852863311768e-01
3.358350694179534912e-02
2.344848066568374634e-01
-2.858918309211730957e-01
-3.463091850280761719e-01
2.480774074792861938e-01
2.481210976839065552e-01
1.877161860466003418e-01
1.699979901313781738e-01
1.139370538294315338e-02
-1.562912464141845703e-01
-2.027092278003692627e-01
3.858778253197669983e-02
-8.156532421708106995e-03
-1.756217628717422485e-01
-1.486756354570388794e-01
-2.921683480963110924e-03
6.913863122463226318e-02
-1.272248197346925735e-02
7.582341786473989487e-03
3.032451272010803223e-01
-1.079448685050010681e-01
2.172081470489501953e-01
-7.882600650191307068e-03
-2.492110282182693481e-01
-2.116281986236572266e-01
1.169677972793579102e-01
-4.435793496668338776e-03
-6.597495637834072113e-03
2.191812992095947266e-01
-2.542383372783660889e-01
-1.723755523562431335e-02
-3.548708558082580566e-02
-1.092587485909461975e-01
-1.211580559611320496e-01
1.245070397853851318e-01
-2.520133927464485168e-02
1.483491994440555573e-02
2.258407883346080780e-02
9.081978350877761841e-02
-1.109316796064376831e-01
2.601110935211181641e-01
-1.579060703516006470e-01
2.031817799434065819e-03
-9.259896352887153625e-03
4.633791744709014893e-02
-7.257684599608182907e-03
2.980579137802124023e-01
2.776999175548553467e-01
-2.741121649742126465e-01
-3.185635060071945190e-02
1.896780356764793396e-02
1.627213656902313232e-01
-2.453382313251495361e-01
-1.315109431743621826e-02
5.105676129460334778e-03
2.761038243770599365e-01
4.406450316309928894e-03
1.074530184268951416e-01
3.115052580833435059e-01
-2.166797667741775513e-01
-1.511419564485549927e-01
2.777447700500488281e-01
-2.514930367469787598e-01
-1.190441772341728210e-01
-7.944673299789428711e-02
