5458.67
2276.67
1567.75
732.813
3399.76
11863.2
2578.57
2609.4
11989.6
626.485
7541.99
1267.38
1968.17
39600.6
4367.03
6481.58
12098.7
20026.4
770.894
21780.3
3512.98
4272.07
54074.5
1440.52
3828.79
21954.5
7907.06
209.261
3099.45
10257.2
9679.98
965.92
1201.7
184.108
19826.9
1145.85
1257.3
8005.0
26667.0
9235.33
7471.88
332.154
9655.41
553.174
1939.62
83614.7
3057.34
5402.84
609.628
2631.15
15661.1
12569.7
195.3
7151.23
3935.22
3063.24
748.188
2005.03
24333.4
1721.56
1540.64
925.252
15988.8
2722.19
