0.403272
0.75046
0.370258
2.64856
0.147714
0.225602
1.0204
0.187334
0.534628
0.199443
0.191543
9.42198
0.83337
0.867545
0.564678
6.36149
0.493612
0.582585
0.516465
0.122356
21.4742
0.132178
0.294851
0.482218
1.1079
0.430423
1.03678
0.263305
0.722154
1.56576
0.874606
1.19256
0.429769
0.275836
0.180695
0.452224
0.366963
2.4038
0.482523
0.173598
2.64212
0.337386
1.28189
0.177367
0.733885
1.07097
0.469475
0.251114
2.48176
0.875109
0.487045
2.94785
0.606682
1.19429
7.08835
4.43504
0.748076
0.512708
0.216874
4.19614
0.150152
1.58646
0.914072
0.53015
