0.821954
2.46707
1.78951
0.153782
8.77197
0.182422
0.357723
1.11463
1.75073
0.201226
0.301904
0.629181
0.185587
1.67481
4.26086
2.19687
1.89821
0.225021
0.707671
1.28907
0.546318
1.13356
0.64391
0.328136
0.888534
1.28103
0.486262
0.957371
0.646207
2.69382
4.38139
0.754791
0.750857
4.78386
0.765558
0.608988
1.47426
0.440206
1.8926
0.765848
0.807521
1.28908
0.0522037
0.24164
0.890961
0.99637
0.643588
0.525444
0.671093
1.45183
1.00018
1.64059
2.01163
2.28066
0.761812
0.108517
0.267046
0.304543
1.83658
0.976258
4.87947
2.14896
3.28882
1.40557
