0.153386
0.077813
-1.06877
0.709952
-0.883214
-0.229465
-0.666873
0.13408
0.157333
0.010061
-0.911735
-0.0305943
-1.36499
0.831326
-0.939306
-0.684228
-0.278446
0.812438
-1.14587
-0.172285
0.149164
0.771658
0.307759
-0.841971
-0.472319
-0.352492
1.03103
0.381128
1.71286
-0.323988
1.35178
0.00340978
-1.29825
-0.667616
0.728044
0.428265
0.485542
0.91408
-0.308854
-1.31331
1.60992
-0.788347
-0.786555
0.74874
0.641105
0.0266255
-1.00199
-0.20374
-0.749524
0.401914
0.158218
0.289305
1.14894
-0.600728
-0.64581
-0.0371363
-0.485029
-0.166947
0.345846
-0.495096
-1.59264
-0.316642
0.244369
0.0237665
-1.46156
-1.51475
-0.442833
1.74796
0.243536
-0.948428
-0.113926
0.0290019
-0.0350834
-0.752864
-0.542736
0.185492
0.454867
0.963421
-0.277963
1.01407
0.140264
0.492304
0.304115
0.50814
0.00380371
-0.561548
0.249169
-0.5422
-0.448129
0.778249
-0.448913
0.367011
-0.918345
-0.0459938
0.23195
-0.0335811
-0.118788
0.570765
0.493926
-0.105089
-0.0756409
0.155987
-0.0147006
0.0693977
-0.225554
0.141319
-0.554762
0.782281
-0.0802907
-0.618467
-0.186033
0.552367
-0.135847
-0.0430803
0.721044
0.367615
1.78399
-0.0489084
-0.535546
0.834993
0.613357
-0.0913897
0.185772
-1.23935
-0.809694
-0.0539065
0.149014
-0.102889
0.144477
1.14424
-0.308335
1.07662
0.804589
-0.940305
0.0901392
-0.14674
1.08233
-1.36561
-0.664492
0.372626
0.208079
-0.185225
-0.213797
0.409676
-2.00828
1.0701
-0.769646
-0.610803
0.76762
-0.259109
0.121515
0.206278
-0.233125
0.292648
0.55438
0.101638
-0.134183
0.117073
-0.0218611
1.09878
0.704246
0.358456
-0.602778
-0.674652
-1.03761
1.29197
-0.164947
-0.830285
0.330232
-1.41465
1.09535
-0.544398
0.686142
-0.448709
0.101348
0.471875
-1.06828
-0.834379
0.0847775
0.232819
-0.181065
0.767746
0.959392
0.00302339
1.83712
-0.639633
-0.00456411
-0.173345
0.0795513
0.623223
0.125448
-1.44593
0.788439
0.842645
0.173678
-0.560235
-0.237676
0.4464
0.390449
0.736706
0.214774
1.79926
0.155019
0.116169
-0.0708636
0.490375
0.357344
-0.339792
-0.242028
0.0735594
0.00113572
0.0173643
-0.23149
0.511426
-0.0960511
0.522899
0.0464834
-0.547931
-1.07351
-0.327966
0.0275649
-0.902077
0.529487
-0.516156
-0.514357
-0.0903668
0.0287294
0.895347
-0.497061
0.00699075
-0.43842
-1.58694
-0.165138
-0.0224643
-0.556303
0.647276
0.705902
0.685615
0.961473
0.797368
-0.717183
0.428761
-0.664771
0.222612
-0.166649
-1.88711
-0.258728
-0.0966337
0.148217
-0.983783
0.000910468
-0.0929099
0.125092
-0.286565
-0.957903
-0.0435663
