0.326912
0.0857589
0.0864225
0.0880768
0.338152
0.32322
-0.666079
0.120016
0.405662
-0.051298
0.341321
-0.282068
-0.00349643
0.243913
0.0607002
-0.359187
-0.430015
0.0469567
-0.0296641
0.259131
-0.293545
0.270851
0.00257139
0.00778675
-0.0269124
0.0260454
0.0313842
-0.155335
-0.168724
0.234237
0.0316189
-0.485762
0.499154
-0.0575207
-0.0805667
0.0963131
0.415679
-0.0284535
0.115149
0.115441
0.0315626
-0.268546
0.505652
0.204449
-0.165317
-0.000524955
-0.090244
0.410166
-0.0276093
0.238401
0.0631226
0.0124566
0.776835
-0.617884
0.080669
0.139734
0.0457912
-0.356606
-0.790523
-0.143009
0.250885
-0.228047
0.358396
-0.128634
-0.070005
-0.182356
0.0177051
0.133843
0.144826
-0.130485
0.215423
0.703983
-0.279984
0.255207
0.0474429
0.0807668
0.314309
-0.0872526
-0.0464508
-0.0219047
0.0455513
0.161717
-0.273907
-0.334818
-0.267889
-0.102188
0.178604
-0.280263
-0.127948
-0.733872
0.049973
-0.00182507
0.00100206
0.131853
-0.116165
-0.213899
-1.09011
0.630113
-0.00207964
0.296057
-0.638081
-0.355959
-0.164
0.170644
-0.819301
0.221713
-0.591015
-0.0655728
-0.0411104
0.0146016
-0.237262
0.0445638
0.228226
-0.0455288
0.359501
0.993087
0.0165182
-0.139686
-0.0015035
-0.0559996
-0.342896
-0.207535
0.180505
0.00759083
0.0547398
0.235036
0.00923032
0.104426
-0.189671
0.0535036
-0.629019
-0.021262
-0.114093
0.081397
-0.622498
-0.116318
-0.189278
0.18788
0.29999
-0.168973
0.499895
-0.69962
0.109229
-0.135387
0.332124
0.0188899
-0.286473
0.0269682
-0.143126
-0.0817421
-0.0811552
0.227909
0.387673
-0.529815
-0.354806
-0.175024
0.669122
-1.02174
-0.0423829
0.334537
0.124604
-0.00460289
0.0418099
0.107533
0.260642
0.00738988
-0.460684
-0.227255
-0.376093
-0.00652051
-0.0843578
0.0213587
-0.118534
-0.0707332
0.00797418
0.181361
-0.0497207
0.108141
0.29148
-0.021593
-0.173203
0.270663
0.104573
-0.0180222
-0.01418
-0.0256218
0.0202741
0.00837008
0.237307
-0.0441231
0.202013
0.309253
0.168921
-0.0708665
-0.309338
0.148638
-0.971657
0.470952
-0.0553347
0.47539
-0.263068
-0.0271411
-0.154092
-0.233522
0.0478649
-0.233857
0.167624
-0.181321
-0.0990863
-0.29869
-0.810246
-0.250249
0.119113
0.169179
-0.106755
0.230621
-0.681851
0.263135
-0.0381997
-0.362109
0.171224
0.0808486
-0.0418018
0.0646054
-0.0868766
0.673542
-0.0187043
-0.687587
-0.695676
-0.542855
0.949229
-0.00897012
-0.511958
-0.227732
0.279183
-0.0644282
0.423013
-0.0114376
-0.121075
0.337246
-0.444713
-0.094508
-0.546145
-0.122204
-0.107018
-0.0345525
-0.190839
-0.583869
-0.26278
-0.737565
-0.290159
0.134778
0.186542
0.0910079
-0.024433
-0.157328
