0.290722
0.703619
0.871747
0.498231
0.392038
0.8914
0.67849
0.577617
0.478701
0.637922
0.314856
0.347512
0.27754
0.722358
0.207709
0.691485
0.878991
0.417573
0.439203
0.166328
0.529749
0.745221
0.225563
0.341135
0.87073
0.318218
0.668994
0.747277
0.793445
0.374
0.500481
0.606999
0.580062
0.732497
0.562023
0.334998
0.828531
0.452244
0.683167
0.470791
0.490985
0.350956
0.475317
0.583755
0.253719
0.345598
1.07526
0.903524
0.311042
0.939383
0.705458
0.302239
0.64553
1.11791
0.433636
0.491376
0.845429
0.351982
0.322326
0.319788
0.430607
0.427079
0.472104
0.671592
