0.104428
0.00981674
0.0157242
0.0378639
0.0915454
0.0510447
0.0503381
0.00958791
0.0692452
0.0868633
0.0685999
0.0527466
0.0203272
0.056488
0.00317297
0.0771851
0.0188275
0.0164474
0.0229884
0.0475331
0.0863553
0.0220268
0.0219314
0.00083744
0.00129714
0.000336701
0.000355189
0.0384309
0.00614724
0.0517323
0.00134501
0.0283926
0.0422447
0.00128231
0.00200933
0.0723982
0.0438582
0.0313721
0.0312294
0.00605447
0.00132537
0.0348256
0.0304422
0.0348061
0.0885088
0.00127016
0.0535512
0.0871228
0.00230418
0.0513679
0.0504882
0.0420211
0.04928
0.0523795
0.0356829
0.00825079
0.000679825
0.0471733
0.0783773
0.0186172
0.0573529
0.0504417
0.0592534
0.0515877
0.00211048
0.0373697
0.00094329
0.0162593
0.149028
0.00641065
0.0470731
0.0807541
0.0642081
0.0586026
0.0285166
0.00813755
0.0852036
0.00148854
0.0139776
0.00167127
0.0273767
0.0821064
0.0662937
0.0215642
0.0569101
0.0456729
0.00872163
0.0161551
0.0341273
0.0484243
0.00367339
0.00870912
0.000709402
0.0606382
0.0630089
0.0400919
0.0838633
0.166993
0.0667124
0.0586093
0.0277756
0.0606231
0.0543236
0.0682417
0.107266
0.011956
0.0602748
0.00805434
0.0362046
0.000868069
0.0108383
0.0377316
0.0756188
0.0688324
0.0581433
0.0735118
0.00262838
0.0587779
0.0469684
0.00170905
0.0259797
0.0465152
0.152311
0.00125268
0.00611117
0.0435681
0.00115343
0.00823951
0.0649474
0.0271423
0.0757593
0.00368515
0.0518823
0.00351143
0.0792776
0.00913804
0.0406215
0.0603246
0.0234276
0.0641492
0.0496518
0.0718182
0.046725
0.0392867
0.0721013
0.000498796
0.0766208
0.00818204
0.0296971
0.0165876
0.0497393
0.0401539
0.0227976
0.0578923
0.0658915
0.0122643
0.153943
0.0687227
0.000765433
0.0196331
0.0347496
0.00125681
0.0622614
0.125289
0.0288746
0.0212921
0.0839598
0.0556042
0.055541
0.00662022
0.0398514
0.0562749
0.0470202
0.00247598
0.0631631
0.0604103
0.0260952
0.0667579
0.0653004
0.00180399
0.0283761
0.050515
0.0158551
0.0208171
0.0023903
0.0118446
0.000689953
0.00078033
0.0244618
0.00694828
0.0377018
0.0437816
0.103946
0.0462785
0.177814
0.0345355
0.0829723
0.0577721
0.0390751
0.0724804
0.040653
0.000683949
0.0671766
0.0581734
0.00121214
0.0333697
0.0275417
0.0449107
0.0630375
0.0467577
0.139032
0.080611
0.00597038
0.0882679
0.0121206
0.0606449
0.12248
0.0288474
0.127389
0.0521486
0.0481576
0.0352555
0.0422042
0.00076413
0.0433276
0.0920328
0.000513823
0.0566453
0.0559858
0.049778
0.0947683
0.000976142
0.0805238
0.0505566
0.0372548
0.00524852
0.028174
0.0332194
0.0492894
0.0478285
0.0605874
0.0434641
0.111782
0.0408866
0.0497014
0.000964801
0.0711613
0.0295162
0.0596363
0.0618184
0.0787837
0.0529808
0.0722677
0.0181993
0.00173746
0.0636095
