-0.0645314
-0.27022
0.0541652
-0.311859
-0.306241
0.313494
-0.301412
0.0879094
-0.343926
-0.506489
0.0606393
0.0031553
-0.330756
-0.10688
0.109736
0.0425677
0.754154
-0.0820837
-0.00960821
-0.423796
-0.384339
-0.0371597
-0.0953966
-0.247059
0.0706872
-0.521331
0.0631779
0.145598
-0.121054
0.0653682
-0.142933
0.102025
-0.182494
0.0473784
-0.572742
0.00450176
-0.58282
-0.189579
-0.261101
0.309406
0.0955164
-0.0393919
-0.351535
-0.193282
-0.186583
-0.554706
0.14277
0.0937168
-0.200007
-0.187482
0.363826
-0.624903
-0.296333
-0.0119946
0.144023
-0.190001
0.0347046
0.0278321
-0.118301
-0.119728
-0.537023
0.0595579
-0.083755
-0.0739688
-0.0559448
-0.0738395
0.166227
0.0831125
-0.182991
-0.195629
-0.119587
0.268666
-0.256135
-0.0139896
0.181982
0.0955421
0.199646
-0.538808
-0.348645
-0.318732
-0.319685
-0.0964173
0.0374969
0.212171
-0.0614514
0.219752
-0.446035
0.44449
0.0652976
-0.100346
0.0174441
-0.0251947
-0.250679
-0.439076
-0.0317195
0.0255659
-0.510439
-0.306484
-0.130311
0.190661
-0.0171822
-0.338348
-0.0500251
-0.175594
0.126512
0.278456
0.174008
0.024806
0.0534784
0.0829737
-0.146855
-0.198056
-0.063144
-0.258263
-0.484507
-0.429552
0.0136891
-0.00853282
0.105
0.329073
-0.0116448
-0.322764
-0.382175
-0.0540265
-0.329142
-0.145445
0.0938196
-0.145837
0.0103589
-0.00375962
-0.310361
0.321922
-0.622021
-0.3246
-1.07444
0.315164
0.0251104
-0.40407
-0.131069
-0.261372
0.280199
-0.0387162
-0.523493
0.124562
0.0837048
-0.00527104
-0.330109
0.0579166
-0.0123363
0.445694
-0.545265
-0.10145
-0.115174
-0.139571
-0.279137
0.057307
-0.28319
0.0213215
-0.237803
-0.138554
0.533707
-0.185505
-0.526266
0.162405
-0.271231
-0.251691
-0.0203658
-0.343131
0.0492236
-0.235233
-0.0442685
0.0224885
-0.139475
-0.12277
-0.203119
0.0299846
-0.293983
0.174828
0.269761
-0.0976294
-0.239676
0.201357
0.0194533
-0.289801
-0.0181618
-0.000706199
-0.102514
-0.219403
-0.179171
-0.322612
-0.128045
-0.355883
-0.0168653
-0.460252
-0.213953
-0.213256
0.242687
-0.036692
-0.081687
-0.132853
0.119934
0.164189
-0.204628
-0.583332
0.0800517
-0.111305
-0.546669
0.381836
0.295835
-0.0616179
0.0869482
0.0225179
-0.0249944
-0.336539
-0.164602
-0.210723
0.288912
0.0225732
0.582289
0.0505269
-0.357248
0.128206
0.197097
-0.0525892
-0.200889
-0.0549063
0.0436759
-0.0681762
-0.0192045
-0.0283072
0.139006
-0.218695
0.00739511
0.201443
-0.04453
-0.212942
-0.164033
-0.539251
0.320829
-0.0976963
-0.197736
0.109962
-0.672707
0.0354017
0.0506207
-0.010408
0.0357668
-0.221502
0.042237
0.254218
0.160042
0.263199
-0.499003
-0.153795
0.022003
0.253065
0.176617
0.312488
-0.106823
0.0265042
0.0166567
-0.0390177
-0.292046
-0.551014
0.175874
-0.0570696
0.408925
-0.244433
-0.0883061
-0.190085
0.120825
-0.0270282
-0.361759
-0.273258
-0.220217
0.175224
0.130246
-0.4886
-0.0223798
0.00491047
-0.240524
-0.000137073
-0.057639
-0.228142
-0.405826
0.0230874
-0.131936
-0.188082
-0.399614
-0.0156712
-0.00206195
-0.144994
-0.24426
0.0100266
-0.0424263
-0.0731433
0.416374
0.382112
-0.476453
-0.0935341
-0.152431
0.226803
-0.392146
0.225832
-0.478224
-0.119408
-0.0900066
-0.0803204
-0.207432
0.186899
-0.478343
0.192052
-0.0687159
-0.22061
-0.233695
-0.203526
-0.28927
-0.116268
-0.388623
0.581173
-0.460121
0.0169038
0.185196
-0.16361
-0.147243
-0.506825
0.0475468
-0.180607
0.0312454
-0.476851
-0.287142
0.0677967
0.227188
-0.0722779
-0.166718
0.322042
-0.352539
-0.517306
0.1248
-0.144293
-0.672852
-0.00961084
0.0900929
-0.18823
-0.0641546
0.296691
0.169913
-0.226377
0.178903
0.0620948
0.0478576
0.00770858
-0.259542
-0.490397
-0.00245879
0.199313
0.0221251
0.00832129
-0.156862
-0.173642
-0.21179
0.00864535
-0.183446
0.117056
0.229649
0.145361
0.500503
0.464258
0.0484067
0.149959
-0.0147514
-0.494291
-0.0465378
0.148666
-0.284399
-0.302882
0.108134
-0.315367
-0.203776
-0.108434
-0.0666208
0.00710579
-0.334514
-0.195598
-0.23879
0.00560726
-0.215338
0.138202
0.0202208
-0.0795249
0.157732
0.490787
-0.0246177
-0.101064
0.0322438
-0.0351667
-0.327438
-0.267698
-0.0482182
-0.135975
-0.273834
0.0322697
0.633448
0.140376
-0.328917
-0.255775
-0.159541
0.0365387
0.149302
-0.318503
0.122952
0.133906
-0.0175961
0.0472064
-0.286113
-0.0318272
0.948836
0.0170476
-0.244202
-0.0319607
-0.47343
-0.199052
-0.199881
-0.0232683
-0.3801
0.330363
-0.195226
-0.316472
0.122906
-0.0758812
0.220391
-0.0331332
-0.185112
0.0856405
-0.125721
-0.263288
-0.310445
-0.0730139
-0.396514
-0.396593
0.25566
-0.116842
-0.486117
-0.136158
-0.039508
0.0443767
-0.43471
0.0584119
0.110981
0.0669882
-0.941869
0.498242
-0.058276
0.484035
0.00379576
-0.276277
-0.0806305
0.0274631
0.213788
-0.177702
-0.0922566
0.100263
1.0758
-0.204821
0.221627
0.350985
0.0393361
0.310282
-0.0497248
0.0778891
0.0483308
-0.163148
0.192209
-0.250958
0.0501114
-0.304317
0.103156
-0.0431668
0.408496
-0.127673
0.0102976
-0.195692
-0.0548452
0.139362
-0.230416
-0.394134
-0.505577
-0.0287285
0.355506
-0.00914156
0.00769938
0.316846
-0.14968
0.0130332
0.00470938
-0.505062
0.195718
-0.306978
-0.0299176
-0.0476419
0.0684929
0.00878615
-0.623706
-0.103021
-0.0717981
-0.308053
0.398472
-0.454922
0.0929284
-0.0185531
-0.157391
-0.498496
