0.456729
1.00762
0.662627
0.812116
0.939205
0.450574
0.725598
0.951425
1.27227
0.646591
0.579887
0.754122
0.643547
0.768467
0.615452
1.74534
0.207435
0.792655
0.694058
0.932426
0.964461
0.860024
0.517669
0.339888
0.581645
0.738322
1.09331
0.787178
1.22582
0.943805
0.880459
0.864788
0.586476
0.819357
0.533407
0.817505
0.63033
0.841619
0.454581
1.60358
1.27467
0.727318
0.802635
0.478001
0.292752
0.837872
0.77483
1.17791
0.310332
1.11026
1.22123
0.374567
0.997129
2.56656
0.506125
0.265301
0.66685
0.754703
1.7148
0.599475
1.00054
0.913591
0.57779
0.353799
1.23094
1.15594
0.728266
0.847799
0.433646
1.50729
0.966416
0.4492
0.796296
0.579723
1.11384
0.771823
0.948466
1.01843
0.645181
0.659151
0.648077
0.985173
0.344623
1.66829
0.533892
0.904038
0.927478
1.11944
0.406251
0.771493
0.470309
0.414975
0.660309
0.535531
0.304314
0.627863
1.68728
0.429549
1.34603
0.605223
1.00801
0.616881
1.09535
0.847092
0.77781
0.516536
0.764689
0.389418
0.511009
0.607574
0.72466
1.01483
0.743603
0.513115
0.542202
1.05203
1.76712
0.902338
0.668498
0.765054
0.361141
1.27565
0.436406
0.688443
0.958147
1.21615
0.608141
0.175278
