0.0314437
0.0367063
0.0647974
0.0312156
0.161415
0.0791613
0.0667222
0.0128095
0.062465
0.0345918
0.100237
0.0303864
0.0268095
0.0393766
0.0345424
0.1161
0.0688009
0.132969
0.0204419
0.0304828
0.125272
0.0260631
0.0294
0.0246489
0.0659282
0.151328
0.0505646
0.0558068
0.11084
0.0616173
0.0129088
0.0277859
0.0135229
0.0707893
0.0459505
0.0605305
0.105402
0.050551
0.0660171
0.0461619
0.0581111
0.0496599
0.0458385
0.0415075
0.0121071
0.444661
0.139063
0.0309504
0.0316716
0.0204675
0.0321767
0.194491
0.048962
0.00078412
0.0490047
0.0475616
0.00120363
0.0218941
0.0247364
0.0517842
0.0290357
0.0128054
0.0690848
0.117736
0.0959469
0.0261315
0.044457
0.14979
0.0402546
0.0321556
0.132861
0.0140678
0.0554911
0.00124177
0.0417993
0.0272106
0.0180769
0.0696721
0.0331785
0.0330537
0.113298
0.125204
0.0304326
0.0720045
0.0999483
0.0953291
0.067477
0.0548348
0.0962489
0.0338385
0.0921309
0.0134185
0.0595949
0.0409213
0.0144645
0.0858253
0.039601
0.0702957
0.103309
0.0258532
0.0382525
0.0340091
0.00856811
0.0287939
0.0418608
0.033196
0.0649622
0.00164977
0.00646947
0.118069
0.0287014
0.0832742
0.392802
0.0428875
0.101962
0.0714673
0.0756074
0.000684089
0.0069087
0.0616861
0.0132539
0.0576282
0.0698801
0.0873017
0.0666512
0.03347
0.0281929
0.0109735
0.0623253
0.185616
0.0359401
0.184857
0.0289224
0.0451654
0.0839179
0.0476752
0.0715329
0.110907
0.072861
0.113533
0.0492467
0.0158062
0.0251183
0.0840825
0.0486349
0.00112062
0.0719835
0.011325
0.0479111
0.0435493
0.0595299
0.0461461
0.0275707
0.0306349
0.0400298
0.0209617
0.0754336
0.00145681
0.193237
0.0137629
0.0522119
0.058667
0.0485232
0.0556395
0.0324146
0.0568836
0.119863
0.0392804
0.0232327
0.0292439
0.00286577
0.0275569
0.0707571
0.0367175
0.0819842
0.0981159
0.09437
0.0412824
0.0279653
0.0133653
0.159663
0.0306688
0.00186684
0.0841393
0.038016
0.0015293
0.0382719
0.0458695
0.0261411
0.0615755
0.16027
0.0687047
0.0433401
0.0816114
0.0336513
0.175871
0.0832303
0.0196301
0.0319941
0.274686
0.130019
0.0760615
0.00418975
0.095871
0.0259251
0.127898
0.0490873
0.127365
0.0409472
0.119121
0.0789386
0.00316209
0.0297753
0.067664
0.0467125
0.0599607
0.027275
0.0706521
0.0553616
0.0604702
0.0473702
0.0879579
0.172116
0.00331177
0.0821216
0.00750297
0.245947
0.0435508
0.00710132
0.00473968
0.0298774
0.0166998
0.0492534
0.017772
0.0614897
0.0646336
0.0309298
0.29092
0.0275983
0.0654942
0.0386913
0.0567612
0.03314
0.116008
0.0374374
0.0432373
0.0896156
0.0208356
0.011989
0.152671
0.0258561
0.0230437
0.0699343
0.0161633
0.0339623
0.0140052
0.0735971
0.0704475
0.0733602
0.0474143
0.0267083
0.10981
0.0390354
0.0341086
0.0598294
0.0103205
0.0426513
0.0679261
0.0674117
0.0394668
0.0576558
0.065388
0.0375483
0.0361823
0.039633
0.0649845
0.0155638
0.0814177
0.077932
0.00167154
0.0768537
0.0516792
0.00984603
0.0269649
0.0219073
0.0289945
0.0509701
0.0504726
0.0539007
0.00184488
0.0113183
0.0103476
0.0368497
0.050322
0.0331322
0.054802
0.0489522
0.0420494
0.104029
0.0252822
0.0946518
0.096028
0.0483654
0.0438426
0.0527062
0.0400471
0.0251912
0.0243476
0.0485044
0.0290937
0.0619277
0.00978505
0.0142879
0.0762965
0.0597607
0.0427729
0.0452399
0.035551
0.0836865
0.0241102
0.0634877
0.013013
0.187539
0.0311243
0.11143
0.0976775
0.0188197
0.0660057
0.0130045
0.051319
0.0340786
0.0333088
0.0625768
0.0895503
0.0206407
0.0183306
0.0522757
0.078679
0.0579217
0.0527206
0.186433
0.147561
0.0328626
0.0578359
0.00507342
0.136688
0.0178481
0.0204003
0.0814735
0.0271787
0.108732
0.00629516
0.0625888
0.027947
0.000892337
0.0863155
0.208306
0.0022758
0.408481
0.0544405
0.179357
0.0104481
0.0504409
0.0653091
0.203362
0.06435
0.210624
0.093095
0.0146614
0.0890234
0.0346068
0.0217017
0.0413641
0.0996247
0.0654209
0.0445132
0.0278472
0.106767
0.0636355
0.0472798
0.0153949
0.00439787
0.0795492
0.0338043
0.0836273
0.0013474
0.205561
0.0310818
0.03445
0.183415
0.121159
0.0851492
0.0846436
0.105928
0.0456135
0.125921
0.0203636
0.0470719
0.109709
0.0916888
0.0341457
0.0687024
0.0851237
0.0349656
0.0948509
0.0123104
0.0443028
0.0128747
0.0406087
0.0381778
0.0115431
0.0359078
0.00414402
0.0220597
0.0818051
0.0273981
0.0689162
0.0245599
0.064183
0.0424628
0.160041
0.0330762
0.0822991
0.0615265
0.101393
0.0666993
0.0320249
0.125585
0.0593932
0.110894
0.0268183
0.00129347
0.0410476
0.00873051
0.0196849
0.0835253
0.0787535
0.112647
0.0513836
0.0375446
0.0404212
0.0347042
0.0469325
0.0289938
0.0566566
0.19673
0.0665787
0.00481585
0.224907
0.143492
0.0887498
0.0437586
0.0182732
0.0808111
0.0426835
0.0736753
0.109915
0.0274233
0.0226033
0.0129754
0.0196073
0.0339851
0.30572
0.0402483
0.090016
0.0921507
0.00423531
0.0522553
0.0137571
0.00803668
0.06203
0.108955
0.0325714
0.0465041
0.0025061
0.0854309
0.0483094
0.0571896
0.140889
0.0546266
0.00110066
0.0649628
0.127755
0.00700919
0.0243333
0.198732
0.182694
0.0326321
0.0376607
0.00387974
0.0460499
0.0803571
0.00998159
0.212989
0.0853555
0.140525
0.0375157
0.0628922
0.0162829
0.0183309
0.00268258
0.00106513
0.132151
0.0574875
0.0636621
0.107854
0.100953
0.0375392
0.176687
0.0544134
0.0637148
0.222989
