0.446383
0.412115
0.461948
0.373739
0.951466
1.2942
0.432289
0.421515
0.197408
0.202549
0.38271
0.881038
0.554422
0.896522
1.15107
0.608968
0.557294
0.0703571
2.33224
0.518333
1.03371
0.498676
0.286102
0.24478
0.470912
0.968798
0.363336
2.74404
0.721668
0.347478
1.45509
0.170926
0.616571
0.250254
0.488066
0.772552
0.533
0.242126
0.507828
0.585815
0.494638
0.489601
0.324787
0.228164
0.692143
0.0333035
0.138608
0.341756
0.335903
0.166441
0.96402
0.0259043
0.975722
1.12699
1.43381
0.0937835
2.18012
0.166365
0.858715
0.306318
0.533303
0.721679
0.3485
0.425044
0.215754
0.272956
0.309
1.09402
0.234733
0.268567
1.14456
0.437181
0.394108
1.04813
0.570852
0.302567
0.250233
0.163894
1.34599
0.796897
0.737957
1.09234
0.291166
1.59691
0.738631
0.391557
0.746597
0.380876
0.380679
0.461664
0.808441
0.318264
0.537412
0.538095
0.232401
0.414146
0.359878
0.861555
0.256479
0.182886
0.34161
0.368155
1.13545
0.195969
0.736652
0.157604
0.55415
3.87279
2.22393
1.3162
0.560122
0.256069
0.00267633
0.422321
0.757118
0.823905
0.433222
0.796386
1.60538
0.718294
0.487997
0.202682
0.3618
0.566996
0.215166
0.481689
0.227949
0.0460258
0.424099
1.33004
0.274401
2.57971
0.203953
0.525581
0.350291
0.378463
0.56988
1.84806
1.94372
0.035906
0.804505
0.632207
0.390802
0.298443
0.259858
2.47914
0.425264
0.5518
0.344027
0.238872
0.476091
0.238102
0.313839
0.175383
0.441105
1.12942
0.730883
1.79164
0.0532709
1.39565
0.423328
0.410444
0.650394
0.950402
0.293513
0.32416
1.09193
0.431108
0.525851
0.402014
0.0189882
0.242171
0.651555
0.30588
0.380772
0.298744
0.306328
0.671769
0.345021
0.835871
0.59435
0.244209
2.75104
0.226672
0.188461
1.34241
0.271873
0.395997
0.551401
0.479146
1.56851
0.331609
0.578818
0.227838
0.452989
0.932807
0.392078
0.226019
0.587186
0.0579365
0.687518
0.171386
0.714963
0.406182
0.426086
0.287048
0.4236
1.293
1.63434
0.567662
0.525155
2.65686
0.300433
0.745002
0.2258
0.367473
0.279397
0.329342
0.521721
0.115791
0.499668
0.310337
0.275589
0.971409
0.792673
0.172072
1.81501
0.118966
0.824903
1.65558
0.990851
0.211711
0.360906
0.117604
1.32963
0.321583
0.227786
0.0134764
0.631162
0.33771
0.431072
0.654817
0.638322
0.561419
0.304821
1.01886
0.785536
0.0217315
0.0986861
0.337166
0.395185
0.497418
1.44255
0.325831
0.250892
0.519057
0.717449
0.360057
0.644203
0.335993
2.1342
0.777647
0.44295
0.275923
0.525958
1.19448
0.324182
0.396436
0.416218
0.431678
0.260951
0.25211
0.212373
0.163416
0.534023
0.306507
0.566814
0.586931
0.650674
2.12675
0.0963545
0.365784
0.0959854
0.502825
0.63204
0.240956
0.540665
0.442014
0.418485
1.96521
0.0373625
0.130239
0.420674
0.521171
0.253845
0.125414
0.868313
0.470995
0.745713
0.265025
0.703963
1.00027
0.418504
0.555688
0.377366
2.3383
0.940821
1.11363
0.825082
0.274995
0.512193
0.104836
2.24757
0.872446
0.474742
0.533762
0.191116
0.234227
0.377312
1.23042
0.493218
0.478331
0.0187382
0.162967
0.568247
0.481947
0.171604
0.19734
0.0339458
0.546054
0.523275
0.418334
0.367147
0.625827
0.130482
0.492399
0.595357
0.547736
0.763217
0.45337
0.204031
1.08826
0.190458
0.334996
0.612874
2.19163
0.672163
0.462039
0.448813
0.667483
0.637299
0.911065
0.51409
0.715835
1.56143
0.351172
0.166997
2.66709
1.17297
0.414205
1.22857
0.319238
0.318492
0.934183
0.188579
0.407425
0.163966
0.55969
0.107318
0.483906
0.4308
0.254552
0.673329
0.404821
0.372106
0.472221
0.142751
0.179735
0.420175
0.127737
0.341706
0.892061
0.476978
0.231246
0.720533
1.54618
0.286577
0.148195
0.826766
0.196484
0.304226
0.889125
0.619241
0.717492
1.33126
0.978302
0.558576
0.430148
0.169237
0.341048
0.358409
1.9985
1.23139
0.814687
0.760395
0.556191
0.584107
0.919547
0.342474
0.420453
0.38635
0.206984
0.0152993
1.61795
0.588923
0.103348
0.396862
0.215377
0.405156
0.574477
0.177019
0.716864
0.674128
0.990424
0.393538
0.723513
0.569459
0.312384
0.734449
0.512224
0.924983
2.4615
0.439334
0.0946812
0.344341
0.279706
0.275363
0.406479
0.316652
0.519326
1.01291
0.830148
0.462577
0.211088
0.318642
0.00492253
0.465552
0.0658997
1.54824
0.304518
0.303388
0.434504
1.65996
0.852295
0.252074
0.635635
1.05903
0.176651
1.19301
0.0426753
0.412316
0.265145
0.560109
0.760573
0.56867
0.443782
0.701149
0.529813
0.500445
0.0427133
0.173176
0.490589
0.575507
0.533493
1.5554
0.567967
0.293269
0.559074
1.20084
1.21023
1.72297
0.589686
0.685005
1.24358
0.366785
0.121933
0.363612
0.17844
0.162465
0.495185
0.489774
0.874186
0.036189
0.963522
0.353882
0.936727
1.65102
0.274351
0.214752
0.647387
4.06308
1.25084
1.34023
0.313003
0.53915
0.784085
0.143761
0.529435
0.0860977
0.677824
0.199518
0.543543
