-0.120586
-0.271634
-0.107971
0.172174
-0.163574
-0.145039
-0.382235
-0.175339
-0.355795
0.166847
-0.471654
-0.416416
-0.13576
0.407952
-0.392637
-0.19165
-0.271727
0.277616
-0.495935
-0.168378
-0.285757
-0.341838
-0.932452
-0.193405
-0.159987
-0.241411
-0.290438
0.363032
-0.117991
-0.245123
0.159555
-0.11158
-0.27568
-0.114736
-0.289422
-0.145192
-0.308576
-0.275513
-0.188383
-0.0597325
-0.352939
0.0850721
-0.323976
-0.432414
-0.174327
-0.580585
-0.515935
-0.823562
0.246881
-0.118074
-0.520566
-0.22925
-0.401543
-0.483392
-0.558092
-0.75151
-0.492598
0.225254
-0.191583
-0.644685
0.0509698
-0.00797154
-0.233104
-0.16786
0.081719
1.11291
-0.437365
-0.0208011
-0.259595
-0.133015
0.528915
-0.447101
-0.34168
-0.272596
-0.18098
-1.42548
-0.543887
-0.287188
0.00936229
-0.358379
-0.282217
0.260846
0.492809
-0.355267
-0.412438
-0.358227
-0.0818058
-0.557168
-0.226724
0.0490482
0.130995
-0.540436
-0.344698
-0.055345
-0.165459
-0.0826889
-0.305192
-1.05346
-0.367479
-0.370817
-0.0433582
0.0431321
-0.193208
-0.372975
-0.12454
0.0065139
-0.418422
-0.0188824
-0.370849
-0.239652
-0.620257
0.00623525
-0.278414
-0.534336
-0.301249
-0.701622
-0.317051
-0.187812
-0.339828
-0.218435
-0.220307
-0.333266
0.0626713
-0.302452
-0.231398
0.0977542
-0.206314
-0.177784
