-0.0201676
-0.00642251
-0.0212228
-0.0264904
0.0419714
-0.308981
-0.010125
-0.324499
-0.162404
0.0233839
-0.0920465
0.0270451
-0.0542992
-0.156708
0.00762772
0.0118172
0.169634
-0.0630715
0.029338
-0.0379381
0.0176925
0.0856329
-0.219494
-0.26808
0.0760906
0.0690892
0.162914
0.418462
-0.0317628
0.207217
0.0377514
-0.0659445
0.00168745
0.00753352
-0.14818
0.0955401
-0.194119
-0.0782394
-0.10186
-0.0981857
0.106285
0.0126941
0.0549599
0.104768
-0.0778408
0.162502
-0.246713
0.0689503
-0.0483974
-0.156845
-0.306599
0.221899
0.126365
0.0174908
-0.0355075
-0.00712624
0.0422612
0.0754921
-0.201863
0.00881195
-0.105756
-0.0948573
-0.116141
-0.09353
0.0410023
-0.0600303
0.11409
-0.0140113
-0.025605
-0.512777
-0.00826826
0.0623116
0.138174
-0.019884
0.00264592
-0.625331
-0.0677123
0.0165422
0.00340997
0.0700196
-0.0920502
0.0228974
0.047551
-0.0205229
0.0507324
0.124626
-0.0116649
-0.0891801
-0.100815
-0.0481523
-0.0657284
-0.115924
0.0104074
-0.0143375
0.117606
0.193491
-0.0934053
-0.0264936
-0.0758253
-0.199408
0.0491058
0.0430939
-0.00103845
0.0560999
0.339913
-0.23783
-0.242989
0.0112678
-0.00821987
0.107371
-0.105683
0.148874
0.107934
0.482594
0.140955
-0.0109555
0.0243339
-0.00791406
0.0131535
-0.2881
-0.124281
-0.0116726
0.213672
0.039369
-0.045146
-0.189916
0.0104115
-0.0411265
-0.0928422
0.0382563
-0.226741
-0.118437
-0.117027
-0.226048
0.380104
0.136236
-0.129905
0.374913
-0.0437708
0.145632
0.00789196
-0.165582
-0.266996
-0.0686842
0.10039
0.0256394
0.0239169
-0.0421208
0.177784
-0.0945523
-0.0206771
0.0772033
0.0647548
0.23404
0.120068
-0.0337506
-0.0518635
0.00486114
0.185209
0.116062
0.187357
0.0478779
-0.0608373
0.0118974
-0.170565
-0.188889
-0.117041
-0.0171571
0.0218718
0.0108368
0.00364362
0.0319731
0.155957
-0.028871
-0.149169
0.0498342
0.0199071
0.20638
0.124216
0.304603
0.203788
0.0686532
0.0249327
0.25905
-0.036309
0.0288957
-0.0711971
-0.252034
-0.329509
-0.103526
-0.0395237
-0.126905
0.00455838
0.205098
0.144665
-0.0249814
-0.00637312
-0.225384
-0.101418
0.14557
0.0374298
-0.154123
-0.0385706
0.208625
0.218115
0.0146496
0.0165609
-0.05579
-0.104368
0.031106
-0.21258
0.0339325
-0.0207067
0.0207586
-0.0819582
-0.183223
-0.0391694
-0.152411
0.089615
-0.116424
-0.202172
0.0495922
-0.085673
0.0665869
-0.0833018
0.0479654
0.045295
0.0653176
-0.130362
0.0156842
-0.0356765
-0.207196
-0.095828
-0.0163455
-0.1241
-0.0469116
0.24953
0.0325693
-0.0286357
-0.353501
0.134443
-0.0750355
0.0991587
-0.251583
-0.218615
-0.171752
0.196752
-0.00534286
-0.0774166
0.0335569
0.0359329
0.0357365
-0.560567
-0.0680598
0.0128778
-0.0271275
-0.0856479
0.0847561
-0.0870535
0.0902503
0.128027
-0.022149
-0.204383
-0.0678734
-0.0801399
0.150297
0.113092
-0.329921
0.032974
-0.0270066
-0.0234867
0.19602
-0.0354106
-0.245805
0.14703
0.172651
-0.226934
0.00668441
0.140422
-0.00759277
0.281831
-0.293174
0.00950561
-0.00381287
-0.0156801
-0.0145334
0.0249952
-0.11599
-0.182951
0.0014125
-0.00692422
0.0306926
-0.258688
0.0870906
0.00811339
-0.134204
0.0686439
-0.0424215
-0.111948
-0.25362
-0.162762
0.12887
-0.0641885
0.0187881
-0.0269192
0.225713
0.149522
-0.191188
0.0999284
-0.0281531
0.108362
-0.488073
0.00625635
-0.0465206
0.266362
0.0178091
-0.237481
0.0201476
-0.177554
-0.207172
-0.185731
-0.0864166
0.0902458
0.10024
-0.0348562
0.0447071
0.0259796
0.0928103
-0.00263978
0.0339616
-0.102672
-0.0966645
0.00478661
-0.0696272
-0.0519596
0.0853615
0.075715
-0.188145
-0.0709492
-0.0420757
-0.0119817
0.0165556
-0.216749
-0.0294362
-0.0149206
-0.114254
0.0851595
-0.0986588
-0.00648336
-0.00252949
0.110344
0.0977891
-0.0851776
-0.0973806
-0.0172007
-0.0310137
0.0182862
0.0171772
-0.00845163
-0.00146205
0.0128659
-0.290843
0.183891
0.00631252
0.135469
-0.145357
-0.00824768
-0.11618
-0.438769
-0.0594041
0.0922189
-0.13006
0.0184978
0.0268396
0.12839
-0.150432
0.019012
0.0932899
-0.0586663
0.045654
0.0737438
0.0206762
-0.0960987
-0.153461
0.0563779
0.0469212
-0.160986
0.0661917
-0.0137602
0.0870317
-0.101275
0.0531691
-0.00681432
-0.00357726
0.150333
0.0217003
-0.0766961
-0.134233
-0.00166653
0.1747
-0.00897085
-0.143907
-0.10815
-0.0909765
0.212784
0.026301
0.214194
0.00484031
-0.431704
0.130394
0.12196
0.0777103
-0.121431
0.119532
-0.157122
-0.128137
-0.120478
-0.0941438
0.0409276
-0.0149952
-0.05853
0.0893357
-0.0859752
-0.110297
0.0420895
0.160642
-0.0353527
0.237842
-0.206233
0.0900548
0.00221708
0.0126239
-0.101745
-0.0212564
0.0310129
-0.0683502
0.104306
0.13061
-0.154113
-0.170548
0.144994
-0.03701
-0.21701
-0.324056
-0.0465682
0.0618052
-0.018724
0.0125329
-0.173032
-0.0520901
0.138673
0.0983502
0.133469
0.0186354
0.0274108
0.0144648
0.301908
-0.353082
-0.0237106
-0.0553521
0.0812397
-0.0445212
0.39777
-0.30403
-0.0658885
0.0589601
0.0370794
-0.351594
-0.0779899
-0.0182535
0.00800923
-0.0736759
-0.262615
-0.29681
0.0119775
0.13648
-0.103215
-0.100763
-0.0181994
0.00422474
0.0252777
0.172659
-0.0319595
0.062851
-0.0573444
0.171279
-0.0296102
-0.462454
0.0976922
-0.153625
0.0294118
0.0533018
0.0584843
-0.0557289
-0.199736
0.0391488
-0.0126798
0.0751535
-0.0367394
0.0376467
-0.00631709
-0.0190362
0.11042
0.0366802
0.0361845
0.00111147
0.0463054
0.00109757
0.132932
-0.0300439
0.105713
-0.0194852
