0.0543653
0.10917
-0.0857636
-0.125617
-0.00357364
-0.00253117
-0.105902
-0.053094
0.0587393
-0.140621
-0.0350422
-0.0157072
0.0115133
0.0771251
-0.0863217
0.0664191
-0.0317379
-0.0540151
0.111647
0.088446
0.00636194
0.0793986
-0.0728404
-0.00952261
-0.00515748
0.0112633
-0.0702028
0.00418463
-0.0126542
-0.00781978
-0.0710186
0.00731842
0.340013
-0.0158017
0.00303263
0.0610375
-0.00160837
-0.131764
0.0114019
0.0395637
0.00828489
-0.028942
-0.148217
-0.108745
-0.114181
-0.0886642
0.0465634
-0.0386841
-0.183206
-0.0782637
0.0191433
0.0355109
-0.0146979
0.036628
-0.0460254
-0.0445604
0.115347
-0.317969
0.0528162
-0.102774
-0.0314487
0.121676
-0.129925
-0.0987815
0.0286743
0.0447203
0.0692316
-0.00507061
-0.0759407
-0.0266912
-0.0524737
0.0724481
-0.0136951
-0.263485
-0.0875769
-0.0159278
-0.0471569
-0.0386206
0.0477881
0.0219205
0.0602636
0.00256571
-0.213312
0.012832
-0.0298103
-0.0207291
0.0448982
0.0678468
-0.0703312
-0.186736
-0.056803
-0.118523
-0.00896983
-0.0649724
0.0209245
-0.0202355
-0.10584
-0.0406038
0.036533
0.0246613
-0.0853185
0.00267262
-0.228269
-0.158563
0.114771
0.0241918
0.119627
-0.263112
-0.0544775
0.000125261
-0.0357891
-0.012096
-0.00119758
-0.00505417
0.0225736
0.0109111
0.020588
0.106796
0.223835
0.0160913
-0.0767536
0.0171069
-0.0461401
-0.0445806
-0.101145
-0.0458892
-0.0646898
-0.268951
0.0875614
0.000737069
-0.0917716
-0.00183269
-0.158834
-0.182556
0.101195
-0.274269
-0.00513299
-0.00983982
0.000681925
-0.11864
-0.0490337
-0.0372267
-0.0108209
-0.0769297
-0.103818
0.113421
-0.0768691
0.00927079
-0.166003
-0.0951861
0.00150262
0.0187929
-0.181447
0.0144057
0.0867331
-0.00194345
-0.0348747
-0.173797
-0.0758731
0.0325227
-0.0667894
-0.0862623
-0.0209632
-0.0116389
0.0253613
-0.162594
-0.0126542
-0.077413
-0.214751
-0.26339
-0.219517
-0.147578
-0.0898472
-0.0417625
0.0166229
0.0205377
0.0554155
-0.051955
0.0851187
0.00908469
-0.00510749
-0.0568312
-0.245586
-0.0256221
-0.224644
-0.179305
-0.00129713
-0.0594011
0.00364874
-0.0600686
0.000195252
-0.0519559
-0.148934
-0.0827431
-0.0942429
-0.00398473
0.0205377
-0.118129
0.00759472
-0.0835495
0.00252744
-0.0342065
0.00277332
-0.106082
-0.160506
0.00945288
-0.00562536
0.0451358
0.000127208
-0.00257018
-0.0492319
-0.219006
-0.109779
0.00857375
-0.0667609
-0.110675
0.292734
0.0258487
0.0495126
-0.169686
-0.083101
-0.0211813
-0.0726855
0.0459675
0.0506114
-0.0284344
-0.00376039
-0.307349
0.0910569
-0.213894
0.0523353
-0.0879452
-0.0454137
-0.523285
-0.101234
-0.000141801
0.0311968
-0.0294128
0.000384618
-0.0254928
-0.0632433
-0.00527447
-0.00438852
-0.0149099
-0.0733595
-0.000349746
0.022109
-0.279984
-0.208148
0.00235832
0.269389
0.100295
-0.149661
-0.0724056
-0.172772
0.0115191
0.019882
0.200752
0.0828148
0.109161
-0.00177806
-0.0194729
-0.164118
-0.179311
-0.0172401
0.0571014
0.00983781
-0.0856074
0.0645601
0.192748
-0.0862364
-0.114858
0.0105777
-0.0428476
0.0538733
-0.223176
0.0174487
-0.0459884
-0.0628351
-0.213771
0.0385363
-0.012208
-0.244988
-0.259037
-0.0868224
-0.37469
-0.00963954
0.0242032
-0.104677
0.148924
-0.36106
-0.209362
-0.136922
-0.00211013
-0.276802
-0.0352271
0.0879517
-0.0816571
-0.0158722
-0.0510001
0.0022421
0.000555317
-0.0771951
0.123298
0.087612
0.144431
-0.00471908
0.00574105
0.0547805
-0.0572203
-0.112132
-0.0788358
-0.242939
-0.0392287
-0.0143246
0.0782653
-0.133156
-0.181624
-0.0619868
0.0831815
-0.0162794
-0.116649
0.0335781
-0.454656
-0.012733
0.0986528
-0.282794
-0.0413696
-0.294251
0.040455
-0.000920926
-0.137125
-0.022019
-0.0642627
0.019236
-0.305297
0.0123861
-0.0174706
-0.0896372
-0.00507613
-0.0393263
0.0204252
0.0162706
-0.0430254
-0.153966
0.0012906
-0.247681
-0.202003
-0.0165371
-0.00625034
-0.00501895
0.207187
-0.15217
0.0555864
0.0422065
0.0814838
-0.0422318
-0.367207
0.00785585
-0.0550127
-0.00941719
0.0536695
0.0911043
0.0470437
0.0461051
-0.0607787
0.0810528
-0.116495
0.00028504
0.0443298
0.204916
-0.0531626
0.192574
-0.0147364
-0.0739849
-0.0738526
-0.278887
-0.0503092
-0.017301
0.0730206
-0.04107
-0.00540369
-0.0714755
-0.0429138
0.0217766
0.257723
0.0265052
-0.18746
0.189974
0.00194217
0.0081544
0.125004
-0.081995
0.00584148
0.0545605
-0.0295628
-0.0172952
-0.00810374
-0.0964076
-0.0455455
-0.0061535
0.115764
0.0918608
0.12215
-0.00327764
0.0348822
-0.00168062
-0.00413274
-0.0467192
-0.0283863
-0.190281
-0.189982
-0.230921
-0.00064985
-0.00385515
-0.044089
-0.0578555
-0.265617
-0.150577
-0.163594
0.0472409
0.0378925
-0.0234742
-0.03237
0.0641909
0.0588025
0.00617333
-0.0129742
-0.110728
-0.071031
-0.0137527
0.0112738
-0.035543
-0.301253
-0.25912
-0.06047
-0.0953592
0.00317326
0.00190957
-0.0128275
-0.0191014
0.0671012
-0.102282
-0.152983
-0.058737
-0.0320815
-0.0178196
-0.19702
-0.0341332
-0.194579
-0.0890162
-0.0567585
-0.0195671
0.113006
-0.0890532
0.0293048
-0.00453216
-0.11332
-0.119018
-0.304858
0.0798037
-0.170853
-0.00319447
0.107044
0.0473118
-0.0435044
-0.0499661
-0.129971
0.0455481
-0.331211
-0.151319
0.0106744
0.0235653
-0.00307912
0.214353
0.00338445
-0.222409
-0.022706
-0.00206802
-0.0689477
0.244445
0.0590383
0.000851887
-0.0282339
-0.15704
-0.0574501
0.0113055
-0.130577
-0.145378
-0.0348401
-0.162616
-0.00117169
-0.318699
-0.000473823
0.0160043
0.00751645
-0.274287
0.0172442
-0.259017
0.141546
0.0634144
0.500051
-0.0266647
-0.0249918
-0.184966
0.0784133
-0.0739052
-0.0302015
0.0734704
-0.0138841
-0.217338
-0.00373259
