0.43674
0.711935
0.143906
0.151254
0.128728
0.921185
1.08504
0.136473
0.216305
0.114391
0.209578
0.473052
0.182076
0.118889
0.180586
0.196161
0.244995
0.129875
0.15953
0.122975
0.155433
0.875143
0.0996558
0.307432
1.16454
0.369841
0.197058
0.116919
0.101047
0.186995
0.0897786
0.123825
0.157472
0.173334
0.433099
0.294652
0.16496
0.120956
0.184332
0.148651
0.124285
0.238498
0.327174
0.224909
0.203187
0.142387
0.173542
0.181071
0.187802
0.130443
0.858513
0.143598
0.224034
0.0988714
0.955498
0.396963
0.274283
0.562774
0.147643
0.451042
0.133928
0.330675
0.100564
0.395559
0.12677
1.63876
0.147635
0.126311
0.80175
0.221679
0.10461
0.274881
0.147641
0.214169
0.665254
0.165482
0.164401
0.409392
0.228696
0.396119
1.47518
0.581693
0.126767
0.43919
0.159435
0.442097
0.318603
0.310428
0.269088
0.14575
0.56286
1.21183
0.483839
0.358763
0.094886
0.15033
0.15219
0.154839
1.34593
0.193399
0.210884
0.205792
0.668901
0.251903
0.239411
0.108617
0.197879
0.158888
0.150473
0.39545
0.588106
1.18751
0.137596
0.723289
0.170175
0.540424
0.220186
0.0801614
0.131131
0.186956
1.42548
1.88459
0.373408
0.136102
0.454506
0.526291
0.256135
0.159704
