0.00709423
0.025949
0.0217686
0.022803
0.0002204
0.014518
0.01798
0.0101659
0.0205261
0.0217929
0.0319609
0.0427161
0.0174687
0.0437134
0.0456243
0.00571727
0.00806588
0.0222987
0.0630401
0.0112239
0.000395635
0.0102748
0.0201573
0.000182974
0.0161004
0.0125374
0.0246645
0.000502318
0.0136967
0.000138568
0.0539622
0.00193938
0.0329803
0.0280587
0.000100342
0.00838383
0.00017876
0.0345218
0.000220355
0.00537405
0.0162032
0.0227922
0.0126915
0.0128903
0.0174871
0.00756626
0.00300155
0.0291886
0.0144204
0.0294209
0.00795547
0.0053917
0.00679958
0.0520649
0.0585973
0.0249806
0.0410656
0.0526091
0.0346863
0.0190047
0.0187674
0.00941681
0.0592461
0.0323769
0.00253827
0.0164466
0.0255918
0.000867741
0.0371308
0.00414521
0.00954324
0.0174043
0.0197737
0.0380872
0.0452499
0.00868045
0.00496901
0.0239454
0.0258916
0.00907831
0.0218609
0.0078949
0.0863256
0.00200985
0.0455147
0.0086923
0.00335464
0.00257704
0.0227135
0.048277
0.0325343
0.0122476
0.00143488
0.00801264
0.0191955
0.0161921
0.0108308
0.00913533
0.0130918
0.0163577
0.0106829
0.0169736
0.0724287
0.0432979
0.00568806
0.0223179
0.0170826
0.0958979
0.0205289
0.00050017
0.00474355
0.0078504
0.000391666
0.0003031
0.00371915
0.00258862
0.0450673
0.0233101
0.0512111
0.0131147
0.0139167
0.0038889
0.00711074
0.00237976
0.00284175
0.00302722
0.0240835
0.119197
0.0251314
0.000289674
0.00935692
0.000397242
0.0223694
0.0238011
0.0395212
0.0388981
0.0332022
0.0204981
0.000507691
0.0274085
0.00288823
0.013993
0.0160936
0.0371177
0.0224863
0.0630669
0.0265947
0.00295505
0.0372113
0.0292875
0.00786463
0.0193857
0.030503
0.0145601
0.0230902
0.000240126
0.0145679
0.0569503
0.0298594
0.00604738
0.0219804
0.0130801
0.0339604
0.0182853
0.0183741
0.00931218
0.019573
0.0159702
0.080611
0.164366
0.219308
0.0960516
0.0265262
0.0179273
0.00485487
0.0155809
0.0240023
0.0247677
0.00387405
0.0302649
0.00607816
0.0296292
0.102322
0.0301873
0.0163216
0.0532282
0.0271356
0.0219289
0.000186553
0.0319163
0.000322574
0.0340024
0.054948
0.00517841
0.0173024
0.000358262
0.0146369
0.00868988
0.000651352
0.018056
0.000426863
0.00843551
0.00358934
0.022187
0.0416935
0.0133593
0.0217838
0.00128238
0.000216037
0.0128213
0.0304832
0.0897479
0.0131229
0.0010179
0.00635147
0.0148899
0.0743244
0.0115919
0.0230953
0.0533226
0.00166429
0.0239741
0.0305738
0.0209532
0.0180347
0.0295312
0.000367633
0.0919832
0.0177589
0.0798409
0.0259289
0.0109884
0.00691627
0.0783289
0.0323209
0.019232
0.046765
0.00574773
0.0267488
0.00769006
0.0259128
0.00223187
0.0122527
0.0199926
0.0219135
0.000289358
0.00672246
0.204367
0.0560249
0.00989321
0.0452428
0.0151521
0.00898283
0.0330345
0.0496671
0.0352422
0.001462
0.035791
0.00339785
0.033719
0.000553094
0.00369355
0.0247532
0.00788661
0.0130642
0.0170286
0.0147814
0.0331305
0.0061225
0.00718378
0.0187552
0.0149726
0.017104
0.000769869
0.0145564
0.0426535
0.000679294
0.012251
0.0328905
0.0982109
0.0188564
0.000569014
0.192796
0.0381175
0.0109292
0.0406751
0.00627514
0.0120287
0.0063391
0.0421104
0.194334
0.0858948
0.0272982
0.00563379
0.0440362
0.0359425
0.010507
0.0260738
0.0238781
0.00669903
0.000263906
0.00016936
0.0149092
0.00671874
0.0137549
0.03085
0.00650793
0.000193282
0.00500043
0.0170249
0.0180159
0.0148957
0.0750616
0.00705521
0.0111162
0.0114607
0.0493105
0.0300533
0.0145429
0.0297191
0.016645
0.0234454
0.00873974
0.0463244
0.0189204
0.0147544
0.138659
0.0259096
0.178168
0.00534228
0.000227868
0.0402543
0.0231621
0.0291716
0.0143404
0.0287304
0.00899953
0.00313701
0.028101
0.0132757
0.0117388
0.00539264
0.0227989
0.0221447
0.0645192
0.000569173
0.0358062
0.0239662
0.0232809
0.0306912
0.00457592
0.0190853
0.0125458
0.0179211
0.0174343
0.00932099
0.0357414
0.0629618
0.000563585
0.0140355
0.000360342
0.00233635
0.0262237
0.00229396
0.0117742
0.0180425
0.00718947
0.0198793
0.00019017
0.020482
0.0380834
0.0146935
0.0107455
0.035204
0.0120431
0.0366775
0.0488668
0.0286219
0.0245328
0.0123535
0.0177792
0.00217319
0.0129452
0.0191464
0.00266089
0.0268922
0.0169152
0.0255851
0.033023
0.0117272
0.0187959
0.00708224
0.0132924
0.0172222
0.01648
0.00144199
0.0194889
0.020971
0.0499204
0.00847002
0.00944036
0.00507487
0.0133055
0.0175753
0.000286305
0.00741886
0.000171464
0.0434384
0.00695386
0.01681
0.0151124
0.0305182
0.153898
0.000253804
0.0310734
0.00867629
0.0116246
0.160907
0.0126409
0.0474957
0.00846487
0.0114842
0.0144391
0.0162319
0.00661475
0.00706424
0.0120971
0.0247509
0.0359142
0.0228514
0.0248737
0.0668792
0.015216
0.0434938
0.158903
0.00431519
0.0229244
0.00240719
0.0184608
0.000892186
0.0441832
0.0052304
0.0296682
0.0163496
0.0484206
0.0408087
0.0170355
0.197034
0.00121281
0.042209
0.0271735
0.008128
0.0542641
0.0152636
0.024767
0.0066689
0.000379954
0.0185942
0.0371453
0.182569
0.0126293
0.0342728
0.000621345
0.024335
0.00181755
0.0171483
0.048437
0.0183184
0.0135295
0.190366
0.0680562
0.000172784
0.00033486
0.017663
0.0325632
0.030458
0.0418492
0.0238311
0.000255082
0.0239322
0.0501358
0.0134074
0.000232933
0.0569272
0.0194783
0.016369
0.00106358
0.013363
0.0229241
0.0159732
0.0556941
0.000170028
0.160944
0.000275164
0.00126138
0.00026838
0.0438095
0.0206367
0.0956211
0.0198006
0.048004
0.0706182
0.00450065
0.0112016
0.0468303
0.0111308
0.0350626
0.0154468
0.0213859
0.0174675
0.111173
0.000514619
