0.310752
0.272352
0.0204717
0.255423
-0.183392
-0.38146
-0.282823
-0.0172397
0.433966
-0.32788
-0.205345
-0.869671
-0.647321
-0.40782
-1.86674
0.526214
0.416281
0.542986
-0.113558
-0.177476
0.134708
-0.0983533
0.129315
-0.617765
-0.0686655
-0.0351465
-0.207212
-0.261259
0.0123471
0.686265
-0.0423972
0.228807
1.16757
0.142056
1.18001
-0.301792
0.362624
0.615177
0.410187
0.140508
0.678212
1.11256
-0.30287
-0.319334
0.639051
-0.295884
-0.30869
0.0536506
-0.751208
0.34659
-0.554493
-0.433279
-0.484802
-0.945644
-0.0920705
-0.414273
0.15552
-0.587409
0.331614
-0.455991
-0.23341
1.52058
0.926661
-0.930749
0.0154429
-0.0286463
0.447789
-0.258619
0.277844
0.307411
1.33347
0.239882
-0.0699973
0.242542
-0.433779
0.202688
-0.564165
-0.555634
-0.50026
0.152493
0.165192
1.50943
0.212457
0.562004
0.0858071
0.271559
-0.491248
0.351456
-0.876899
0.369343
0.671134
-0.819896
0.0184815
0.608335
-0.781298
1.23149
0.464902
-0.110211
-0.792233
0.464055
0.358272
-0.704218
-0.027444
-0.588881
0.504737
-0.156313
-0.0484364
0.718302
-0.235912
-0.56258
0.353239
0.00786812
1.04973
-0.439949
-0.653116
-0.0721772
0.461589
0.580751
-0.477006
-0.160143
0.330092
-0.017874
1.21252
0.41089
0.592075
0.341794
0.325075
0.808351
