0.390163
0.945164
0.677223
0.502373
0.464424
0.822174
1.87003
0.536926
0.618371
0.934654
1.48359
5.93483
0.605409
0.743622
8.76608
1.02484
1.08845
0.368639
0.478802
0.367289
0.499892
0.496174
0.910151
0.885263
1.65571
0.636204
0.346622
0.54597
0.360047
0.995294
7.99476
0.439068
2.73928
0.748293
11.5327
0.509822
0.404523
0.344424
0.544441
0.329071
0.315769
6.11751
0.375952
0.397707
2.3003
0.550531
0.949545
0.654362
0.649169
0.457484
0.430163
0.479756
0.452206
0.554349
1.27262
1.4886
0.586534
0.537652
0.959067
0.580367
0.183607
5.21945
1.22694
1.65475
0.486744
0.640615
0.244748
0.80488
1.45753
0.337565
4.57025
0.772631
0.488994
0.584683
1.06873
0.290764
0.258047
0.557838
0.535368
0.231527
2.33242
3.09199
0.531962
1.18146
0.513208
0.441559
0.695688
0.510813
0.480334
0.533617
2.15373
0.552239
0.771743
0.238317
0.355122
0.46604
0.308653
0.984833
3.6267
0.58517
0.54907
1.76701
0.374758
1.00434
0.31394
0.730457
2.64992
0.420154
0.573277
0.934865
4.23836
0.995307
0.4409
0.408682
0.520356
0.552316
0.569189
0.579372
0.740791
0.909148
0.399678
0.574781
1.18692
0.685968
0.758958
0.651659
0.617692
3.59832
