-0.366077
-0.420772
0.0833226
-0.0496772
-0.0541129
-0.178492
-0.301462
0.153281
-0.726768
-0.282462
-0.27327
-0.0893736
-0.0123626
-0.0923254
0.0256224
-0.175113
-0.0478022
-0.208546
0.0039166
-0.212633
-0.149036
-0.109907
-0.28736
-0.100769
-0.0582355
0.0852988
-0.147724
0.532795
-0.135524
0.01896
0.00220066
-0.171316
0.0994001
0.202885
-0.386609
-0.527701
0.0914038
-0.732677
-0.0898722
-0.0486425
0.0616372
-0.334387
-0.138365
-0.0239074
0.015005
-0.105732
0.313633
-0.345126
0.0776095
-0.565636
-0.0190287
-0.231045
0.0423285
-0.00310257
-0.0255395
-0.402837
0.00159249
-0.336124
-0.181439
-0.116731
-0.45426
0.0618496
-0.080544
0.0213713
-0.358772
-0.150337
0.181516
-0.33969
-0.02248
-0.0426933
-0.491172
-0.137377
-0.0302377
-0.125392
0.00828187
0.485277
0.0659436
-0.0945907
0.115189
-0.408781
-0.0939278
-0.35639
-0.264747
-0.0689088
-0.316011
0.154434
-0.0183088
-0.396824
0.0483904
0.0318232
-0.246549
0.240713
0.0792072
-0.164533
0.369212
0.0666776
-0.20247
-0.320748
-0.194855
-0.0780828
-0.75166
-0.273738
0.0621229
-0.103169
0.221017
0.0217561
0.483515
-0.401381
0.224438
-0.147138
0.393764
-0.0674139
-0.0206
-0.14987
0.0381773
-0.0392037
-0.0558624
-0.00399068
-0.0271048
-0.135432
0.12493
-0.0603261
0.0673667
0.0144599
-0.388737
0.234448
-0.240953
-0.139423
-0.137367
0.0380705
-0.103575
0.10316
-0.469968
-0.0147453
-0.33775
-0.492022
0.139111
0.0100569
0.0236607
-0.0877765
-0.235202
0.0179646
0.125412
0.531468
0.17683
0.203234
-0.300056
-0.0618154
-0.188155
0.255503
-0.109859
-0.417223
-0.416923
-0.11411
-0.121125
-0.0990701
-0.140982
0.00861334
-0.298705
-0.30218
-0.295508
0.27264
-0.0555685
0.0252184
-0.186069
-0.0202624
0.28921
0.0999408
-0.038909
0.0466881
-0.107739
0.198026
-0.26961
-0.403909
-0.454747
-0.194301
0.017943
-0.0358029
-0.0964871
-0.201612
-0.147947
0.0292167
0.0594039
0.1069
-0.0774843
0.429073
0.17096
0.628582
0.146549
0.0127395
-0.0456936
-0.840046
-0.330892
-0.254286
-0.208339
-0.0789977
0.0718118
-0.406613
-0.319193
-0.209386
0.223096
-0.236038
0.0537132
0.26433
-0.162734
-0.201754
-0.185548
-0.0497619
0.094966
-0.0828983
-0.185741
-0.183057
-0.368553
-0.302571
0.107289
-0.314063
0.333509
0.146553
-0.0776767
-0.263595
-0.267317
-0.00818974
-0.181633
-0.164939
-0.12948
-0.11632
0.0873934
-0.0600352
0.370247
0.60081
0.199927
0.379818
-0.134518
0.0395232
0.251032
-0.177111
-0.248363
-0.170466
-0.0978294
-0.362486
0.161754
-0.177553
-0.289184
-0.37471
0.577333
0.0126571
0.0149753
-0.153329
-0.142924
-0.17567
-0.108872
-0.0416307
0.195671
0.00951759
-0.389988
-0.0986087
-0.00609105
-0.46993
-0.453814
-0.900408
0.00136938
0.152181
-0.329988
-0.171417
0.137762
-0.364267
-0.194436
-0.021845
0.04678
0.454495
0.0929968
-0.669955
0.00345533
0.419141
0.0898413
-0.303728
0.128215
-0.18277
0.0153194
0.145832
-0.0403162
-0.742151
0.356839
-0.153294
-0.348756
-0.0586535
-0.320094
-0.00728998
-0.0709771
-0.0062243
0.145009
0.0854815
-0.124664
-0.0716753
0.310009
-0.0880814
-0.037958
0.350544
-0.238088
0.0699802
-0.321033
1.03125
-0.244622
-0.0315595
0.302678
0.00882719
-0.00612171
0.223214
-0.15842
-0.199604
0.0207862
0.116449
0.0222993
0.0327304
-0.277639
0.0240275
-0.192664
-0.19475
-0.0324921
0.00666744
-0.0353323
-0.319199
-0.0834
0.125002
-0.182827
-0.101281
-0.120973
0.334957
-0.0962518
-0.396732
0.163633
-0.470141
-0.336799
0.187418
-0.144036
-0.198728
0.0808748
-0.0136576
0.287453
0.183372
-0.0906042
-0.419221
-0.0281635
-0.435747
-0.112685
0.0737865
0.147242
-0.577199
-0.00716556
0.0176403
-0.157684
-0.0165267
0.377715
-0.0351506
-0.0164756
0.117984
0.00330924
0.0151356
-0.0593877
0.112361
0.218659
0.349987
-0.270497
0.132804
-0.406082
0.223762
-0.00451388
-0.286606
0.355401
0.25278
-0.0347485
-0.32888
-0.442885
-0.0832438
0.0695619
0.105638
-0.434098
-0.0475614
-0.103617
0.0296656
-0.299592
0.0140775
-0.307275
-0.297537
-0.326755
0.0243322
-0.046718
0.108479
-0.00489855
0.0490537
0.159628
0.262744
0.205681
-0.297278
0.00649451
0.0376051
-0.0827881
-0.0194947
-0.358432
-0.354983
0.238659
-0.10776
-0.0559854
0.274013
-0.381963
-0.21571
0.00662835
0.103916
0.369976
-0.116327
-0.20293
-0.412328
0.00173391
-0.0305471
-0.161055
-0.0135203
0.253919
-0.0355375
0.228646
-0.13612
-0.144834
-0.158022
0.140977
-0.310987
-0.0752242
-0.0711774
-0.503393
0.0554056
-0.157332
-0.0264359
-0.0532008
-0.0515104
0.301358
-0.558413
-0.0145999
-0.155766
-0.0884409
-0.394921
-0.137295
-0.394488
-0.140597
-0.193707
-0.0700335
-0.1766
-0.36317
-0.078903
0.0913882
-0.0171231
0.0238551
-0.268887
-0.427498
0.198707
-0.241254
-0.0625845
-0.154227
-0.475296
0.0429769
-0.132663
0.278158
0.0266742
-0.59094
-0.221026
0.0242044
-0.265378
0.277615
0.21106
-0.0963641
0.255063
-0.175828
0.220932
-0.0209505
-0.420659
0.225274
0.110367
0.00233614
-0.295114
-0.191988
-0.00850795
0.249889
0.186221
-0.0240753
0.0427869
0.0351749
-0.113405
-0.363253
-0.353914
-0.425429
0.613055
-0.251548
-0.00761535
-0.167519
-0.0143634
-0.00789335
-0.213181
-0.198846
0.201548
-0.0162568
0.0247437
-0.0466596
0.0314176
0.0736829
-0.0259025
-0.0736998
0.40624
0.00592267
0.436281
0.0589945
0.0159051
-0.012017
-0.0636959
0.150289
0.0232708
