1.12477
0.61205
1.21317
1.13404
2.10561
0.493182
2.08747
1.8629
1.9132
1.10722
1.203
0.704702
1.20645
1.05757
1.06212
0.926254
0.843371
1.30533
1.23359
1.46308
1.65738
0.591023
2.12785
1.03987
1.81271
1.41886
1.12145
0.956365
1.63149
1.22023
0.805763
1.4502
1.38407
2.36528
1.19262
1.70364
0.575536
0.892675
0.828145
1.30835
1.25301
0.895515
1.69576
1.0909
1.1418
0.880176
1.01097
0.748894
1.00095
0.850331
1.81751
1.57706
1.39878
0.903364
2.48777
0.719816
1.50573
0.625312
0.95229
0.68466
0.50254
0.39497
0.544423
0.450777
1.23293
0.66884
0.634374
0.517029
0.976265
0.827874
0.544513
1.25445
0.817981
1.62781
0.614297
0.795221
0.970157
0.944199
0.529433
0.93132
0.956809
0.866981
0.93303
0.984907
0.699529
0.76011
1.42416
0.843895
1.06727
0.750086
0.996793
0.883614
1.33964
2.15534
0.547572
1.03094
1.44375
0.882769
1.1218
1.20722
0.812589
0.89548
0.996328
1.14009
1.08929
0.928048
0.644481
2.49525
0.819601
2.21991
1.0409
1.07585
0.825341
1.20149
0.761382
0.913924
1.50363
1.48776
1.09207
1.09879
0.616658
1.89371
1.40028
0.703278
0.594007
1.35578
0.952751
0.605332
