1.15458
0.655758
0.398772
0.492639
0.941058
0.807243
0.333138
0.417849
0.845691
0.353088
0.366908
0.546637
0.643834
0.936272
0.493645
0.542942
0.499241
0.368219
0.460912
0.425363
0.820136
0.455719
0.740211
1.25518
1.05053
0.69492
0.250053
1.03318
0.512853
0.691805
0.57367
0.398822
0.541592
0.801927
0.634274
0.629475
0.392723
0.667644
0.563373
0.720774
0.518665
0.455878
0.47211
1.1053
0.628866
0.584
0.296295
1.48703
0.524856
0.886125
0.534916
1.25081
0.996623
0.544459
0.510776
1.0753
0.407041
1.11122
0.411142
0.487954
0.474636
0.317661
0.495226
0.710401
1.04505
0.480295
0.530799
0.538552
0.380532
0.380772
0.511734
0.627992
0.301821
0.455984
0.5285
0.592086
0.351218
0.385692
0.479366
0.482842
1.32939
0.610071
0.325842
0.472144
0.338164
0.81322
0.533278
0.3399
0.511522
1.06903
1.14127
0.992866
0.474305
0.436238
0.74119
0.426832
0.340351
0.704411
0.576109
0.403002
1.30714
0.383122
0.739436
0.945894
0.599192
0.410913
0.527073
0.572156
0.413462
0.417117
0.528522
0.604646
0.356033
0.595351
0.527543
0.500811
0.679506
0.557799
0.53673
0.425915
0.963202
0.560474
0.887287
0.559555
0.976575
0.522919
0.536486
0.562449
