0.104526
0.0793702
-0.18268
-0.189623
-0.302718
-0.240352
0.0799512
-0.330934
-0.272789
0.302758
-0.239581
-0.0196244
0.0746521
-0.154424
0.0215586
-0.0972095
-0.0652905
-0.163941
-0.08487
0.153478
0.110312
-0.169475
0.00629201
-0.131216
-0.062469
0.0457089
0.153766
0.102641
0.517272
-0.542013
-0.226486
0.152326
0.0418286
0.0483117
0.512462
-0.244175
-0.000675694
-0.141755
0.271577
-0.149155
-0.104184
-0.181607
-0.156915
0.103244
0.310586
-0.00280553
0.322894
0.0741135
-0.104713
0.0926386
-0.118828
0.0214952
0.137393
0.0391943
-0.0567675
0.176519
-0.17406
-0.18067
0.0110502
0.30706
-0.131253
-0.0373608
-0.237508
-0.0814904
-0.204334
-0.332374
-0.128735
0.345077
-0.306273
-0.00512598
-0.111879
-0.291114
-0.32971
0.103991
-0.0881048
-0.146037
0.0994003
-0.0768204
0.20162
-0.146965
-0.165914
-0.245297
-0.276347
-0.0647792
-0.29862
-0.269946
0.00540506
-0.0443283
0.0583679
-0.0373827
-0.31083
0.184801
0.151048
-0.0368845
-0.0117328
-0.125618
-0.16186
0.0737266
-0.394716
-0.0874669
0.0859767
-0.0250588
0.0570955
0.0594252
-0.071293
-0.0763082
0.290336
0.317242
-0.174915
0.297159
0.0555942
-0.395826
-0.0768278
-0.153006
-0.318305
-0.070488
-0.0797182
-0.0823564
-0.0813075
0.101984
-0.0537058
-0.133462
-0.0411405
-0.232112
-0.044632
-0.174468
0.19247
-0.20729
0.337382
-0.400941
-0.128826
0.0314613
-0.334994
-0.308768
-0.110177
-0.209004
-0.171048
0.268064
-0.271716
-0.113904
0.14447
0.200449
-0.0822478
-0.0618349
0.184257
0.123009
-0.214968
0.0783443
-0.0217843
0.053273
0.00316012
0.13017
-0.0976889
-0.0361526
0.0991533
0.0281678
-0.0492849
-0.162767
-0.0790215
0.140499
0.031675
0.102054
0.084737
0.166062
-0.146398
0.199668
0.0633639
-0.0808152
-0.269251
0.123227
-0.0205698
-0.680699
-0.184872
-0.096277
-0.00062059
0.191052
0.271205
0.0918795
0.296268
0.000207463
0.149081
0.160804
0.153906
0.118606
-0.0224598
-0.229036
0.0299801
-0.0182025
-0.389641
0.174845
0.065353
-0.0801369
0.18335
-0.127963
-0.187192
0.165645
-0.0886642
-0.153882
0.02289
0.258991
-0.393262
0.122371
-0.105051
-0.103009
0.0709705
0.0617414
-0.180615
0.344046
-0.186268
-0.0555815
0.140736
0.0243144
-0.206539
0.312293
0.0738721
0.210352
-0.309918
0.225635
0.304296
-0.0938747
0.0406247
-0.244504
-0.24807
-0.14673
-0.191524
0.0834042
-0.265837
-0.0886048
-0.0687125
-0.0774314
-0.135455
-0.123706
-0.0743074
0.0177692
-0.292332
-0.628974
-0.23941
-0.198769
-0.0632029
-0.0144771
-0.182445
0.0606502
0.394172
0.0950823
-0.0253601
0.219845
0.0563585
-0.189298
-0.208602
0.0105029
-0.232599
-0.129727
-0.0456026
0.232047
0.0227093
0.0287597
-0.141721
-0.184601
0.0745781
-0.120273
-0.0780291
0.000834172
0.027218
0.151542
-0.462584
0.194948
0.175509
-0.05865
0.101683
-0.0487004
0.203124
-0.17421
-0.0867269
0.249052
0.0922168
-0.512765
-0.285152
0.0282388
0.0470085
-0.00595847
-0.0641384
0.0667377
-0.0568607
0.356688
0.291166
-0.0245128
-0.124688
0.322012
-0.10572
-0.170562
-0.184394
-0.0202755
-0.113067
0.321099
0.0901024
-0.202165
0.17361
0.0375619
-0.308761
-0.0916519
0.251715
-0.13166
-0.0540764
0.0698969
-0.248175
0.200994
0.00903246
-0.335191
-0.68197
0.0144563
0.193752
-0.0163624
-0.0875811
0.0898004
0.0119967
0.272863
-0.0754802
-0.133471
-0.537771
0.0988296
-0.162102
-0.175105
-0.0152864
0.09934
-0.367928
-0.253563
-0.19873
-0.0666672
0.100551
-0.132703
0.0020681
-0.190729
-0.170683
-0.0656134
-0.0580528
0.307287
0.127113
0.314779
0.166378
-0.287759
-0.314488
-0.0514639
-0.0767859
0.329271
0.0863377
-0.112749
0.0145928
-0.151355
-0.0420517
-0.0370984
-0.204835
0.116661
0.185368
0.0252983
-0.0435905
-0.191019
0.196833
0.143157
0.141685
-0.399247
0.0489006
0.222081
0.057153
-0.054816
-0.362816
0.00683864
-0.0756109
-0.167858
-0.733779
-0.0507718
-0.156609
-0.0184902
0.29975
-0.142092
0.185005
0.265918
0.14927
0.157867
-0.00112079
-0.287719
-0.0543921
0.209011
0.0904945
-0.0416259
0.103025
0.083679
-0.204221
-0.151318
0.192703
-0.110768
-0.127516
0.0787535
-0.0593125
-0.143532
-0.519488
0.0692415
-0.1381
-0.0852195
-0.11775
-0.108779
-0.0784004
0.237391
-0.103987
-0.117028
0.0597234
0.00694759
-0.0690193
-0.252952
0.0626965
-0.0672811
0.214694
0.20348
-0.0796891
-0.308536
0.0979445
0.0564425
0.0368198
0.370147
-0.0375778
0.022061
0.0668465
-0.186977
0.0186515
-0.227063
0.218474
-0.0176838
-0.0466851
-0.284249
0.0204851
0.109677
-0.0960385
-0.0817048
-0.226459
-0.04652
0.216367
-0.0685207
-0.0819178
-0.146178
0.0965981
0.0873962
-0.143895
0.0171748
0.0553454
-0.263679
0.0557592
-0.122547
-0.0501297
0.261623
0.182876
-0.453906
0.184285
-0.148241
-0.211803
-0.283412
-0.133018
0.367724
0.153562
-0.127745
0.0298994
0.218329
0.304122
0.139493
-0.0918047
0.0511521
-0.111279
-0.0958126
0.362883
-0.0342246
-0.103068
0.0780491
0.0159576
-0.167746
0.0835469
-0.0251726
-0.219081
0.0519521
-0.237894
0.0383971
0.0965556
-0.0902537
-0.176687
-0.0970535
0.0723241
-0.188659
-0.0984929
0.0792808
-0.117863
0.0308514
-0.0519987
0.033128
0.0156501
-0.25697
0.0641479
-0.0909876
-0.22863
-0.0609097
-0.0467898
0.166029
-0.230352
-0.184561
0.223919
-0.240175
-0.159514
-0.00868529
-0.225867
0.0312055
-0.0745289
-0.120594
0.0708123
0.0977186
0.149241
-0.0255228
-0.451328
0.00581574
0.142564
0.0946935
-0.106143
-0.162407
-0.247496
-0.0627097
0.0987996
-0.237071
0.0686841
-0.134188
0.0252004
-0.00839027
0.0802119
-0.466628
0.00332764
0.00992263
-0.0435931
0.0193815
-0.116401
-0.108333
-0.0199331
-0.0990916
-0.277889
-0.360393
-0.075555
0.108169
-0.0118404
-0.0521624
0.141316
-0.0181698
0.0582732
-0.255224
-0.373229
0.0915057
-0.184677
-0.231895
-0.0203345
0.103196
-0.210097
0.228239
-0.00115812
0.0750605
0.0854053
-0.0594137
0.0831145
0.0199243
-0.328487
0.0846407
0.374016
-0.0987866
-0.422353
0.192365
0.0876409
0.110713
0.0879598
0.0778101
-0.0809365
0.0211643
0.260346
-0.147222
-0.143879
-0.218336
-0.285013
-0.280586
-0.0348032
0.276036
-0.261186
0.314594
-0.104265
-0.0148745
0.0693792
-0.0782807
-0.0949954
0.118301
0.0344905
0.0302085
-0.0322618
-0.0232906
0.0931973
0.0340302
-0.123879
-0.206509
-0.151543
0.0209466
0.236877
-0.109579
-0.276984
0.0770661
-0.243381
-0.14352
0.121665
-0.0435292
0.029588
0.0533806
-0.134728
-0.144463
-0.088186
-0.24871
0.038451
0.238269
-0.25977
0.0134355
-0.241443
0.0595403
-0.323389
-0.344687
-0.231049
0.0118112
-0.159181
-0.038405
0.0871258
0.1156
0.15378
-0.140573
0.0582708
0.173559
0.20748
-0.0190492
-0.251371
-0.68752
-0.0866173
-0.224778
-0.0573738
-0.0432471
0.0360409
-0.113497
-0.183589
-0.210999
-0.313564
0.190458
0.0669549
-0.0395996
0.115798
0.00526896
-0.203974
0.106609
-0.135098
-0.156288
-0.454921
0.128922
-0.163529
-0.0365141
-0.137648
0.42009
0.0498507
0.132039
0.308664
-0.00269028
-0.416826
-0.304769
0.134687
0.106686
-0.324529
-0.194272
-0.0721849
-0.618442
-0.374028
-0.00135563
0.100156
0.328082
-0.0138795
-0.0104903
-0.249395
0.182377
0.00965138
0.411231
0.270736
-0.0100594
0.260139
0.0318442
-0.0650187
-0.0749635
-0.279219
-0.152002
0.109118
-0.262732
0.221006
-0.206514
-0.0852213
0.0205959
0.255969
0.251815
-0.0239622
-0.0226102
-0.208131
0.279068
0.121781
0.25862
-0.0480042
0.126917
-0.221835
-0.460222
-0.150995
-0.0246312
0.156748
-0.300678
0.143812
-0.00665238
0.0492196
-0.206035
0.284698
-0.0598472
-0.0470163
-0.0251387
-0.196215
0.0543647
-0.261511
0.00855428
-0.346621
0.0658148
-0.0431922
-0.0437709
-0.0412833
-0.0603835
-0.159695
0.038407
0.0750244
0.00370465
0.0178197
0.0877992
0.136064
0.176593
0.0828381
0.0323569
-0.0755177
0.122273
0.0271416
-0.48777
0.162228
-0.139775
-0.0631107
-0.0872369
0.0664424
0.230959
0.0280322
-0.116669
0.0347988
0.167296
0.0889908
0.190251
-0.10155
0.033091
0.288216
0.15221
-0.0160287
-0.123915
-0.235556
-0.0318181
-0.0977192
-0.279817
-0.174421
-0.106642
-0.246415
-0.134934
-0.0940087
-0.105501
-0.000926228
0.146269
-0.190663
-0.00672314
0.0389142
0.182933
0.087324
-0.266511
-0.0749808
-0.128344
0.0170734
-0.266022
0.0264977
-0.13549
-0.260893
-0.0259397
-0.0947076
-0.0149338
0.0220943
-0.0567271
0.289785
-0.130951
-0.223198
0.270015
-0.0249732
0.244666
-0.0906252
-0.107953
0.49521
-0.0067809
-0.199105
-0.124564
0.0955658
0.0602728
-0.19472
-0.05059
0.0531318
0.125723
0.0574982
0.0120153
0.279304
-0.178463
0.243506
-0.0321005
-0.0638873
0.0933526
-0.182938
-0.0533766
-0.307855
0.238199
-0.475802
-0.0230587
-0.140605
0.190624
-0.24042
0.111441
-0.11554
-0.390809
-0.00826072
0.00367756
-0.0748527
-0.534031
-0.19928
0.171574
-0.448435
-0.0559449
-0.228604
-0.3739
-0.0362311
0.211978
-0.0501375
0.196643
-0.0367659
-0.0379621
0.0147626
-0.0720212
0.0218875
-0.449135
0.108474
-0.222644
0.0729132
-0.00319983
0.0347501
-0.0155912
-0.228301
-0.0982143
-0.310606
0.0109459
-0.526889
0.178512
-0.00583301
-0.200811
-0.143526
-0.235898
-0.185005
-0.236367
0.0405269
0.0450344
-0.0616546
-0.358472
0.0295809
-0.202231
-0.339148
-0.156088
-0.323215
-0.197096
-0.196049
0.0904037
-0.0216837
0.0279419
0.0289511
-0.0711936
0.0927458
-0.129719
-0.0930186
0.1087
-0.0381016
-0.0445788
-0.196665
0.167763
0.17021
-0.0884175
-0.040722
0.28404
-0.22023
0.117746
0.00122848
-0.127039
0.154955
0.0185682
-0.188302
0.152368
0.151813
0.0267564
-0.195355
-0.292771
-0.032042
-0.142284
0.181802
0.08968
0.156309
0.039272
-0.158686
0.0538979
-0.0802823
0.145637
-0.0795053
-0.00608809
-0.0850889
0.171034
-0.11039
-0.00114192
-0.00300196
0.138746
0.295174
-0.0243761
0.296788
0.401557
-0.152893
-0.234885
-0.0218957
0.0600632
0.0589716
0.26732
-0.171194
-0.042134
0.119674
-0.0758869
0.117343
0.36511
0.0172875
0.27581
0.0944582
0.151097
0.0639198
-0.160999
0.0608498
-0.110464
0.217744
-0.10335
-0.182056
0.212998
-0.035882
-0.0500969
0.252018
-0.106082
-0.250103
-0.219076
-0.0362108
-0.00494731
-0.221381
-0.247552
0.25736
-0.0980473
0.0810918
0.0261461
-0.0960796
-0.0232328
0.24249
0.0326698
0.0194328
0.0455873
0.108059
-0.0627046
-0.211178
-0.118246
-0.102869
-0.370979
0.17427
0.133288
-0.125557
0.087332
-0.130712
-0.16544
0.0969941
-0.0745617
-0.0587944
-0.393254
0.180383
-0.0634432
-0.0816047
0.0884787
-0.0267232
-0.0479124
-0.414145
-0.101978
-0.0269872
0.0548593
-0.0862697
-0.0729246
-0.00329956
-0.318751
-0.209107
0.0956947
-0.301296
-0.184903
-0.201516
0.303139
-0.170271
-0.0598571
-0.148933
0.152841
-0.118957
0.115996
-0.380762
0.00947177
-0.119754
-0.17307
0.174566
-0.27208
0.000777638
0.070934
-0.28625
-0.25892
