0.349392
-1.03292
1.27593
0.0765868
0.129991
-1.4589
-0.986992
0.766066
0.0875515
-0.85493
-0.116435
0.549541
-0.286121
-0.304964
-0.0661912
-0.13695
-0.492919
-0.452767
-0.526521
-0.295508
0.232777
0.0420163
0.196198
0.332969
-0.982024
-0.903871
-0.275833
-0.605708
-0.705961
-1.14687
-0.142859
0.500203
-0.347892
-1.214
0.140644
-0.126491
-1.01453
-0.0583731
0.0411387
-0.0328805
-0.582596
-0.129632
-0.0124722
-0.978346
-0.670712
0.0676465
0.259235
-0.60467
1.07905
-0.639932
-0.0641089
-0.46816
-0.57467
-0.403431
-0.724207
-0.28574
-0.512549
-0.330829
-0.406805
-0.700887
-0.510707
0.0841883
-0.395274
-0.0209142
-0.236019
0.0145145
-0.458518
0.549134
-0.553556
0.213711
-1.3979
-0.486403
-0.0362161
-0.498867
-0.221189
0.484051
-0.295111
-0.819753
-0.222635
0.021031
-0.236019
0.979879
-0.266132
0.262715
-0.229953
0.074628
-0.784785
-0.319931
-0.462017
-0.832602
-0.0516909
-0.287085
-0.695892
-0.0831054
-0.08008
0.114922
-0.540273
-0.376802
-0.850459
-0.953976
-0.0477364
-0.502389
0.81466
-0.286908
0.301641
-0.28155
-0.302198
-0.350612
-0.756146
-1.3108
0.0924544
0.588252
-0.591539
-0.675342
-0.0353858
-0.122405
0.0782157
0.22457
-0.629721
-0.541395
-0.516852
0.610687
-0.0979409
0.0259926
0.183913
-0.907144
-0.719692
-0.919054
0.66179
-0.311371
0.843551
-1.16048
-0.328145
0.594844
-0.257167
-0.287495
-0.568967
-0.15853
-0.611886
-0.971675
-0.0274534
0.942937
-1.79939
-0.238325
-0.0610716
-0.523536
0.163636
0.119035
0.0724777
1.34112
-1.17429
0.589154
-0.265495
0.197065
0.716631
0.131803
0.385584
-0.540792
-0.0660276
-0.525073
-0.795096
-0.593801
0.0321326
-0.258142
0.191455
0.837065
-0.267001
-0.58795
0.0974881
0.027278
0.17865
-0.145665
0.29599
-0.0275285
-0.248195
-0.381244
-0.0527957
0.333174
-1.00703
-0.485218
0.472216
0.119425
-0.0449109
-0.407961
-0.76496
-0.30602
-0.82617
0.931469
-0.166528
-0.977721
0.18789
-0.445313
0.0248315
0.696817
-0.166378
-0.798144
-0.798061
-1.71932
0.343464
-0.0337441
-0.45909
0.657331
-0.440232
-0.548515
0.544359
-0.724518
-0.445015
-0.78607
0.14277
-0.524192
0.533908
0.376724
-0.169429
-0.691274
-0.672721
-0.0225528
-1.34505
-0.782263
-0.746252
-0.434354
-0.057587
-0.950909
0.132142
0.133159
-0.81097
-0.725797
-1.01588
-0.242891
-0.18234
-0.39953
0.977205
-0.720573
-0.328424
-0.792205
0.271168
-0.266419
-0.580151
-0.725991
-1.05985
-0.0319981
-0.677448
-0.980905
-1.06083
-0.20378
-0.830671
-0.558711
-0.32803
0.431148
-0.122837
-0.218174
-0.615693
0.146647
-0.972784
0.206023
-0.248149
0.338454
