0.71785
0.988297
0.778303
0.479469
0.956363
1.05146
0.725689
1.43091
1.17509
1.51291
1.45517
0.598098
0.708758
0.84902
0.642093
1.01094
0.666314
0.747591
0.550052
0.982651
0.696451
0.642942
1.00603
1.25812
0.767012
1.06699
0.806492
0.794785
1.28095
0.670107
1.16594
0.90786
1.18397
0.710013
1.09134
1.58832
1.1273
0.711427
0.772661
0.872695
0.875975
0.884071
0.76982
0.865386
0.679237
0.715822
0.857016
1.10866
1.21436
0.747496
1.02238
0.865011
1.03278
1.00947
0.709195
1.21164
0.757487
0.698551
0.599084
0.40586
1.53084
0.5631
2.5504
1.55538
1.18482
0.753412
1.22333
0.421552
0.590613
1.0154
1.03946
0.798099
0.718792
0.453608
1.05443
0.801268
0.829942
1.58353
1.09573
0.99337
0.70815
1.35759
0.826179
0.733295
1.54781
0.850271
1.86247
0.858016
1.05314
0.757263
0.945006
0.586474
0.550877
0.901408
0.776639
1.3955
0.998094
0.617044
0.717138
0.817024
0.613251
0.710459
1.1882
1.08671
0.66132
1.03445
1.18642
0.447262
1.23645
0.986309
0.710896
1.69431
0.732928
0.646942
0.892675
0.727064
0.947674
1.10678
0.978165
0.612088
0.812374
1.4136
0.739978
0.872011
0.86455
0.820418
0.691158
1.47414
0.572266
0.608749
0.968139
1.35777
1.1153
0.966853
0.639008
0.889022
0.808484
0.644508
1.25891
0.782488
0.564225
0.748821
1.26553
0.493165
0.67925
0.974759
0.732617
0.626978
0.927039
0.813892
0.868031
0.481506
0.686253
0.544773
0.50243
0.492711
0.572089
1.12675
0.663366
0.721036
1.01963
0.852211
1.06949
0.677715
0.514477
0.681715
0.813234
1.40194
0.702923
0.970092
0.795909
0.773194
1.01996
1.26723
0.901122
0.897205
0.870108
0.576383
0.815021
1.04818
1.43991
0.721967
0.800583
0.701615
1.25546
0.662358
1.05536
1.45543
1.46393
1.40448
0.43174
0.692459
0.876193
0.813522
0.817448
0.497899
0.696117
0.569119
0.821634
0.60756
1.01449
0.68454
1.75509
0.810155
0.914024
0.558699
0.860405
1.54848
0.707073
0.89235
0.464342
1.16341
1.1327
0.698233
2.15346
0.629826
2.14312
0.567397
1.10988
0.486148
0.547069
0.676444
0.550158
0.859432
0.582893
0.857588
0.616739
0.957168
0.582606
0.815924
1.34727
2.20568
1.23852
0.643271
0.804306
0.572675
0.525629
0.903979
0.663246
1.03766
1.5195
0.571484
0.679874
0.891014
1.14695
0.991069
0.828075
1.66664
1.30542
0.621184
0.682731
0.830881
1.21147
1.85019
1.16601
1.23995
