-0.00940738
-0.143974
-0.0649362
0.0229587
-0.120109
-0.0853093
-0.0244039
-0.00485143
-0.0928714
0.0803903
-0.011445
0.0561001
0.0773664
-0.109571
-0.132045
-0.0976218
-0.0696565
-0.131919
-0.10713
-0.0495809
-0.0450441
-0.26302
0.0673812
-0.0410192
-0.258359
-0.024654
0.115678
-0.0032562
-0.0526304
-0.187941
0.0311407
-0.180747
-0.0485043
-0.0838827
-0.0401805
-0.0322649
-0.0813946
-0.0125681
-0.101876
-0.128227
-0.0510642
-0.0706684
-0.301524
-0.227373
-0.193594
0.0664661
0.0011285
0.0322411
-0.0557831
-0.00823331
0.0477941
-0.200908
0.0843759
-0.0764963
-0.00784352
-0.110884
-0.124054
-0.103341
-0.0607657
0.0527483
-0.0234567
0.0591154
-0.0769048
-0.0690012
-0.0877336
-0.0903724
0.0149078
-0.0489496
-0.0223611
-0.0933874
-0.0688227
-0.00483441
-0.091269
-0.104029
-0.113152
-0.0762456
-0.121932
0.0912677
-0.0653902
-0.152557
-0.0205919
0.0930427
-0.107169
-0.1435
-0.050597
0.0760437
-0.141648
0.0466738
-0.103385
-0.0530364
-0.140989
-0.137163
0.0262306
-0.233869
-0.0837407
-0.042283
0.0918416
-0.0682904
0.113187
-0.0853403
-0.0892427
-0.00491423
-0.105085
-0.0874468
-0.150106
-0.046401
-0.100636
-0.00358765
-0.221106
-0.0879363
0.0111084
-0.00416666
-0.108203
0.107326
-0.0661282
-0.0365022
0.0521668
-0.07413
-0.306625
0.0411074
-0.0710931
-0.125473
-0.0882171
-0.123727
-0.0172616
-0.0196109
0.0451118
0.00890373
-0.076344
-0.0770564
-0.0216947
-0.0331296
-0.124074
-0.0642795
-0.0366612
-0.207914
-0.148578
-0.0173419
-0.0951133
-0.18794
0.072086
-0.212846
0.0164364
-0.0213985
0.0767737
0.00371183
-0.134701
-0.183601
0.0380804
-0.142413
-0.169544
-0.0434818
-0.0606765
-0.00952973
-0.0141246
-0.166407
-0.157862
-0.112769
-0.0321742
-0.0761516
-0.0161323
-0.262243
-0.158389
-0.24555
-0.0695991
-0.0879192
0.0282822
-0.138755
-0.179728
-0.0742504
-0.0252695
-0.431832
-0.102931
0.0114051
0.00616095
-0.016052
-0.139775
0.00158136
-0.0506724
-0.0805111
0.0247557
-0.15203
-0.129245
-0.0194743
-0.0469908
-0.0607574
-0.115203
0.0116843
-0.0876479
-0.109075
-0.00820191
-0.0974896
0.276
-0.0721254
-0.0319294
0.0143959
-0.0341536
-0.155733
-0.107615
-0.0360238
0.12501
-0.157834
-0.135698
0.00637836
0.0148943
-0.208478
-0.0477297
-0.0558157
-0.0166423
0.000200779
-0.0486114
-0.0137759
-0.0240196
0.129658
-0.118645
-0.0172647
-0.0139461
-0.114828
-0.0364895
-0.0636823
-0.119531
-0.125415
-0.0502356
-0.071285
-0.105476
-0.0355273
0.0191914
0.0887211
-0.0722072
-0.0816494
-0.120404
0.0520308
0.0464552
-0.0992101
-0.0749286
-0.28159
-0.0796323
-0.0249733
-0.0894729
-0.11494
-0.210008
0.295274
-0.0618138
-0.0351454
-0.0671059
-0.232808
-0.128851
0.0288545
-0.0170836
0.0485431
0.0196624
-0.0772757
-0.0838854
-0.0690477
-0.029805
0.0218045
-0.0353932
-0.0868075
-0.0548167
-0.0105222
-0.199467
-0.138607
0.0483344
-0.0562688
-0.0669458
-0.070593
-0.0757974
-0.140558
-0.0793254
-0.0912218
-0.118184
-0.178283
-0.0908023
-0.369605
-0.0131174
-0.422829
-0.128549
-0.0291234
-0.158899
-0.103491
-0.123743
-0.109741
-0.119039
-0.107729
-0.156417
-0.0597686
0.0263155
-0.102441
-0.100801
0.0222133
-0.00486601
-0.114112
-0.155604
0.0210871
0.0334333
-0.0248151
-0.115716
-0.0442082
-0.0472148
0.033657
0.0387475
-0.00618533
-0.171687
-0.135321
-0.00572459
-0.23534
0.0358388
-0.0389579
-0.0831019
-0.159077
0.00416734
0.0263186
-0.0329156
-0.0962669
-0.0320975
-0.309656
-0.100772
-0.102418
-0.0463548
-0.0831149
0.0124941
0.00599961
0.0689935
0.00969306
-0.267133
-0.170649
-0.0598118
-0.00112415
-0.0683651
0.0153829
-0.0314921
-0.281235
-0.100581
-0.00922714
-0.053585
-0.0992476
-0.0560878
-0.0662344
0.104598
-0.0558628
-0.0130598
0.0349875
-0.196876
-0.0409726
-0.0734514
-0.0839641
-0.128864
0.0158515
-0.0385896
-0.243273
-0.251933
-0.101366
-0.0937567
0.0730571
0.107003
-0.109985
-0.00554872
0.00320465
-0.161686
0.0269527
-0.0617875
-0.00218365
0.00226029
-0.037277
-0.0342722
-0.116096
-0.057448
-0.0652658
-0.238511
-0.0122041
-0.0719005
0.107643
0.0292522
-0.0396953
-0.0220868
-0.0918897
0.0203972
-0.0418128
-0.0357774
-0.104366
-0.134558
-0.0350771
-0.0280687
0.035474
-0.0945407
-0.115028
-0.194003
-0.0247006
-0.0896972
0.109629
0.0436747
-0.0328997
-0.00340431
-0.0125125
0.168436
0.183368
-0.067667
-0.0589206
-0.123258
-0.0737993
0.0661665
-0.103404
-0.153181
-0.242816
0.0908902
-0.0786624
-0.136257
-0.0268626
-0.0488099
-0.075969
-0.0359899
-0.00211906
-0.0549204
-0.143124
-0.0951045
-0.0543328
-0.081114
-0.134665
-0.0794374
-0.0265379
-0.0336748
0.0274354
0.116531
-0.0646058
-0.0181919
-0.139562
-0.0740447
-0.21483
-0.162687
-0.137649
-0.0765357
-0.0216769
-0.126429
0.0502507
-0.0771451
-0.0995785
-0.0388267
-0.0806994
-0.0303203
-0.0525442
-0.134553
-0.0916803
-0.20352
-0.0599323
-0.146319
0.0412407
-0.0073876
0.0854174
-0.140279
0.060551
-0.313366
-0.170425
-0.106343
-0.0518125
0.105827
-0.00381658
-0.154986
-0.00564336
-0.092575
-0.255579
-0.103037
0.168982
-0.118239
-0.111354
-0.0327451
-0.0887985
0.00300808
-0.00280081
-0.0357726
-0.0771408
-0.0901602
-0.165267
-0.196325
-0.0581993
-0.0883098
0.00793053
0.0501594
-0.100381
-0.0206386
-0.0943348
0.0173886
-0.118025
-0.0498379
-0.0425188
-0.0657846
0.111852
0.13368
0.0252074
-0.0655036
-0.0518839
-0.105249
-0.0690723
0.025386
0.0387132
-0.0492157
-0.0322279
-0.136093
-0.0132842
0.018828
-0.0884811
0.0275906
-0.00916205
0.0546283
0.0404777
-0.0708744
-0.111975
-0.00593227
-0.0751752
0.0095306
0.0462112
-0.0503895
-0.108326
-0.0817195
0.00608908
0.0203806
0.0411247
-0.141615
-0.0350427
-0.139636
-0.135829
-0.0398489
-0.118075
0.0417712
0.121873
-0.187914
-0.129446
-0.092391
-0.0564028
-0.100336
-0.191925
0.14934
-0.0236697
-0.121253
-0.175842
0.0226122
-0.130511
-0.0464444
0.000111593
-0.00219046
-0.0795207
-0.166243
-0.077752
-0.129141
-0.113813
0.029263
-0.235006
-0.121946
0.0946307
0.00162293
-0.202412
-0.00616449
-0.0903724
0.00397967
-0.143965
-0.0440584
-0.164872
0.0204859
-0.108079
-0.13874
-0.109798
-0.0595089
-0.16448
-0.0592164
-0.0379805
-0.0672513
0.00479492
0.0986214
-0.0888042
0.102229
-0.178791
0.0199655
-0.0475831
0.0238727
-0.0575275
-0.0272175
-0.0532171
0.00463616
-0.0557196
-0.0542838
0.0508138
-0.0598758
-0.12446
0.127427
0.0445419
0.0726411
0.0657168
-0.164372
0.159844
-0.00010468
-0.024775
-0.0344155
-0.0338147
-0.222148
0.0793823
-0.0389082
-0.0207837
-0.0177796
0.0343603
-0.0384599
-0.07137
0.0392619
0.0953574
-0.131079
0.0318044
-0.172893
0.118078
-0.0837416
0.00778302
-0.125649
0.00418045
-0.155416
-0.0395497
-0.0195164
-0.172625
-0.187491
-0.148743
-0.0607157
-0.0769889
-0.122311
-0.0464543
0.0960578
0.0465052
-0.119866
0.1293
-0.176905
0.0536962
-0.141391
-0.14477
-0.0108392
0.322194
-0.153011
-0.0189653
-0.110985
-0.125633
-0.0349181
0.0370401
-0.101634
-0.0438199
-0.0148874
0.0891106
0.0548079
0.0308831
-0.28777
-0.0922885
-0.126349
-0.22187
-0.0912378
0.0809599
-0.0710654
-0.0858643
-0.0348481
-0.103343
-0.0244086
-0.149118
-0.0876574
0.0351105
0.0403597
-0.083172
-0.113059
-0.0438819
-0.0207027
0.12718
-0.0594306
0.0724708
-0.0819383
0.0314459
-0.100394
-0.179925
-0.136496
0.135482
-0.0266033
0.017124
-0.0425282
-0.0391283
-0.0337015
-0.0410316
0.0130753
-0.0527792
-0.0438173
0.0691954
0.184166
-0.0537654
0.0102295
0.0988767
-0.0277056
-0.108178
-0.0353966
-0.199316
-0.0463798
-0.0537787
0.130462
-0.422088
-0.195939
-0.0106031
0.0868861
-0.288027
-0.0746239
-0.0816209
0.0346133
-0.0267145
0.000835234
-0.14439
-0.101831
-0.104586
0.0111705
-0.034833
-0.0206758
-0.0281133
0.0417247
0.0658086
-0.13028
-0.105751
-0.0982556
-0.0212983
0.0441773
-0.175429
0.0103836
-0.188323
0.00822925
-0.313764
-0.035746
-0.0127301
-0.0846667
-0.0805639
-0.0527706
0.042775
-0.217133
-0.120569
-0.0712672
0.0302378
-0.159465
-0.0446199
0.0171196
0.0551669
-0.0827775
-0.00120646
0.0673589
-0.238197
-0.0115163
-0.24183
-0.100111
-0.119894
-0.0598869
0.106677
-0.209295
-0.0987438
-0.000574099
0.00330414
0.00178538
0.0767562
-0.163672
-0.166024
-0.00914727
-0.091014
-0.0227803
0.0574336
-0.176404
-0.0400602
-0.00727397
0.034632
-0.0437364
-0.0984321
-0.112227
-0.00825534
-0.0655602
-0.00849411
-0.0333842
-0.178844
-0.130152
-0.17913
-0.101718
-0.0938269
-0.0356452
-0.15472
-0.0209817
-0.140629
0.0535967
-0.0432313
-0.0752806
0.154265
-0.02981
-0.0311475
-0.189971
-0.0238939
-0.0680511
-0.0328792
-0.228406
0.00925046
-0.0895555
-0.080671
-0.0477273
-0.0547627
0.034266
-0.100347
-0.133903
-0.0974155
-0.187323
0.0112837
-0.14619
-0.0426675
-0.186291
-0.0770003
-0.185323
0.0297768
-0.0655188
-0.0943279
0.0604033
-0.0447626
-0.000777318
-0.0340858
-0.0951124
-0.0550282
-0.0438975
0.0267818
-0.114068
-0.0145524
-0.175406
-0.141214
-0.174463
-0.0784628
-0.0877806
-0.0469127
-0.0758635
-0.177969
-0.0266382
-0.0349627
-0.0539378
-0.182406
-0.0677674
-0.125345
0.0181999
0.0578616
-0.0665278
-0.117113
-0.331802
-0.0588383
0.0668377
0.0175268
0.00667738
-0.0676564
-0.00536386
-0.00596905
-0.0967216
-0.105322
0.0501947
-0.123547
-0.0557941
-0.181044
-0.122263
-0.0850795
-0.0604839
-0.10669
-0.00896007
-0.0709182
0.0100526
0.0155614
0.0302919
-0.0168306
-0.140791
-0.00658155
-0.183672
0.0797609
-0.03284
-0.115792
-0.051227
-0.158111
0.179931
0.0701233
0.0139458
-0.240302
-0.0279665
-0.200825
0.0225826
-0.0253779
-0.112949
0.0236398
-0.0149363
-0.112687
-0.044965
-0.0673314
-0.103487
0.00824289
-0.00613224
-0.0192339
-0.113394
-0.125663
-0.0507033
-0.119094
-0.0752407
-0.0316588
-0.175798
-0.016502
0.201708
-0.220364
-0.0190967
-0.0635173
0.0544302
-0.0420864
-0.164126
-0.0975225
-0.0764984
-0.0537448
-0.043573
-0.0321313
0.0966023
-0.11315
-0.0552067
-0.0164923
-0.0142629
0.114692
-0.0913821
-0.103178
-0.0358854
-0.14755
-0.0762451
-0.0504397
-0.0220586
-0.172805
-0.123186
0.00344246
-0.0164779
-0.0175957
0.0334222
-0.205284
-0.0557344
-0.056003
-0.159513
-0.166766
-0.0566451
-0.125165
-0.18601
-0.0285845
-0.104363
-0.0591115
0.019531
-0.0404795
-0.0180643
-0.0536241
0.0367761
-0.161081
-0.0642682
0.0108478
0.000684863
-0.0947155
-0.0801686
-0.00439218
-0.0207178
0.041091
-0.106816
-0.108846
-0.00714534
0.0406918
-0.251898
0.226364
-0.0657711
-0.160467
-0.0025762
0.040478
0.00344622
-0.12372
-0.078483
-0.0963068
-0.143061
-0.0273864
0.0286117
0.0159038
-0.0367384
-0.116768
-0.110301
0.0336415
-0.109096
-0.0481384
-0.120436
-0.0733989
-0.162542
-0.098669
-0.138575
-0.0824533
-0.137305
-0.150396
-0.127638
-0.0548974
0.0584081
-0.0360809
-0.160273
-0.165791
-0.00277723
-0.130398
0.0776891
0.0102354
-0.119973
-0.162433
-0.083259
0.0537917
0.0304853
-0.00493508
-0.0723229
0.0161689
-0.127311
-0.154393
-0.0331161
-0.00170273
-0.0527802
0.174682
-0.152743
-0.0892493
-0.0787008
-0.0730694
-0.110319
-0.0376394
-0.0585941
-0.266078
-0.0563797
-0.175355
-0.155196
-0.111684
-0.158856
-0.0815716
-0.102604
-0.0222898
-0.230695
-0.0388563
-0.155786
-0.0731322
