-0.338068
-0.0937699
-2.1156
-0.929885
-0.761637
-0.052202
-0.352659
0.0804851
-0.507654
0.158904
-0.0691517
0.138408
-0.193211
-0.713206
-0.422006
-0.564892
-0.147981
-0.393027
-0.0271189
-0.232152
-0.502742
-0.014771
-0.686537
0.361729
0.0202626
0.0903395
-0.331027
1.02824
-0.240085
-0.423231
-0.718879
0.514783
-0.474893
-0.450916
-0.0303821
-0.917691
0.203897
-0.399441
-0.472638
-0.358234
-0.135383
-0.0693627
0.303313
-0.27631
-0.22261
-0.226883
1.17728
-0.170571
-0.0315888
-0.233842
-0.600905
-0.426857
-0.765686
-0.014459
-0.00822893
-0.370113
0.0130998
-0.0891956
-0.0725177
-0.328959
-0.351229
-0.833307
-0.101112
-0.529583
0.139021
-0.187683
-0.254042
-0.545938
-0.0919343
-0.595744
-0.200542
-0.918438
0.617762
-0.181028
-0.326203
-1.08178
-0.378667
-0.288255
-0.259414
-0.105797
0.0164459
-0.888869
-0.261506
-0.0681183
-0.257544
0.415125
-0.641168
0.337695
-0.17709
-0.0661512
-0.0981997
0.349825
-0.784234
0.259565
-0.0837694
-0.455815
0.0608612
-0.0616377
-1.26889
-0.478009
0.17644
0.0204316
0.182336
-0.71304
-0.234522
-0.770022
-0.478591
0.0408758
-0.21161
-1.01913
-0.823763
-0.0286068
0.390827
0.262746
-0.0433242
-0.908332
-1.00948
-0.0254577
-0.0750371
-0.623102
-0.422082
0.11497
-0.140311
-0.308713
0.228802
0.0689605
-0.172264
-0.321498
-0.248678
0.073925
-0.211196
1.20514
-0.513331
-0.156245
-0.687888
-0.301804
-0.3352
-0.334855
-0.632413
0.061101
0.194844
-1.11033
-0.460087
-0.351258
-0.195757
0.0197741
-1.22361
0.163837
0.0520676
-0.41353
0.155249
-0.127513
0.0630172
-0.436952
-0.319771
-0.414503
-0.365883
0.0930789
0.087766
-0.527541
0.0340926
0.216882
0.0888492
0.0145846
-0.0505925
-0.177773
-0.518188
-0.316528
-0.0912969
-0.0946685
-0.0484222
-0.510821
0.0421365
-0.831013
-0.353374
-0.0862545
-0.554864
-0.502424
-0.816638
-0.481901
-0.476144
-0.494049
-0.340691
-0.166834
-0.0102795
-0.469364
-0.579588
0.205919
-0.664097
-0.427081
-0.370786
-0.513253
-0.0268434
-0.312394
0.249475
-0.535478
0.0837109
0.0555336
-0.160673
-0.234467
0.47158
-0.443346
-0.650579
-0.696044
-0.667738
0.03549
-0.540659
-0.655659
-0.618567
-0.00888936
-0.816162
-0.311322
-0.728248
-0.118527
-0.118512
-0.0439446
-0.131472
-0.0886351
-0.9733
-0.356849
0.187346
0.491957
-0.921246
-0.0930797
-0.392084
0.527854
-0.167742
-0.0773235
0.124242
0.118415
0.396715
-0.401651
0.314388
0.529489
-0.364304
-0.500825
0.0528924
-0.233636
0.122167
0.00472142
-0.305947
0.054123
-0.441504
-2.38296
-0.886166
-0.163033
-0.00408651
-0.722699
-1.13614
-0.229075
-0.219899
-0.233435
0.187701
-1.48171
0.285839
-0.223085
