0.282064
0.301101
0.301166
0.528919
0.206912
0.403237
0.315224
0.263969
0.196629
0.191278
0.330102
0.288333
0.330457
0.151968
0.218118
0.207798
0.438234
0.225519
0.378577
0.257634
0.580281
0.325651
0.252905
0.4033
0.247763
0.399293
0.407249
0.442743
0.400785
0.145667
0.170612
0.301695
0.195293
0.324354
0.255217
0.40546
0.339757
0.428756
0.508062
0.932866
0.522008
0.331884
0.408912
0.182308
0.325558
0.187105
0.624686
0.393994
0.3159
0.168103
0.18526
0.262229
0.288042
0.267501
0.287543
0.352112
0.251083
0.340643
0.371302
0.323381
0.501058
0.240429
0.356422
0.375423
0.275586
0.243169
0.344216
0.182023
0.404254
0.350789
0.241804
0.345159
0.589028
0.176721
0.463902
0.331699
0.386487
0.23666
0.223308
0.331876
0.342518
0.64737
0.363632
0.308121
0.322899
0.141956
0.276705
0.37867
0.232326
0.238475
0.27307
0.374992
0.415436
0.291629
0.281107
0.449546
0.287035
1.17975
0.488788
0.354516
0.341175
0.297739
0.226762
0.205963
0.499512
0.244782
0.425705
0.348257
0.597207
0.519768
0.411517
0.303176
0.357515
0.226209
0.364754
0.272054
0.148877
0.389621
0.325645
0.292321
0.903557
0.422511
0.313049
0.267729
0.301772
0.417713
0.265011
0.260001
0.132969
0.463664
0.263408
0.723423
0.155922
0.469407
0.516445
0.223674
0.370627
0.249253
0.368331
0.232945
0.801477
0.438375
0.323188
0.57838
0.458771
0.267787
0.529128
0.244232
0.366136
0.370794
0.345984
0.468904
0.264349
1.06448
0.444351
0.161982
0.236909
0.39171
0.715107
0.588624
0.402908
0.231527
0.184598
0.22943
0.351562
0.246704
0.512293
0.269178
0.395649
0.223103
0.663735
0.371865
0.338792
0.466851
0.260871
0.314555
0.209773
0.378165
0.236245
0.395573
0.218004
0.350036
0.303226
0.278476
0.455884
0.268721
0.242856
0.334549
0.166911
0.404276
0.184098
0.115537
0.303689
0.192159
0.19141
0.247208
0.105134
0.353983
0.33773
0.210399
0.306888
0.258613
0.294033
0.237944
0.692281
0.207537
0.196255
0.222543
0.274124
0.210203
0.360182
0.376251
0.237007
0.156943
0.593663
0.404078
0.250522
0.288798
0.738874
0.323382
0.379389
0.317829
0.198317
0.247422
0.48995
0.388987
0.348486
0.322568
0.241602
0.539237
0.271539
0.395219
0.434934
0.284983
0.174602
0.195052
0.240235
0.22052
0.452388
0.178239
0.501689
0.310595
0.146298
0.540369
0.305121
0.226539
0.368591
0.23486
0.40942
0.239653
0.174505
0.248262
0.377521
1.32413
0.171117
0.226305
