-0.623592
-0.934318
-0.708299
-0.169144
0.271466
0.705818
0.0613889
-0.143106
-0.169044
-0.129073
-0.709123
-1.0252
-0.90927
-0.650087
0.145913
-0.16791
-0.909985
0.705068
0.741463
0.343368
-0.941553
-0.885237
0.0842256
-0.388383
-0.1505
0.118647
-0.430357
-1.13988
0.694356
0.029357
-0.247105
-0.475618
-0.405775
-0.334131
-0.254929
-0.779299
0.208597
0.0571961
-0.164505
-0.810117
0.161255
-0.858401
-0.404902
-0.28543
-0.650392
0.500193
1.05719
-0.635887
-0.436384
-0.145472
0.414175
0.444603
-1.08919
-0.402151
0.0828174
-0.19698
0.516625
0.0779118
0.712701
-0.0427055
0.20062
-0.817518
-0.00907801
-0.34783
-0.281932
0.0545781
-0.299361
-0.211715
-0.33717
-0.13367
-0.54792
1.31085
0.511864
-0.202215
-1.02057
-0.685049
-0.0432404
0.451701
-0.596278
0.398489
-0.804364
-0.262061
0.181216
-0.242785
-0.654425
-1.38771
-0.347112
-0.317983
-0.213868
0.611136
-0.437877
0.268125
-0.586568
-0.669108
-0.389981
-0.932451
-0.535662
-0.0859266
-0.403388
-0.00917335
0.0475889
-0.445151
0.256756
-1.46969
0.0292839
-1.51376
-0.18541
-0.146212
-0.248144
-0.228102
-0.354108
-0.161636
-0.830803
-0.741917
-0.295822
-1.03192
-1.00823
-0.97866
-0.309948
-0.796037
-0.136415
-0.837439
-0.864777
0.110942
-1.28759
-2.1715
-0.733906
0.256575
-0.870078
-0.120698
-0.457654
0.00719079
0.270205
-0.0954629
-0.752111
0.147246
0.268229
-0.375466
-0.230143
-0.0555347
0.0178809
-0.239339
-0.0965151
-0.682606
-0.358382
-0.722859
-0.316262
-0.486992
0.188817
-0.187348
-0.10511
-0.532201
0.314681
-0.310179
-0.679986
-0.555664
-0.0411106
-0.0182889
0.0929395
-0.659415
-0.48138
-0.159526
-1.3162
-0.217033
-0.173984
-0.183146
0.0841447
-0.581537
-0.94195
-0.0743779
-0.0223456
-0.433928
-0.271992
-1.17288
-0.56576
0.14651
-0.502402
-0.323682
-1.11137
-0.492672
-0.865038
0.369034
0.554763
-0.395522
0.346084
-0.148339
-0.336594
-0.405551
-0.946711
-0.673262
-0.592946
-1.384
-0.653181
-0.233863
-0.636031
-0.0718887
0.205476
-0.205148
-0.132206
-1.96636
-0.380096
0.790217
-0.0234204
-1.62736
-0.270089
-0.399588
-0.416837
-0.420684
0.244576
-1.26292
0.0775443
-0.101499
-0.814047
-0.163946
-1.2558
0.656992
-1.02516
-1.01527
-0.568341
-0.172738
-0.0601861
-1.14565
-0.450376
-0.471575
-0.162636
-0.737688
0.704701
-0.0542016
0.248039
-0.556627
-0.321393
-0.548387
-0.509912
0.00298526
0.60663
-0.695549
-0.500417
-0.647767
0.617903
-0.48015
-0.731868
-0.58275
0.0103818
-0.841104
-0.236708
-0.567225
0.229802
-0.430907
0.0412291
0.382569
-0.372109
-0.461427
-0.371948
-0.61657
-0.529835
-0.23868
