1.56294
1.01748
0.549102
0.742907
0.669469
0.898175
0.909163
1.12576
0.816546
0.93114
0.814299
0.719384
0.586406
0.735491
0.790795
0.488706
0.761081
0.936493
1.16437
0.562815
1.8426
1.22226
0.676168
1.19297
0.731707
1.11929
0.824409
1.03281
0.31561
1.0204
1.03363
0.769028
0.526539
0.578912
0.665016
0.795545
1.2293
0.829577
0.445948
1.00147
0.974151
0.769912
0.425587
0.893049
0.634192
0.690702
0.819857
0.932553
0.672464
0.564453
0.530952
0.731031
1.30231
1.14078
0.595926
0.966253
0.710236
0.865031
0.86361
0.607106
0.68262
0.816425
1.16282
0.76432
0.864422
0.928785
0.787815
0.548227
1.01133
0.673341
1.04478
0.75747
0.603057
0.720252
0.69459
0.653338
0.718854
0.990019
0.695729
0.631031
0.829326
0.783249
0.713706
0.845464
1.06171
1.94615
1.83157
0.855767
0.842239
0.86424
1.25873
0.713278
0.879945
0.746065
0.640722
1.22932
0.94573
0.640956
0.979892
0.592908
0.670921
1.29761
0.491069
0.988103
0.600105
1.09879
0.982376
0.473261
1.1678
0.883758
0.908464
0.67247
1.02282
3.70055
0.729171
1.39688
1.07226
0.984431
0.649428
0.805954
1.09497
1.46646
1.55049
0.636181
0.835479
1.92529
0.910609
0.714234
1.90256
0.646426
1.09959
1.00506
0.748982
0.652989
0.563635
0.656091
0.821422
0.734945
0.774378
0.785535
0.456263
1.12782
0.752148
1.06962
0.764672
1.69589
0.624834
0.810278
0.86011
0.874109
0.725909
0.634613
1.1186
0.864708
0.530849
0.670482
0.721532
0.773487
0.734681
1.06445
0.523956
0.571859
0.827217
0.681027
0.759808
0.551244
0.656486
1.61842
0.744706
0.649215
0.651011
0.746233
0.588318
1.22111
0.956722
0.930379
0.636969
1.0731
0.93007
0.826958
0.815296
0.837444
0.773735
0.664658
0.893271
0.90762
0.595436
0.83236
0.771444
0.794561
0.757277
1.60405
0.575492
0.639867
0.835823
0.781482
0.724042
0.621381
0.748619
0.948134
0.85846
0.681257
0.509449
1.14607
0.603621
1.35313
0.651256
0.70911
0.644011
1.43442
1.11269
0.868738
0.699736
0.992597
1.57065
0.74782
1.16251
1.15475
0.769813
0.862277
0.720513
1.22965
0.823962
0.727918
0.471427
0.578057
0.565596
0.891784
1.2142
1.12505
0.979183
1.42609
0.734037
0.849382
0.684575
0.988731
1.72479
0.427397
0.846694
0.64154
1.06537
0.995
0.936367
0.630936
0.644428
1.6519
0.565958
0.914235
0.93145
1.9248
1.1668
0.654554
0.584362
0.6129
0.952095
0.681708
