0.132178
0.127784
0.135991
0.110105
0.185585
0.159293
0.105884
0.153981
0.239287
0.131743
0.111667
0.174686
0.18388
0.203001
0.136859
0.283542
0.156741
0.132177
0.464128
0.160867
0.0942299
0.232202
0.236306
0.104736
0.171252
0.182587
0.174176
0.138931
0.142679
0.133073
0.112465
0.131739
0.134597
0.104993
0.198162
0.248975
0.0745135
0.12221
0.176868
0.247796
0.143434
0.156209
0.292134
0.17365
0.202542
0.147608
0.146543
0.171464
0.15779
0.154938
0.157924
0.236824
0.23434
0.149836
0.152415
0.329626
0.200708
0.106555
0.123485
0.136704
0.162322
0.109468
0.10124
0.210787
0.166405
0.419279
0.119236
0.380004
0.12807
0.227618
0.179339
0.155487
0.124621
0.0981775
0.211424
0.190781
0.160759
0.336751
0.118193
0.169632
0.133422
0.267719
0.123559
0.151189
0.186944
0.132711
0.146742
0.182201
0.413656
0.157357
0.156452
0.219616
0.254441
0.1107
0.0929199
0.225706
0.245782
0.146561
0.106714
0.118035
0.340048
0.123042
0.173857
0.163772
0.140197
0.243784
0.12847
0.241832
0.148794
0.154008
0.290762
0.0713159
0.130065
0.10096
0.184709
0.178557
0.183217
0.18545
0.0928037
0.107323
0.14523
0.145479
0.161009
0.152448
0.107932
0.178233
0.141796
0.099334
0.144538
0.165882
0.228051
0.675682
0.254348
0.207062
0.10967
0.316719
0.169755
0.262694
0.18641
0.150662
0.112937
0.112629
0.179805
0.191011
0.120923
0.218706
0.102523
0.114994
0.132725
0.159541
0.109821
0.161428
0.187473
0.116851
0.230266
0.118525
0.0903799
0.117995
0.300739
0.218348
0.1463
0.131241
0.0993744
0.137442
0.163088
0.14646
0.193317
0.154486
0.116612
0.0874023
0.10016
0.162822
0.178389
0.477708
0.153231
0.11467
0.115965
0.145446
0.161821
0.132237
0.10025
0.178603
0.24062
0.188817
0.205797
0.363053
0.131203
0.133276
0.149766
0.111366
0.114622
0.136945
0.160684
0.314927
0.130195
0.118649
0.225487
0.128055
0.098459
0.176867
0.127018
0.140153
0.286001
0.220407
0.125278
0.116439
0.203578
0.102704
0.156559
0.13333
0.126694
0.158557
0.132428
0.294085
0.117098
0.22072
0.171721
0.17341
0.278965
0.155688
0.100749
0.176224
0.268611
0.0988983
0.138171
0.105146
0.191902
0.139438
0.201052
0.225716
0.101611
0.152718
0.118195
0.193442
0.169725
0.0989806
0.130429
0.154723
0.168771
0.0893741
0.14841
0.162769
0.135085
0.209453
0.125156
0.153527
0.1482
0.183816
0.194115
0.111689
0.222458
0.19084
0.182773
0.196838
0.157094
0.384322
