-0.10272
-0.0564264
-0.0590419
-0.0883141
-0.137556
-0.059405
-0.0134472
-0.0374916
-0.0986645
-0.0283663
0.0913654
-0.124391
0.00115873
-0.0775709
-0.11827
-0.00972463
-0.0762068
0.0311661
-0.0102141
-0.0908124
-0.220042
0.0139428
-0.0320117
-0.0514175
-0.0277902
-0.056916
0.0837443
-0.0102815
-0.0472474
-0.0736511
-0.00130775
-0.0515746
-0.0650366
0.0427994
-0.365152
-0.0416931
-0.036377
-0.153312
-0.0857628
-0.133833
0.0344169
-0.242144
-0.140494
0.0166014
-0.0102688
-0.091823
-0.056254
-0.0459168
0.0662795
-0.180007
0.0460508
-0.0853297
-0.0529777
-0.101525
-0.125665
-0.0565498
-0.101139
-0.002617
-0.20222
-0.134535
-0.0406666
-0.0385698
-0.0552559
-0.0215506
0.0319714
-0.0644913
-0.0887471
-0.0330336
-0.0473675
-0.107415
-0.028004
-0.135802
-0.0591208
-0.0808918
-0.0965173
-0.0298958
-0.0901505
-0.0914668
0.00768501
-0.108621
-0.0487109
-0.0136834
-0.116924
0.0101661
-0.0877551
-0.166338
-0.15691
-0.0233375
-0.0895862
-0.187
-0.0645145
-0.0587487
-0.170961
0.0345682
0.0163542
-0.108609
-0.0634804
-0.0416391
-0.0636846
-0.0255808
-0.126279
-0.145875
-0.0562928
-0.00180059
-0.0232543
-0.14074
-0.00816184
-0.0313103
-0.158742
-0.0885334
-0.102633
-0.0316492
-0.0453998
-0.173313
-0.079069
0.0682497
-0.163271
-0.0545457
-0.102123
-0.313934
-0.139218
-0.162156
-0.0602356
-0.00272571
-0.172131
-0.0281367
-0.151204
-0.148196
-0.0540834
-0.0927911
-0.104091
0.0132847
-0.0534615
-0.10716
-0.0401411
0.0121033
-0.116616
-0.0864931
-0.0728536
-0.00362396
-0.177166
-0.116579
-0.175789
-0.116633
-0.157309
0.080458
-0.0466266
-0.125853
-0.0668793
0.00335726
-0.044076
-0.0298565
0.0720308
-0.0882607
0.0669243
-0.0505549
-0.252336
-0.040314
-0.185588
0.0735317
-0.122315
-0.0992645
-0.0763105
-0.148612
-0.116391
-0.00785544
-0.0739289
-0.217753
-0.0289781
0.00691564
-0.0305882
-0.0384375
-0.00224408
-0.0782673
-0.155895
-0.058017
-0.0291428
-0.0160546
-0.16042
-0.0761009
-0.10951
-0.0379513
-0.0151944
-0.00411205
-0.0230954
-0.0265197
0.0237722
-0.0017731
-0.105137
0.0602121
-0.0117895
0.000436248
-0.130137
-0.0422265
-0.129027
-0.118475
-0.0799467
-0.097327
-0.0592379
-0.198218
0.0369433
-0.0875323
-0.0749964
0.0186517
0.00658446
0.108356
-0.0187889
0.0924601
-0.0142746
-0.172757
-0.0828292
0.00320695
-0.0622547
-0.0285624
-0.030211
-0.0260227
-0.0905289
-0.184257
-0.0329946
-0.0551835
-0.111469
-0.109395
-0.0188497
0.0130402
-0.100575
-0.0420961
0.0218642
-0.297276
-0.0555131
-0.133737
-0.164963
-0.0915741
0.000500223
-0.172485
-0.122681
-0.148512
-0.0227252
-0.158877
-0.0523768
0.0072512
-0.0654927
0.156875
-0.00834339
-0.033955
-0.0330406
-0.0792844
-0.109135
-0.0773932
-0.15479
0.0113426
-0.0948289
-0.0987944
0.0831984
-0.170355
-0.136044
0.00923461
-0.212785
-0.25645
0.0132079
-0.0377592
-0.0446898
-0.147305
-0.0212358
0.0146361
-0.0615627
-0.0890103
-0.0987142
-0.124554
-0.0122171
-0.00473893
-0.183131
-0.092334
-0.116117
0.00123719
-0.0103645
0.0591652
-0.106079
-0.0959728
-0.14217
-0.125964
0.0107914
0.00400094
-0.0437241
-0.0455889
-0.0958343
-0.0123529
0.0407095
-0.15605
-0.0885239
-0.121654
-0.0484137
-0.141405
0.0269972
-0.0471811
-0.131308
0.038876
0.0272082
-0.107329
-0.125614
-0.0504889
-0.202463
-0.0203184
-0.120106
-0.0260132
-0.134466
-0.0384817
-0.0814694
-0.0487899
-0.096989
-0.0501036
-0.03052
0.0319164
-0.0691033
-0.0536116
0.0375493
0.00262773
-0.181993
-0.0680112
-0.0534417
0.0167371
-0.0507849
-0.0700853
-0.127717
-0.119252
-0.166437
-0.0947622
0.0543801
-0.110095
0.00683326
0.0754509
-0.0604364
-0.064147
-0.0562313
-0.0387738
0.00165757
0.0302148
-0.00179528
0.10141
0.0162272
-0.188497
-0.0532439
-0.0939464
-0.0229261
-0.0739851
-0.0721648
-0.0693463
-0.0252124
-0.149458
-0.11082
-0.170649
-0.101459
-0.118956
-0.0598603
-0.166422
-0.0914673
-0.163653
-0.0446657
-0.13953
-0.0460256
-0.0240665
-0.100764
-0.0905472
-0.07279
0.0105047
-0.133949
-0.0508307
0.0082652
-0.0664745
-0.0138864
-0.0325924
-0.0985368
-0.145503
-0.0307529
-0.0703807
-0.0986026
-0.0235996
-0.0478609
-0.00017259
-0.0371478
-0.0204991
-0.104784
-0.0348475
-0.0692977
-0.0272051
-0.0435156
-0.110115
-0.0982826
-0.113921
-0.0486392
-0.0231562
-0.0931491
-0.00770124
-0.0412373
-0.0501019
0.0531181
-0.0645441
-0.198046
-0.161591
0.030371
-0.0935957
-0.0348992
-0.112231
-0.055513
-0.0730744
-0.102916
-0.0816259
-0.0207149
-0.0972671
-0.158785
-0.0283486
0.0551235
-0.0151869
0.0172039
-0.130754
-0.00462586
-0.0495299
-0.132815
0.00699033
-0.0788885
-0.0394976
-0.0296573
-0.00371874
-0.0215314
-0.108534
0.0210602
-0.00904502
-0.0502075
-0.134336
-0.15558
0.0724709
-0.318945
-0.154362
-0.0775555
-0.0458095
-0.022961
-0.0806566
-0.0924458
-0.0796287
-0.31232
-0.0647491
-0.0657434
-0.0868445
-0.13383
-0.0309606
-0.145997
0.0103929
-0.0715015
-0.027849
-0.172836
-0.104266
0.00837952
-0.125435
0.035405
0.00536251
-0.00724822
-0.156843
-0.0327396
-0.0179514
-0.0960047
0.0483459
0.0416433
0.0238821
-0.00987562
-0.185926
-0.0914754
-0.0820327
-0.0851422
0.0221136
-0.139008
-0.0606277
-0.0715471
-0.087235
-0.0788845
-0.199736
-0.0126547
-0.0236016
0.0736362
-0.0575427
-0.0320951
-0.138427
-0.197798
-0.040079
-0.142613
-0.143071
-0.0700084
-0.155767
-0.123993
-0.129506
-0.0117167
0.000939237
-0.049063
-0.0634114
0.0120458
-0.018534
-0.155203
-0.0714886
-0.0341295
-0.0614969
-0.151529
-0.155932
-0.0157731
-0.0808651
-0.013512
-0.0679384
-0.146502
0.0172037
0.0176205
0.111751
-0.200952
-0.0622905
-0.0446815
-0.029996
-0.0315713
-0.052994
-0.221687
-0.0744043
-0.0106183
-0.0527608
-0.161985
-0.0750691
-0.12877
-0.135419
-0.216036
-0.0847637
0.0869839
-0.0922997
-0.0782155
-0.190285
-0.119397
0.0108395
0.0308593
-0.106567
-0.150065
0.00890619
-0.018629
-0.0988291
-0.188423
0.0570654
-0.158606
-0.12678
0.0212377
0.0389208
-0.154983
-0.108437
0.0159058
-0.00906712
-0.0405867
-0.0881296
-0.077794
-0.150818
-0.0902489
-0.183589
-0.0532907
-0.151262
0.0150309
0.0506106
-0.0984541
-0.100907
-0.136389
-0.0582938
-0.0524623
0.0262387
-0.285589
-0.0919823
-0.0356426
-0.020631
-0.116955
-0.0490392
-0.0450977
-0.0121914
-0.0939239
-0.101516
-0.0967931
0.00291037
0.0610934
0.395854
-0.0204255
-0.00409696
0.0147747
-0.00445543
-0.0609455
0.00906166
0.0261907
-0.0432391
-0.228727
-0.0162933
-0.0495149
0.00399295
-0.131596
-0.0199272
0.131294
-0.116516
0.0335787
-0.162385
0.00910377
-0.185721
-0.157219
0.0416867
-0.0497979
-0.086439
-0.25758
-0.11801
-0.110635
0.0385665
-0.114818
0.0419334
-0.210787
-0.0091185
0.0597141
-0.0902184
-0.050104
-0.113481
-0.0405135
0.0132349
-0.118887
-0.0802792
-0.0967198
-0.0722258
-0.229348
-0.123037
-0.190745
-0.120775
-0.0157331
-0.101416
-0.0231242
-0.0340313
-0.105803
-0.144095
-0.0176723
-0.136198
-0.0580396
-0.068553
0.0371903
0.00132178
-0.030328
0.143016
-0.20153
-0.0226859
0.0315192
-0.0381225
-0.0979845
-0.0180553
-0.0556874
-0.026197
0.0239524
-0.0714848
-0.055281
-0.0745727
-0.0805386
0.0495258
-0.10753
-0.230327
-0.0540799
-0.0101916
-0.145764
-0.0395353
-0.13492
-0.00943197
-0.133562
-0.0754332
-0.105923
0.052408
-0.16779
-0.0390967
-0.0313839
-0.117912
0.0131839
0.0417226
-0.0413101
-0.0738462
-0.133407
-0.00341438
0.0700634
0.0274589
-0.111501
-0.188691
-0.141411
-0.0249518
-0.151831
-0.0474028
-0.125217
-0.0867644
0.0458797
0.0452895
-0.0742624
-0.1244
0.0605798
-0.154791
-0.104403
-0.0609417
-0.0372547
-0.0649788
-0.0369538
-0.188766
0.0314901
-0.0892359
-0.0761369
0.0485455
-0.173725
-0.0717202
-0.0605055
-0.0693075
-0.112215
-0.0284096
-0.0538339
-0.121447
-0.0368433
-0.00105454
-0.0325669
-0.144215
-0.17328
-0.109587
0.0108697
-0.036893
-0.00115055
-0.12034
-0.207918
-0.0379161
-0.220678
-0.0996787
-0.00684935
-0.0158376
-0.143678
-0.0622927
-0.16257
-0.0655891
0.0138
-0.0373053
-0.18066
-0.123199
-0.118662
-0.0549135
-0.0149529
-0.0855154
-0.164518
-0.192438
-0.0331656
-0.0945319
-0.131994
0.00981076
0.0454342
-0.110172
-0.0789565
-0.116395
-0.084431
-0.0163782
-0.0961518
-0.143767
-0.0486714
-0.0712346
-0.048683
-0.0754943
-0.10476
-0.0215252
-0.0223532
0.0477539
-0.0930425
-0.0231658
-0.0745871
-0.0528578
-0.193098
-0.0517135
-0.13836
-0.0925533
-0.0487414
-0.0828157
-0.0816677
-0.238367
-0.0679648
-0.168837
-0.00917258
-0.00801035
-0.12073
-0.00337862
-0.086684
-0.0788769
-0.0358217
-0.0549644
-0.00189096
-0.0494016
0.0151974
-0.143171
0.00699704
-0.0811272
0.024105
-0.0992025
-0.168199
0.00929646
0.0454623
-0.069715
-0.0797269
-0.111937
0.0375664
-0.0579348
-0.144912
0.0483809
-0.0534592
0.0119457
-0.0127506
-0.179439
-0.0338338
-0.0437557
0.0665838
-0.177584
-0.0594201
-0.0775869
-8.06837e-05
-0.0724226
-0.0206728
-0.106259
-0.0761136
-0.05183
-0.0312677
-0.208342
-0.0248824
-0.297277
-0.0555632
-0.0377665
-0.0620626
0.0933222
-0.071055
-0.0274152
-0.148562
-0.02535
-0.19976
-0.147399
-0.0613858
-0.150917
-0.0520509
-0.0738913
-0.0215199
-0.0393502
-0.109508
-0.0165003
-0.0945016
-0.0679327
0.0263162
-0.112342
-0.183329
-0.0189117
-0.0918202
-0.0136316
-0.0565122
-0.0924168
-0.0418836
-0.0990615
-0.0618436
-0.0536691
0.0565535
-0.0624132
-0.0603726
-0.109862
-0.0426406
-0.0628125
-0.0133076
0.0626955
-0.0948161
-0.0256076
-0.0179772
0.0387519
-0.109377
0.0353438
-0.136299
-0.060903
0.069386
-0.129247
0.049307
-0.0512201
-0.0551344
0.063871
-0.0722218
-0.147104
-0.158606
-0.0635951
-0.0324815
-0.107096
-0.146776
-0.0500059
-0.0970059
-0.0334451
0.0346767
-0.125653
0.00454561
-0.0231674
-0.146259
-0.152085
-0.0612049
-0.228629
-0.0715988
-0.0630522
-0.0205777
-0.0451161
-0.169356
-0.1826
-0.0965729
-0.0184819
0.0375096
-0.139951
-0.030238
-0.0854177
-0.129232
0.116315
-0.0426561
-0.105719
-0.0521101
-0.0613278
-0.180263
-0.184692
-0.0356602
0.0464469
-0.0446722
-0.0289857
0.0964929
-0.15574
-0.0197688
-0.0909662
-0.0691561
-0.0198186
-0.20843
0.00862378
-0.0821995
-0.194577
-0.0741679
-0.0202512
-0.0649038
-0.075302
-0.0309045
-0.0293509
-0.0165122
0.00180358
-0.0393612
-0.030304
-0.0618155
0.0109575
-0.0631147
-0.115854
-0.116087
-0.134222
0.0181174
-0.0727889
-0.100355
0.0560093
-0.0596802
0.130471
-0.0573829
-0.0967659
0.0363102
-0.169427
-0.0517827
-0.0669392
0.0096333
-0.0333902
-0.130372
-0.0356659
-0.186372
-0.126591
-0.0535693
0.0115193
-0.0740725
0.0739183
-0.233306
-0.0501288
0.00553089
-0.119489
-0.0914445
-0.0145749
-0.0495483
-0.0186754
-0.000582417
-0.019016
-0.140376
0.0286478
-0.0995997
-0.0382708
0.0329235
-0.105892
-0.0475012
-0.00431117
-0.0420805
-0.0428519
0.141954
0.13773
-0.203611
-0.0961009
-0.197252
-0.178147
-0.0582461
0.00687248
0.00724999
-0.322775
-0.127296
-0.065458
-0.0516707
0.00857518
-0.0936833
-0.0791778
-0.0738837
-0.134944
-0.0674281
-0.00555444
-0.121248
-0.153354
-0.0345704
-0.134755
-0.00518848
-0.0475633
-0.130724
-0.0486536
-0.0401073
-0.0237755
0.000971921
-0.0208732
-0.125591
-0.0849321
-0.0851823
-0.191076
-0.122851
0.0779573
-0.117883
-0.0955543
-0.0944441
-0.113524
-0.113915
-0.276082
