-0.0900865
-0.150751
0.485128
-0.191906
-0.115742
-0.0599372
-0.32606
0.0599136
-0.266101
0.0266666
-0.205475
0.0829694
-0.244414
-0.386495
-0.111774
0.0321098
-0.274813
0.156346
-0.189168
-0.0433982
-0.0788118
-0.00294507
-0.346692
-0.0392476
-0.205315
-0.27867
0.0674253
-0.295574
-0.151642
-0.100416
-0.238249
0.0215742
-0.0183432
-0.160199
-0.12539
-0.241852
-0.044113
-0.159911
-0.112081
-0.201951
-0.126127
-0.151149
-0.0498426
-0.145144
-0.0493332
-0.36218
-0.293257
-0.331034
-0.210589
-0.19669
0.0805188
-0.153754
0.115032
-0.0968053
-0.200807
-0.183856
-0.328432
-0.186569
-0.23623
-0.0811447
-0.0497573
-0.0755866
-0.0808426
-0.332273
-0.0639314
-0.378117
-0.0347159
-0.159246
0.0277724
-0.0581632
-0.163012
-0.321402
-0.266757
-0.0513193
-0.152876
-0.149684
-0.125695
-0.0780511
-0.408247
-0.00714057
-0.0648797
-0.147299
-0.0724714
-0.0717422
-0.155443
-0.0972421
0.0542938
-0.183893
-0.0133519
-0.177212
0.225142
0.000202165
-0.152136
0.00329879
-0.327726
-0.0573314
-0.310935
-0.0914437
0.01286
-0.130927
0.317465
-0.148304
-0.227854
-0.196955
-0.301767
-0.00320875
-0.0276059
-0.0351196
-0.0220349
-0.130313
-0.129793
-0.0723044
-0.216145
-0.0718868
-0.23903
-0.158641
-0.294069
0.0295349
-0.206124
0.00667259
-0.360971
-0.0751157
-0.277048
-0.170118
-0.238652
-0.286753
-0.0717329
-0.00580633
0.00802984
-0.159096
-0.0952464
-0.139165
-0.117817
0.0126606
-0.225313
0.00670582
-0.021157
-0.102957
0.371931
0.00280287
-0.363718
-0.0401137
-0.24781
0.0212228
-0.0924881
-0.172434
-0.0443996
-0.149607
-0.240437
-0.220185
0.0650886
-0.136369
-0.144873
0.0566799
-0.157349
0.00109705
-0.0566616
-0.262917
-0.370124
0.0196581
-0.073832
-0.00276869
-0.0627824
0.130151
-0.272727
-0.00798603
-0.0548098
-0.338205
-0.023197
-0.0717836
-0.070325
0.231856
-0.263766
-0.231435
-0.0340589
-0.239801
-0.175889
-0.28817
-0.139459
-0.270883
-0.100541
-0.0846703
-0.00204311
-0.196915
-0.163913
-0.466849
-0.390832
-0.331127
0.0565881
0.0496064
-0.173718
-0.318715
-0.167751
-0.191954
-0.271248
-0.0451845
-0.0241537
0.0462194
-0.209364
-0.0403172
-0.196976
-0.169498
-0.0305764
-0.0240769
-0.184872
-0.215149
-0.130577
-0.309117
-0.383992
-0.058818
-0.0561929
-0.196689
-0.187463
-0.213361
-0.0734096
-0.157026
-0.242281
0.492296
-0.241427
-0.0406825
0.34868
-0.287841
0.00179258
-0.0596911
-0.454356
0.0874501
-0.18561
-0.458666
-0.157106
-0.0273301
0.0214523
-0.308376
-0.14166
0.0950911
-0.0602361
-0.061022
-0.296266
0.0367519
-0.175191
-0.392078
0.191348
-0.192019
-0.00507811
-0.0816917
-0.0340171
-0.168794
0.103658
-0.175962
0.111927
-0.184429
0.279342
-0.22289
-0.182964
-0.315912
-0.380253
-0.330154
