0.11607
0.0863974
0.209244
0.131904
0.120282
0.130108
0.0764536
0.194865
0.0839648
0.134384
0.144593
0.152011
0.158699
0.128793
0.0851802
0.111354
0.0969253
0.122354
0.131851
0.0933759
0.182799
0.0978408
0.0974819
0.101919
0.0993103
0.109132
0.122687
0.287919
0.0946873
0.0976987
0.119228
0.133981
0.106989
0.0939433
0.113111
0.11219
0.177752
0.127198
0.0793543
0.0919043
0.102607
0.193173
0.141215
0.11554
0.114583
0.148443
0.119839
0.118117
0.152518
0.0994372
0.177127
0.0778034
0.0994331
0.0758525
0.123623
0.0811507
0.130923
0.118906
0.119862
0.0900396
0.0812168
0.162718
0.0887757
0.165634
0.125542
0.121663
0.107751
0.135201
0.0777503
0.0608488
0.132374
0.176982
0.114013
0.0704968
0.0968741
0.110075
0.0833219
0.0953383
0.155382
0.0879482
0.124019
0.117001
0.108343
0.110118
0.115191
0.11466
0.117247
0.059279
0.0940515
0.143238
0.167347
0.10266
0.108292
0.0995997
0.107285
0.108039
0.105005
0.0953238
0.0869036
0.156722
0.123789
0.165526
0.0923361
0.113241
0.0878775
0.117962
0.0958673
0.115361
0.114306
0.147583
0.117689
0.092902
0.0917593
0.140069
0.141831
0.130545
0.0949788
0.20382
0.0626099
0.0739067
0.0898647
0.110594
0.0738007
0.170507
0.166105
0.104668
0.137766
0.137558
0.125947
0.0985648
0.133078
0.129883
0.115238
0.151807
0.101669
0.166717
0.117809
0.130358
0.295269
0.123461
0.111723
0.116019
0.111406
0.146335
0.117789
0.114767
0.0823009
0.0837043
0.0899586
0.194374
0.17606
0.0968257
0.133058
0.116157
0.19669
0.0903691
0.127122
0.116792
0.110767
0.103388
0.12815
0.0788102
0.0856224
0.125512
0.0811289
0.112954
0.093792
0.145559
0.15202
0.120767
0.177131
0.209559
0.121837
0.0865117
0.08815
0.0932155
0.0882423
0.137718
0.0943632
0.121017
0.13286
0.0802413
0.11064
0.351989
0.10936
0.139222
0.130654
0.140105
0.118243
0.100374
0.14544
0.125919
0.0900375
0.125266
0.178781
0.115884
0.18376
0.126485
0.0785459
0.127599
0.103391
0.106444
0.110383
0.104393
0.108032
0.159656
0.0869858
0.161529
0.106517
0.136387
0.156844
0.116503
0.0742823
0.1227
0.114809
0.112315
0.0866196
0.157549
0.0884382
0.0717021
0.132841
0.168736
0.104888
0.135802
0.123878
0.117148
0.0858383
0.101895
0.0864271
0.134347
0.107177
0.0985233
0.117085
0.216036
0.0974677
0.120483
0.0883238
0.108194
0.114383
0.0993484
0.104773
0.149832
0.0920736
0.109187
0.132934
0.0956825
0.130446
0.138256
0.103586
0.0734995
0.151608
0.10533
0.117518
0.119646
0.238611
0.089464
