1.06868
0.878975
0.702123
0.651454
0.666399
0.85463
0.907072
0.550691
0.879132
0.728749
0.564568
0.639154
0.684459
0.637609
0.767816
0.935814
1.30621
0.699289
0.605061
0.750221
0.953237
0.797905
0.651114
0.755666
0.680354
0.607164
0.739967
0.529691
0.708827
0.525823
0.574449
0.588976
0.931402
0.699058
0.675759
0.608382
0.494989
1.00915
0.432072
0.892093
0.769752
0.453197
0.847835
0.833577
0.821594
0.498921
0.631126
0.834101
0.861847
0.965695
0.714768
0.912405
0.631343
0.688454
0.715593
0.738575
0.883701
1.34624
0.699693
0.612112
0.457332
0.537506
0.601706
0.835168
0.862217
1.02828
0.919774
0.565048
1.00834
0.813934
0.588481
0.991688
0.71406
0.511604
0.744432
1.02354
1.0421
1.1085
0.486778
0.859515
0.840725
0.867012
0.72522
0.663432
0.923212
0.598615
0.683786
0.753211
0.516715
0.757411
0.793993
0.612118
0.671885
1.84884
0.709067
1.27895
0.665852
0.736138
0.722305
0.720262
0.967576
0.705407
0.951674
0.719131
0.699511
0.457416
0.608569
0.731228
0.630139
0.685867
0.840022
0.424124
0.649887
0.540619
0.785656
0.456751
1.13918
0.812151
0.706795
0.598597
0.634424
0.551932
0.602724
0.733036
0.560741
0.657067
1.18885
0.781265
0.594651
0.700947
0.67516
0.754034
0.878299
0.569375
0.603813
0.848842
0.777102
0.896374
0.741812
1.01975
0.637155
0.626172
0.595096
0.510583
0.885591
0.899589
0.918493
0.826054
0.666288
0.404265
0.470054
0.621584
1.11314
1.54227
0.789812
0.82554
0.731557
0.820692
0.683115
1.4708
0.506095
0.508509
0.511101
0.990853
0.529505
1.54979
0.47517
1.6119
0.721025
0.551824
0.942784
0.521265
0.771139
0.579808
1.10009
1.49927
0.428531
0.724232
0.571828
0.618916
0.69983
0.532878
0.596916
0.587419
0.630168
0.672028
0.725915
1.19497
0.749693
0.834988
0.481756
0.85504
0.755729
0.964481
0.67739
0.670524
0.692008
1.26613
0.602729
0.640897
0.641368
0.570386
0.728359
0.629189
0.643796
0.556242
1.24316
0.697837
0.450299
0.620891
0.528325
0.74245
0.981303
0.620848
1.55503
0.552172
0.625933
0.619526
0.924349
0.639192
1.04575
0.783447
0.560212
1.01478
0.705159
0.592531
0.813816
0.641789
0.489978
1.06697
1.86363
0.922969
0.924069
1.14118
0.687267
0.720706
0.556949
0.916282
0.614547
0.590526
0.607371
0.8307
0.662549
0.745823
0.683006
0.706414
0.534466
1.37053
0.787879
0.780244
0.711241
0.495849
0.7184
0.683362
0.802229
0.555497
