-0.06148
-0.0308694
-0.209872
-0.153408
-0.22602
-0.0815648
-0.042366
-0.0447918
-0.0791711
-0.093864
0.252907
-0.277199
-0.184845
-0.0511623
-0.266539
-0.106311
-0.251031
-0.0513327
-0.144838
-0.175874
-0.285549
-0.297612
-0.267612
-0.262174
-0.0205927
-0.167831
-0.0254594
-0.188033
-0.258774
-0.0171218
-0.135668
-0.099494
-0.124351
-0.177661
-0.214452
0.0250568
-0.204102
-0.0976209
-0.169535
-0.195118
-0.00385111
-0.197829
0.0640095
0.00596178
-0.222117
-0.155206
-0.0769321
-0.18846
-0.127241
-0.276069
-0.416848
-0.0307744
-0.0531841
-0.129932
-0.246525
-0.0563826
-0.183883
-0.206355
-0.0709877
0.0685625
0.0474521
0.00108838
-0.239498
-0.276784
-0.00921807
-0.185749
-0.0108034
-0.172773
-0.0129683
-0.277379
-0.11486
-0.122642
-0.152476
-0.268402
0.0212881
-0.113468
-0.263531
-0.125234
-0.204538
-0.0933698
0.082375
-0.127357
-0.0948819
0.0758791
-0.270805
-0.13889
-0.134397
-0.181052
-0.223413
-0.273002
0.156004
-0.117997
-0.150948
-0.218068
-0.113411
-0.157184
0.012698
-0.209085
-0.144289
0.186292
-0.211329
-0.0575318
-0.258293
-0.165285
-0.168443
-0.235267
-0.142541
0.0275695
-0.197771
-0.278994
0.029567
-0.0278212
-0.203732
-0.179181
-0.188291
-0.0775454
-0.107508
-0.104777
-0.045706
-0.395866
-0.461635
-0.268918
-0.0571495
-0.0938497
-0.205532
-0.190699
-0.198558
-0.0594416
-0.153181
-0.166575
-0.144725
-0.0705426
-0.227894
-0.221941
-0.37884
-0.074571
-0.181783
-0.246191
-0.101676
-0.138232
-0.264857
-0.162893
-0.170441
-0.136312
-0.16899
-0.151001
-0.0669415
-0.301568
-0.226929
0.028849
-0.202959
-0.368342
-0.108915
-0.231379
-0.0590798
-0.133229
-0.215
-0.0909888
-0.279011
-0.0206601
-0.168099
-0.09853
-0.244123
-0.258749
-0.0624396
0.00210961
-0.148191
-0.14233
-0.339002
-0.300207
-0.0947719
-0.130511
-0.180047
-0.2166
-0.158802
-0.0443695
-0.26443
-0.239218
-0.335165
-0.201139
-0.0141704
-0.236084
-0.0708421
-0.16995
0.0678819
-0.105598
0.133401
-0.156816
-0.178614
-0.123881
-0.113184
-0.179598
-0.301382
-0.188105
-0.0856864
-0.238691
-0.0241495
-0.164237
-0.00682965
-0.163794
-0.0447228
-0.18131
-0.0342074
-0.171024
-0.320305
-0.18473
-0.145169
0.249101
-0.281693
-0.245508
-0.205916
-0.0806226
0.0462117
-0.090896
-0.0908649
-0.138811
-0.186476
-0.0694323
-0.122142
-0.229165
-0.210535
-0.186579
-0.145811
-0.0921688
-0.0684509
-0.179808
-0.0711137
-0.456242
-0.0674872
-0.175764
-0.164722
-0.0705961
-0.0300688
0.0371508
-0.0107559
0.0344914
-0.206471
-0.26752
-0.175493
-0.0797961
-0.190265
0.0314966
-0.0442721
-0.179766
-0.097025
0.0252493
0.221375
-0.0568598
-0.0419846
-0.0718179
-0.102313
-0.206645
-0.0715732
-0.282631
-0.309936
0.01536
-0.173549
-0.321407
-0.338042
0.0683953
-0.246586
-0.0560418
-0.166755
-0.0461873
-0.138594
-0.230679
-0.165125
-0.171504
-0.326656
-0.250681
-0.0350538
-0.345392
-0.355061
0.0258167
-0.359673
-0.183234
-0.0950949
-0.259039
-0.175734
-0.1581
0.00915456
-0.204709
-0.276815
-0.158706
-0.287483
-0.256606
-0.0108654
0.0909393
-0.0624187
-0.240853
-0.191054
-0.286018
-0.299858
-0.0474341
-0.0153753
-0.270158
-0.071794
-0.161281
-0.148109
-0.210386
-0.579895
-0.265821
-0.155584
-0.214434
-0.0966998
-0.0416446
-0.295546
-0.197947
-0.168739
-0.091245
-0.0750217
0.0745179
-0.321115
-0.117889
0.0727462
-0.195619
-0.0866036
-0.263308
0.0880161
-0.37124
-0.122568
-0.169117
-0.144313
-0.178849
-0.334626
0.00492954
-0.108158
-0.17779
-0.204585
-0.0217308
0.0258866
-0.148895
-0.274993
-0.128076
0.136904
0.0300876
0.130905
-0.0298397
-0.229849
-0.15572
-0.107631
-0.12318
-0.209883
-0.172929
-0.104704
-0.146799
-0.222372
-0.0519421
0.0208189
-0.341019
-0.241473
-0.0314698
-0.251367
-0.277641
-0.070495
-0.259944
-0.134751
-0.150965
0.00891908
-0.169001
0.0403998
-0.397194
-0.0860896
-0.0520409
-0.243992
-0.00486744
-0.0693249
-0.101948
0.149207
-0.137298
-0.227118
-0.250891
-0.226677
-0.110298
-0.247643
-0.206312
-0.122667
-0.165458
-0.121358
-0.126062
-0.320667
-0.0680065
-0.150638
0.00209614
-0.0937637
-0.182952
-0.163309
-0.382169
-0.0885806
-0.00753523
-0.156986
0.0811971
-0.183589
-0.0529364
0.113739
-0.13927
-0.345831
-0.323539
-0.0934732
-0.102631
-0.161259
-0.236903
-0.329171
0.073626
-0.232574
-0.00473737
-0.088122
-0.301571
-0.30655
-0.207953
-0.228084
-0.130935
-0.144826
-0.179098
-0.180688
-0.287698
-0.238022
-0.0617476
-0.120607
-0.129747
-0.194167
-0.112547
-0.00880923
-0.248006
-0.0446012
0.13583
-0.214298
-0.37556
-0.411633
-0.127481
-0.295302
-0.231352
-0.22514
0.0314282
-0.136614
-0.393465
-0.183617
-0.160707
-0.0956673
-0.18613
0.0216567
-0.155607
-0.212916
0.0360931
-0.16338
-0.276554
-0.27079
-0.15974
-0.146642
-0.301788
-0.0139001
-0.149618
-0.0545809
0.0635028
0.0349333
-0.20311
-0.112479
-0.117315
-0.0281806
-0.0377478
-0.0261812
0.00505173
-0.134514
-0.173767
-0.295327
-0.189711
-0.123669
0.0440348
-0.138763
-0.112962
-0.229978
-0.152763
-0.251071
0.0040387
-0.133509
-0.134396
-0.195205
-0.313687
-0.0864246
-0.0699744
0.0574079
-0.217884
-0.0538127
-0.202573
-0.182641
-0.134736
-0.140666
-0.0852609
0.0744683
-0.186837
-0.0576555
-0.215242
-0.0341642
-0.264643
-0.156064
-0.065805
0.0108297
-0.0072054
-0.193464
-0.218456
-0.0992463
-0.16963
-0.178743
0.0641287
-0.148893
-0.0664059
-0.160297
0.126308
-0.216118
-0.214908
-0.126694
-0.434088
0.0298475
-0.037256
-0.101165
-0.214491
-0.259756
-0.172231
0.000376354
-0.0518495
-0.138316
-0.288366
-0.171923
-0.357009
-0.155786
-0.178313
-0.0681105
-0.0858242
-0.0804917
-0.0200374
-0.0561531
-0.0968845
-0.100924
-0.0579658
-0.173436
-0.0490731
-0.254134
-0.0129579
0.106293
-0.200585
0.0541909
-0.117102
-0.175407
0.125014
-0.125701
-0.0554319
0.154596
-0.148464
-0.14244
-0.132876
-0.18141
-0.400441
-0.099611
-0.181875
-0.107233
-0.155755
-0.202052
-0.41134
-0.240802
-0.156953
-0.357797
0.0719915
-0.347014
-0.183044
-0.0799466
0.025209
-0.160074
0.0501789
0.14209
-0.349814
-0.302963
-0.123197
-0.0328587
-0.0827301
-0.0339523
1.07169
-0.105044
-0.111223
-0.17133
-0.133702
-0.0786839
0.042521
-0.0924358
-0.189364
-0.166289
-0.112815
0.0174329
-0.0741766
0.0243218
-0.12083
-0.062517
-0.248717
-0.084852
-0.207095
-0.119089
-0.173257
-0.0285463
-0.175329
-0.107113
0.0256326
-0.151375
-0.05348
-0.285384
-0.208984
-0.210062
0.0786726
-0.221281
-0.0862914
-0.0021594
-0.0559502
-0.0784098
-0.205952
-0.166346
0.0314023
-0.264439
-0.0257808
-0.178774
-0.137289
-0.199716
-0.162968
-0.17365
-0.25614
0.0934924
-0.0398839
-0.325589
0.00666352
-0.126165
-0.0631752
-0.305992
-0.270997
-0.306459
-0.0435827
0.0713989
-0.0340866
-0.085131
0.308749
-0.402125
-0.0487836
-0.119871
0.0665997
-0.00808518
-0.122611
-0.134141
-0.1984
-0.0877924
-0.0779014
-0.409323
-0.139361
-0.253244
-0.118922
-0.191654
0.0502146
-0.0473479
-0.136902
-0.155514
-0.236457
-0.012043
-0.198563
-0.425206
-0.154649
-0.18886
-0.20339
-0.15001
-0.0915062
-0.214789
0.0161203
0.0258575
-0.0290327
0.0492985
0.157623
-0.0560202
-0.226343
0.202482
0.0266364
-0.107603
-0.185722
-0.316446
-0.0841339
-0.2821
-0.278389
-0.234789
-0.0287087
-0.0235888
-0.0925631
-0.220516
-0.255001
0.0865823
-0.373335
0.00767933
0.0294447
-0.151311
-0.0456822
-0.0567978
-0.206065
0.0136158
-0.29723
-0.224219
-0.0160602
-0.145871
-0.31269
-0.193178
-0.0650842
-0.246344
-0.267259
-0.142424
-0.222212
-0.089667
-0.0868394
-0.212254
-0.397958
-0.352901
-0.309611
-0.0815534
-0.124523
-0.100329
-0.140716
-0.0583457
0.119967
-0.138009
-0.29158
-0.180275
-0.134214
-0.11626
-0.144242
-0.235246
-0.0794637
0.0209906
-0.149545
-0.111561
-0.0374716
-0.300599
-0.310199
-0.146805
-0.0872955
-0.077364
-0.259237
-0.23244
-0.365626
-0.106366
-0.110538
-0.0778572
-0.145268
-0.0206264
-0.226683
-0.0721047
-0.203455
-0.272267
-0.241233
-0.143415
-0.203299
-0.273112
-0.236208
-0.169096
-0.102221
-0.247291
-0.101802
-0.103234
-0.2346
-0.0315949
0.0895012
-0.290691
-0.0989935
-0.0278749
-0.0882798
-0.264241
-0.209822
-0.312482
-0.289745
-0.211182
-0.114827
-0.072492
-0.113639
-0.0956297
-0.0727994
0.221945
-0.212939
-0.0699947
-0.260412
-0.11791
-0.0926619
-0.0654988
-0.0628745
-0.16816
-0.0450873
0.025407
-0.0610998
-0.00399954
-0.186412
-0.22906
-0.110693
-0.100882
-0.244492
-0.166435
-0.124342
-0.0307804
-0.118321
-0.0119198
-0.164493
-0.259997
-0.0606643
-0.102012
-0.188407
-0.0945192
-0.0759974
-0.0199335
-0.289312
-0.0321218
-0.229629
0.129913
-0.276715
-0.0850652
-0.173027
-0.161093
-0.298874
-0.189645
-0.24348
-0.18433
-0.056068
-0.156041
-0.0813213
-0.227871
-0.0345216
-0.151992
-0.0334272
-0.17964
-0.0490351
-0.189431
-0.254265
0.108672
-0.101091
-0.213274
0.0177932
-0.248459
-0.141747
-0.175087
-0.0999068
-0.174359
-0.227669
-0.247862
-0.258471
-0.207096
0.0929692
-0.169256
-0.253339
-0.340122
-0.0533333
-0.268497
-0.369819
-0.114257
-0.0926124
-0.0881359
-0.316102
-0.163057
-0.0769876
-0.192666
-0.0151846
-0.258282
0.0858481
-0.105786
0.149242
0.0853672
0.153321
-0.176199
-0.180109
-0.159023
-0.129564
-0.00029235
-0.0989353
-0.00649056
0.61385
0.00508775
-0.272387
-0.330008
-0.12458
-0.0362947
-0.242406
-0.12771
-0.342644
-0.290418
-0.0288641
-0.365627
0.106043
-0.135231
-0.160865
-0.239732
-0.160795
-0.100008
-0.105849
-0.0629056
-0.280956
-0.0345245
0.130428
-0.127341
-0.318087
0.00548245
-0.0201436
-0.0234491
-0.226658
-0.136543
-0.0882756
-0.256344
-0.0160643
-0.217569
-0.101219
-0.141329
-0.239854
-0.186949
-0.165593
-0.00878517
-0.0401696
-0.329805
-0.214038
-0.0181527
-0.113487
-0.172616
-0.126395
-0.19962
-0.0302878
-0.0948688
-0.0864311
-0.451437
-0.15802
-0.458821
-0.338231
-0.00432103
-0.100211
-0.102152
-0.267006
-0.223411
-0.396695
-0.147996
0.0799684
-0.284372
-0.178555
-0.220886
-0.253398
-0.213915
-0.258633
0.0568304
-0.146546
-0.230782
-0.0180618
-0.263849
-0.100639
-0.175357
-0.163463
0.0872258
-0.190827
-0.127153
-0.0233098
-0.196537
-0.0612676
-0.246869
0.229584
-0.09702
-0.170555
0.0264674
-0.215286
-0.146773
-0.209412
-0.104886
-0.185073
-0.140426
-0.0373473
-0.281085
-0.403807
-0.229317
-0.216125
-0.102536
-0.0808059
-0.15455
-0.170729
-0.346241
-0.0921054
-0.0371551
-0.236646
0.0128595
-0.385603
-0.134873
0.152484
0.0886532
-0.29144
-0.368716
-0.153577
-0.418935
-0.132789
0.209304
-0.14392
-0.165854
-0.390933
-0.0569338
-0.208112
-0.148148
-0.00951174
-0.0792629
-0.0652718
-0.126187
0.0180029
-0.223389
-0.0298558
-0.311228
-0.159214
-0.175038
-0.0890709
-0.0756606
-0.357397
-0.176474
-0.0238666
-0.157272
-0.0830965
0.02526
-0.171789
-0.322997
-0.194595
-0.0224925
-0.313627
-0.207929
0.022279
-0.153048
-0.385873
-0.282365
-0.212982
-0.213191
-0.233503
