-0.837939
-0.303985
0.187598
-0.546428
-0.587757
-0.412454
-0.302915
-0.577388
0.258707
-0.566139
-0.459919
-0.235846
0.395266
-0.702429
-0.516834
-1.5758
-0.504669
-0.65098
-0.858744
-0.0714495
0.1045
0.209593
-0.279474
-0.594644
-0.286761
0.180908
0.592432
0.241407
0.0567666
0.0733382
0.155466
0.171536
-0.475328
-0.531578
-0.560937
-0.659429
-0.518744
-0.281828
-0.242391
-0.247772
-0.982689
-0.186811
-0.257476
-0.714029
-0.490955
-0.0661738
0.032712
-0.968124
-0.309306
-0.9125
-0.332523
-0.876515
-0.680395
-0.749456
-0.591681
-0.906759
-0.569128
-2.5709
0.179519
-0.684815
-0.253331
0.0942434
-0.32384
0.0326868
-0.0391052
0.0104786
-0.238618
-0.135136
-0.592083
0.115408
-0.452031
-0.589674
0.603362
-0.49121
-0.390519
-0.433637
-0.585818
-0.810917
-0.327104
-0.145047
-1.05724
-0.146391
0.512525
-0.0954902
-0.951104
-0.146345
-0.201524
-0.499179
-0.270039
0.0334394
-0.852371
-0.571489
-0.527337
-0.0807113
-0.547685
-0.0803326
-0.138217
-0.3006
-0.296053
0.503943
-0.351293
-0.0275906
-0.447326
0.482047
-0.520082
0.183896
-0.712259
-0.408463
-0.357145
0.536388
0.37542
-0.280537
-0.325919
-0.279167
-0.335163
-0.0603943
-1.13425
-0.522991
-0.114635
-0.598391
-0.330917
-0.497846
-0.560463
-0.95009
-0.242085
-0.162021
0.445349
-0.638418
-0.309649
-0.102147
-1.31402
0.100569
-0.130383
0.101972
-0.22751
-0.63364
-0.427455
-0.4118
-0.757112
-0.56324
-0.544321
-0.797257
-0.570674
0.0309586
-0.640089
-0.491429
-0.615754
-0.571817
-0.502952
0.127025
0.0929002
-0.963227
-0.587996
-0.485657
-0.396256
-0.301519
-0.134348
0.075951
-0.347935
-1.23042
-0.441619
0.387485
0.263246
-0.189186
0.102772
-0.447492
-0.466303
-0.545218
-0.117563
-0.567157
-0.276129
-0.673462
0.155374
-0.992055
-0.447779
-0.0022387
-0.229772
-0.887414
-1.06141
-0.212809
-0.415274
-0.394278
-0.443041
-0.780244
-0.445696
0.219813
-0.489674
0.378508
-0.833224
-1.08442
0.450115
-0.332633
-0.17128
-0.596504
-0.178283
-0.462836
0.0976963
-0.345077
-0.600758
-0.414
-0.441487
0.0568441
-0.352089
-0.497003
-0.622289
0.090066
-0.0254514
-0.822114
-0.386574
-0.669871
-0.372356
-0.115644
-0.572432
-0.431591
0.1266
0.0251334
-0.59521
-0.831716
-0.30527
-0.364435
-0.558122
-0.646966
-0.246485
-0.666707
0.0295162
-0.502011
0.0239877
-0.106676
-0.482611
0.512019
-0.343531
-0.33121
-0.717183
-0.224933
-0.133086
0.0365903
-0.30674
0.00857754
0.0338943
-0.746973
-0.223042
-0.166408
0.0338523
0.379786
0.100097
-0.253968
-0.309947
-0.677215
-0.999805
-0.0283148
-0.245448
0.218997
-0.863085
-0.256505
-0.152816
-0.573679
