0.25425
0.138934
0.146574
0.226528
0.170463
0.155716
0.163861
0.196812
0.187518
0.160303
0.148232
0.142223
0.160691
0.185106
0.238939
0.157724
0.28804
0.155465
0.179311
0.14811
0.18775
0.165177
0.238775
0.389497
0.142655
0.179539
0.148474
0.189269
0.187458
0.158028
0.137918
0.110589
0.156211
0.216486
0.262274
0.194304
0.147796
0.164689
0.164168
0.145243
0.145539
0.35949
0.202159
0.152742
0.125213
0.255446
0.141678
0.181649
0.136164
0.182985
0.447693
0.159975
0.235603
0.173484
0.186075
0.258586
0.144031
0.226423
0.199565
0.227565
0.150841
0.128605
0.216067
0.115324
0.188844
0.18119
0.192903
0.20898
0.134106
0.134377
0.154975
0.534416
0.228966
0.152946
0.172233
0.965558
0.104015
0.167035
0.0853099
0.261514
0.239973
0.165729
0.144878
0.228092
0.159089
0.328547
0.169263
0.177093
0.207927
0.121721
0.206489
0.165636
0.358031
0.153701
0.162138
0.150272
0.109186
0.160321
0.150274
0.261869
0.205246
0.192953
0.170759
0.157258
0.155458
0.15974
0.14937
0.11545
0.274445
0.148605
0.198579
0.185332
0.113582
0.222447
0.188494
0.160501
0.15317
0.31139
0.182095
0.168602
0.160911
0.163476
0.163056
0.169072
0.141184
0.159106
0.180974
0.150138
0.150472
0.129492
0.132625
0.298247
0.186311
0.215262
0.28837
0.204367
0.116401
0.125328
0.329062
0.122597
0.167327
0.170651
0.124798
0.203886
0.298838
0.151223
0.145581
0.146259
0.188843
0.213838
0.13923
0.177878
0.11619
0.158629
0.216708
0.139262
0.162247
0.396463
0.177721
0.159396
0.128723
0.198094
0.178315
0.113842
0.201353
0.228858
0.0977744
0.131139
0.115875
0.136319
0.201125
0.186176
0.174338
0.225511
0.134462
0.133555
0.155105
0.235335
0.190025
0.151607
0.181075
0.135169
0.15615
0.156952
0.239246
0.121061
0.564994
0.332358
0.15265
0.175296
0.148464
0.182266
0.201852
0.336632
0.126713
0.152663
0.179129
0.151709
0.21462
0.243757
0.159262
0.307789
0.160067
0.182424
0.139283
0.193772
0.143266
0.171823
0.220803
0.166872
0.112439
0.148894
0.141422
0.247374
0.505454
0.132074
0.119746
0.129318
0.325881
0.308431
0.149431
0.175923
0.146331
0.201917
0.13579
0.209586
0.268223
0.272258
0.138714
0.175603
0.151477
0.259001
0.2115
0.211799
0.169523
0.201122
0.357463
0.242779
0.183177
0.162756
0.289132
0.3953
0.152665
0.148318
0.206838
0.160852
0.126645
0.15234
0.182858
0.163267
0.119059
0.152163
0.174139
0.230702
0.160847
0.423416
