0.789678
0.939247
0.780615
0.833732
1.45529
0.700013
0.814507
1.14535
0.797494
0.565463
0.618679
1.05104
0.866933
0.592689
0.733793
0.981441
0.617484
0.644406
1.88611
0.913237
1.04652
0.755688
0.925918
0.793337
1.08746
0.916851
0.699731
0.614859
0.905356
0.719097
0.888899
0.759938
0.639273
0.628599
1.03023
0.60679
1.24549
1.73952
0.598423
0.61161
0.810796
1.01968
0.728947
2.03554
0.539823
1.11177
0.598127
0.684012
0.47796
0.80773
1.09208
0.556302
0.454251
0.611603
1.02662
0.436636
0.873285
0.794494
0.671173
1.23289
0.57215
0.893424
0.485906
0.59256
0.945714
0.700853
1.15451
0.723934
0.929025
0.842467
0.866645
0.795821
1.03268
0.566118
0.728888
1.06196
0.709175
1.45062
1.05961
1.46295
0.822443
1.03827
1.33063
0.639902
0.510346
0.690442
0.75844
0.753285
0.712062
0.547595
0.603213
1.12051
0.658799
0.669749
0.786514
0.94631
0.947218
1.05172
0.865517
0.762153
0.714754
0.716768
0.966765
0.473082
0.68389
0.942449
0.640738
0.610344
0.599209
1.16852
1.11859
0.718279
0.803517
1.05179
0.918356
0.714643
0.65945
0.784996
0.48621
1.15377
0.850093
0.818821
1.00806
0.8155
0.50355
0.740252
1.26445
0.977123
0.737194
0.96414
0.809365
0.685282
0.571779
0.565123
0.695018
0.567946
0.63425
0.911955
0.707978
1.01225
0.557447
0.669231
0.880825
0.418553
0.999988
1.0866
0.788934
0.55149
0.513687
0.635692
0.777759
1.2507
0.532783
1.37326
0.584458
0.852803
1.025
1.25811
0.7736
0.716094
0.91417
0.848217
1.27813
0.661695
0.850629
0.576469
0.657438
0.947165
0.512175
1.04008
1.08218
0.747436
1.39277
1.30086
0.938951
0.873505
0.843839
0.574517
0.725595
1.45984
0.662891
0.686329
0.690226
1.08177
0.705626
0.586503
0.98451
0.711047
0.879466
0.628569
0.633953
0.749648
0.785783
0.936848
0.726717
2.11764
0.711129
0.720512
0.611659
0.747247
0.856903
0.946432
0.676349
1.08218
0.647493
0.681339
0.559493
0.560566
1.03913
0.772998
0.814981
0.725682
0.84435
0.918905
0.92094
1.289
0.959361
0.740471
0.73774
0.509355
0.621832
0.940895
1.11435
0.814367
0.655879
0.694795
0.73736
0.548463
0.842803
0.863346
0.564651
0.797944
0.776867
1.19324
0.807579
0.75229
0.723188
1.10216
0.930006
0.616007
0.977502
1.34387
0.645002
0.508731
1.62607
0.705636
0.680153
0.864453
1.43152
0.675712
0.752806
0.510265
0.794227
1.09051
1.43613
0.75455
