0.05057
0.0410869
0.0659941
0.0509419
0.0888997
0.0566511
0.0855837
0.0356472
0.0957896
0.0471516
0.0695428
0.157992
0.052386
0.031386
0.0576016
0.0437348
0.0558424
0.0166429
0.0739273
0.0641449
0.054281
0.0340191
0.055686
0.0451707
0.0244826
0.0663984
0.0639933
0.0444793
0.0502027
0.0383887
0.034148
0.0440545
0.0542435
0.153646
0.059099
0.0775978
0.0505516
0.0389747
0.0731283
0.0587918
0.0296115
0.0574648
0.0474924
0.0187498
0.144245
0.0407503
0.0452207
0.041305
0.0772992
0.152867
0.0920899
0.0351876
0.0697321
0.0381985
0.0698462
0.0336699
0.062985
0.051282
0.0667643
0.04387
0.0381681
0.0466912
0.0574664
0.0340436
0.0109329
0.0517586
0.0680943
0.0231554
0.0666639
0.0585956
0.0515829
0.0726611
0.0319125
0.0508476
0.0420909
0.0318857
0.130945
0.047696
0.0697066
0.054217
0.0411095
0.0530574
0.0246652
0.0518873
0.0405238
0.0454962
0.0515035
0.0643683
0.0709561
0.0554998
0.0437271
0.0519565
0.030243
0.0560572
0.0459797
0.0520277
0.0434605
0.122129
0.0445408
0.0524264
0.0739356
0.0191296
0.0531457
0.0393324
0.0562586
0.0734299
0.0559633
0.0325628
0.0436316
0.141249
0.0509079
0.051141
0.131408
0.0452945
0.0636552
0.0309841
0.0318445
0.0482672
0.0571874
0.0296404
0.0464983
0.0756449
0.0878142
0.0467321
0.0431819
0.0349079
0.0463338
0.0837036
0.0495672
0.0949031
0.0300281
0.0682337
0.0989195
0.0448856
0.0573188
0.0901131
0.0478302
0.0700937
0.0291934
0.0311763
0.0620319
0.0360162
0.0361489
0.0339878
0.0958973
0.0653644
0.0555863
0.0384906
0.0497777
0.0469594
0.078962
0.0539143
0.0549253
0.035859
0.0342012
0.0509847
0.0454951
0.0448497
0.0210274
0.0126135
0.0702492
0.0480916
0.23913
0.101868
0.0427972
0.0512539
0.0575408
0.0470147
0.0473113
0.046764
0.0477424
0.0322147
0.04645
0.044454
0.04869
0.00829829
0.040445
0.0520851
0.0528361
0.0778942
0.0394178
0.0398103
0.0346772
0.0639422
0.0417946
0.0653218
0.0392152
0.0330347
0.0877467
0.0949839
0.0979175
0.070166
0.0481315
0.0480631
0.0396145
0.0654099
0.0402522
0.0317969
0.0630656
0.102953
0.0432231
0.0577316
0.0430615
0.0663192
0.060714
0.0395812
0.0209954
0.0598296
0.0330671
0.0404409
0.0630706
0.0395086
0.0815963
0.027183
0.0702315
0.0808305
0.0567359
0.040244
0.0820613
0.0385525
0.0392974
0.0575637
0.0584159
0.0552304
0.113773
0.0440191
0.106933
0.0563542
0.0314309
0.0478632
0.045668
0.0545819
0.177632
0.0312287
0.104487
0.0378461
0.0404706
0.0449406
0.0235755
0.0148044
0.0662795
0.0858877
0.0658263
0.0239592
0.0723404
0.0754404
0.0838085
0.0438883
0.0329471
0.120572
0.0507135
0.0967502
0.0500898
0.0436208
0.0315354
0.0309144
0.0908722
0.0481034
0.0806223
0.0419725
0.0555007
0.0445183
0.0685437
0.05426
0.0525122
0.0353046
0.0582638
0.0796433
0.0200482
0.0603869
0.0367505
0.0324309
0.0504778
0.0497183
0.0882221
0.0424103
0.0441393
0.0259552
0.0656642
0.0790955
0.0588312
0.0664876
0.0580686
0.0618185
0.0487636
0.0755152
0.0339485
0.0439853
0.0535863
0.043934
0.0508882
0.0670907
0.0517787
0.0635835
0.0397726
0.124666
0.0476634
0.0602309
0.038098
0.0499276
0.126761
0.0689604
0.0770734
0.0407502
0.0835223
0.112265
0.0526385
0.043709
0.0631256
0.038267
0.0668897
0.042581
0.0494713
0.116234
0.0619047
0.0662208
0.0318384
0.0590287
0.0361803
0.0680159
0.0501021
0.0705494
0.0401423
0.031884
0.0307782
0.0222511
0.0567994
0.0578635
0.0393422
0.0483112
0.053006
0.0385393
0.0393497
0.0373922
0.054578
0.043776
0.0464544
0.123029
0.117723
0.0375233
0.0370354
0.0265355
0.0720453
0.0360928
0.0600416
0.0518675
0.0566286
1.13903
0.0582534
0.10198
0.0517976
0.0316811
0.0465476
0.107603
0.0354477
0.0593863
0.0267064
0.0466581
0.0771647
0.0594683
0.0828828
0.0620944
0.101028
0.0467284
0.0433246
0.0746982
0.0368912
0.0485162
0.0529618
0.0421443
0.0414059
0.104228
0.0955435
0.0411875
0.0414299
0.0731962
0.0476579
0.0578424
0.0711157
0.0679827
0.0760947
0.054601
0.0667635
0.0475807
0.0285796
0.0564381
0.0473092
0.128304
0.0390012
0.0330963
0.0347655
0.0191095
0.06546
0.035653
0.0185798
0.0327429
0.0389221
0.0975683
0.0439638
0.0325031
0.0626931
0.0599283
0.0646564
0.0457878
0.0820142
0.128995
0.0571161
0.153797
0.0559378
0.0403395
0.0524448
0.0406651
0.05404
0.0606853
0.104083
0.0540718
0.114765
0.0623486
0.0506733
0.164872
0.062108
0.0424531
0.0139975
0.0832496
0.0623171
0.0824557
0.117781
0.0751542
0.0726718
0.247953
0.0529024
0.0970879
0.0581829
0.0338569
0.0752206
0.040642
0.0605555
0.047495
0.0095462
0.0583998
0.117399
0.0554408
0.0448818
0.0628012
0.0615627
0.0382364
0.0466997
0.0577321
0.0418458
0.0179383
0.0470648
0.0534006
0.0414677
0.0408931
0.0395143
0.0480657
0.046923
0.0242821
0.0755776
0.0100929
0.0941467
0.0698282
0.0938762
0.060825
0.0563972
0.022832
0.0448436
0.0130536
0.0549719
0.0592397
0.0531688
0.0367949
0.0603943
0.048268
0.416621
0.0298938
0.041699
0.0511623
0.0688721
0.0765347
0.0643153
0.0599718
0.0344137
0.0892901
0.0786387
0.0800473
0.0985863
0.0664706
0.0516284
0.0456507
0.0313698
0.0744704
0.114516
0.0452612
0.0288356
0.124533
0.0248319
0.0546408
0.102517
0.0786294
0.040419
0.0949198
0.062232
0.0436161
0.0486219
0.0735465
0.0444883
0.0366225
0.0304057
0.0464509
0.0370671
0.123048
0.126622
0.049617
0.147741
0.0445391
0.0792367
0.108794
0.0408981
0.0334066
0.0274177
0.0928244
0.0831388
0.0360223
0.0516919
0.0407696
0.0986558
0.0301409
0.0427015
0.0563277
0.0219658
0.0916043
0.0719908
0.0466658
0.0498883
0.0657948
0.0341101
0.0764012
0.105143
0.075601
0.0550889
0.0624739
0.0767495
0.0705391
0.0650237
0.0361697
0.118571
0.0308261
0.0536809
0.0774807
0.0362508
0.0571688
0.0497165
0.0478707
0.0585317
0.021073
0.0705296
0.093018
0.0311794
0.0609643
0.0262788
0.0224777
0.077172
0.0730498
0.0467142
0.0788219
0.0642564
0.0536536
0.0633773
0.102442
0.0518495
0.0401756
0.122962
0.101743
0.0704177
0.0772207
0.0741852
0.0401235
0.0711857
0.0241073
0.0787249
0.0441912
0.0983963
0.048577
0.0382119
0.0500932
0.0496102
0.0609645
0.0352307
0.0752031
0.0294263
0.10853
0.0305844
0.0602144
0.0335592
0.0269394
0.0969667
0.0393061
0.0463687
0.0744683
0.0289744
0.0690973
0.078168
0.0536575
0.0773756
0.0454357
0.0714836
0.0504724
0.0460357
0.0843972
0.0461164
0.0601331
0.0539058
0.0234923
0.0727478
0.0462167
0.0717056
0.0552628
0.0478335
0.0487985
0.0699688
0.0753289
0.0348713
0.134396
0.0506731
0.0400366
0.0578358
0.0537682
0.0667662
0.0577834
0.055092
0.0509012
0.050397
0.0823205
0.0341646
0.0480928
0.079022
0.0392845
0.0646105
0.0601418
0.0170967
0.0507209
0.0292932
0.0408502
0.0535672
0.0360399
0.0918525
0.0428657
0.0666048
0.0615672
0.0480434
0.0473964
0.0533777
0.0776908
0.035377
0.0327812
0.0934312
0.0514051
0.0623316
0.0365553
0.0558431
0.0392105
0.0515389
0.0491245
0.0572026
0.0932183
0.0664415
0.0493293
0.0552598
0.0599252
0.109172
0.0605247
0.0962568
0.0533634
0.0504393
0.0773588
0.0544559
0.0723309
0.0502979
0.0478854
0.0817123
0.100759
0.0592761
0.0438745
0.0326718
0.0437357
0.092931
0.0566339
0.0664302
0.0710382
0.0362709
0.0430705
0.0432718
0.0416736
0.0532348
0.0883937
0.0483082
0.122166
0.0743069
0.0841135
0.0661507
0.0464649
0.0914733
0.0901384
0.073455
0.0907537
0.0677295
0.064173
0.0560056
0.0374885
0.0638839
0.0673689
0.0433484
0.0312183
0.0400127
0.0384406
0.0926998
0.0492967
0.0506336
0.0496111
0.0325526
0.0526644
0.0959447
0.0500319
0.0951971
0.0936875
0.0223044
0.0466286
0.0367721
0.0524375
0.0710213
0.106741
0.0604686
0.0525687
0.0577846
0.0412649
0.0599486
0.0631242
0.0519354
0.012474
0.0383229
0.0288644
0.0455237
0.0526185
0.0772646
0.114258
0.0489242
0.0659615
0.033282
0.0928388
0.0615126
0.0706462
0.044416
0.0666941
0.0672958
0.0291449
0.0388314
0.0578561
0.0801671
0.0861975
0.0405691
0.0493026
0.0525471
0.0466975
0.0555681
0.0379232
0.0792528
0.0922745
0.0626793
0.0567797
0.0591587
0.104118
0.0951463
0.0706189
0.033395
0.0628224
0.0294192
0.0640534
0.0247902
0.0272367
0.0585043
0.0510948
0.0901076
0.0331242
0.030508
0.105962
0.0761972
0.0343738
0.0938013
0.0708429
0.0352737
0.0332659
0.0702439
0.0635043
0.0489656
0.0542275
0.0498877
0.0681196
0.0601328
0.0210974
0.0500449
0.0564579
0.0305211
0.0315929
0.041376
0.0460538
0.0543269
0.050096
0.085605
0.0459818
0.0464271
0.0372263
0.0554123
0.0426736
0.0357849
0.193571
0.0513801
0.0594216
0.0618486
0.0623309
0.0454862
0.0203738
0.0639314
0.046713
0.0390741
0.0424853
0.0665617
0.0842276
0.0431214
0.0525216
0.0314424
0.000761914
0.0649746
0.0480843
0.0360444
0.0352022
0.0233634
0.0594192
0.0561816
0.0717892
0.0474367
0.0546591
0.0358326
0.0385998
0.0566377
0.0366929
0.0324049
0.0781784
0.0407201
0.0734037
0.0532353
0.0841218
0.0681204
0.0375623
0.0411007
0.0948068
0.0888243
0.0582717
0.0698362
0.0423801
0.0352604
0.0822016
0.0432532
0.0522881
0.0387041
0.0496249
0.000592417
0.0337702
0.0552514
0.0954416
0.110361
0.17098
0.0389771
0.0429713
0.0449645
0.0450362
0.0641395
0.0418972
0.0494901
0.0639354
0.0828061
0.0368379
0.0434755
0.047388
0.0772011
0.0421435
0.0337245
0.034718
0.0299826
0.0841503
0.0559788
0.0190348
0.11037
0.0914181
0.100094
0.0629706
0.0373935
0.0289934
0.0481499
0.0466918
0.055984
0.0809969
0.0276804
0.0290962
0.106293
0.0406981
0.0383312
0.0288685
0.0796348
0.0458514
0.0441475
0.0519538
0.0399008
0.0334074
0.0378157
0.0393124
0.0447654
0.0544164
0.0802673
0.0288595
0.135092
0.043586
0.0753833
0.0786041
0.0830667
0.0689558
0.0423946
0.0350842
0.0825831
0.0926833
0.0727505
0.0548041
0.0886485
0.0489729
0.0575175
0.0425708
0.0427186
0.0680261
0.0563057
0.0546617
0.0545643
0.0871551
0.230676
0.0850343
0.0531736
0.0398487
0.0696364
0.0820815
0.0611715
0.0599802
0.0479642
0.06851
0.131806
0.0910294
0.0579356
0.0522726
0.0511714
0.0369876
0.0550642
0.0325436
0.0778592
0.0701653
0.0670023
0.0390594
0.0524279
0.0802116
0.0439718
0.0564301
0.0680194
0.0506783
0.0352827
0.0773171
0.0456975
0.0538733
0.0540859
0.0616847
0.0450613
0.0357129
0.0476999
0.0592859
0.0848482
0.0484054
0.0882547
0.0395677
0.0826136
0.178604
0.0491681
0.0340978
0.0522514
0.0480688
0.0520345
0.0516584
0.0433889
0.00996165
0.0447625
0.0396203
0.0666264
0.0438051
0.0501403
0.0898367
0.032985
0.0415414
0.0593864
0.0712533
0.0380192
0.123086
0.0711068
0.035815
0.0483689
0.0365364
0.0808874
0.0596146
0.0575734
0.0607646
0.0603541
0.0546376
0.0740615
0.0994625
0.0184566
0.0346255
0.0498084
0.0616753
0.0783345
0.0451207
