-0.235693
-0.135495
-0.415671
-0.169937
-0.607877
-0.24457
-0.098914
0.107492
-0.0184846
-0.199157
0.0313026
-0.0858002
0.591747
0.0954855
-0.0447074
0.494887
0.191572
-0.490671
0.928111
0.103255
-0.768706
-0.204207
-0.682306
-0.0522309
-0.214692
0.719891
-0.688164
-0.347777
0.0561993
-0.0445559
-0.0677125
0.124622
-0.430141
0.0474413
-1.15654
0.0931078
0.0784828
-0.672254
0.0505254
-0.479071
-0.795706
-0.685375
-0.131117
-1.06768
-0.160376
-0.24295
-0.149352
-0.317328
-0.0783241
-0.0486306
0.208616
-0.449227
0.125262
-0.236104
0.401728
-0.0428414
-0.124154
0.0568277
-0.421331
-0.245439
0.307147
0.290735
-0.469716
0.0931113
-0.608817
-0.109154
-0.0642655
-0.0232826
0.00711913
0.495995
-0.403295
-0.638904
-0.403652
-0.23792
-0.0287422
-0.347396
0.0737951
0.551938
-0.145429
0.319338
-0.300937
0.0210539
0.566111
-0.1098
-0.101307
-0.095391
0.238893
-0.209609
-0.564237
0.110649
-0.462532
-0.216689
-0.38161
0.0790113
0.581579
0.0224723
-0.205872
-0.685332
-0.24456
-0.128877
-0.367885
-0.399116
-0.35681
-0.115919
-0.206815
-0.0957033
0.283122
0.246449
-0.020573
-0.069431
-0.424693
0.606542
-0.313248
-0.56048
-0.291542
-0.264996
0.115058
-0.315338
-0.116214
-0.527692
0.167107
-0.706582
0.263677
0.709209
0.113277
-0.605312
-0.474926
-0.301028
-0.205673
0.496039
-0.217451
-0.565131
-0.186374
-0.00876322
-0.315252
-0.310029
0.0700427
-0.386664
-0.410639
0.0633168
-0.207226
0.0441702
-0.000548886
-0.385088
-0.372382
-0.43248
-0.132978
0.169385
-0.425525
-0.195959
0.0220332
-0.494836
0.141649
0.00809867
-0.207902
-0.456123
-0.544701
-0.594411
-0.238351
0.116105
0.452301
-0.665333
-0.133154
-0.238389
-0.261242
-0.389329
-0.114233
-0.760536
-0.0360721
-0.390765
0.344284
-0.177517
-0.334846
-0.12222
0.104166
0.0369787
-0.474429
-0.319904
-0.662818
-0.785769
0.409818
-0.471169
0.155651
-0.502777
-0.281853
-0.0568834
-0.525321
-0.434626
0.111036
0.109152
-0.113442
-0.166601
0.0828074
-0.708623
-0.262431
0.653162
-0.350308
0.162124
-0.477939
-0.0485025
-0.253685
-0.261471
0.248878
-0.522541
-0.460463
0.423035
-0.103732
0.456595
-0.349308
-0.848269
-0.234288
-0.366512
0.0324825
-0.276298
-0.169524
-0.398916
-0.0869267
0.138154
-0.279747
-0.312491
-0.157302
0.0128831
-0.0866958
-0.217472
-0.0817401
-0.126281
0.0282218
-0.13296
-0.0769434
0.0617211
0.329802
-0.344859
0.245134
-0.790723
0.325128
-0.413316
-0.262438
-0.328941
-0.0170588
-0.0743504
-0.548263
0.723648
-0.343506
-0.174197
-0.530236
-0.707969
-0.265557
0.219757
-0.452649
-0.436193
-0.484985
-0.442936
-0.342431
-0.181898
0.00812577
-0.6925
