0.623462
0.931808
0.76506
0.662006
1.17275
0.688692
0.698965
0.539313
0.68673
0.842301
1.11863
0.756423
0.699001
0.820125
0.82879
0.844909
0.781758
0.81611
0.63333
1.01931
0.568379
0.591098
0.775751
0.571183
0.570579
0.698042
0.688009
0.788138
1.04321
0.665066
0.672129
0.830155
0.740448
0.602233
0.632564
0.891414
0.912388
0.645643
0.786406
0.868556
0.539659
0.749069
0.65779
0.775792
0.822631
0.698506
0.812367
0.853673
0.839279
0.772229
0.643749
0.827818
0.918364
0.798248
0.727661
0.696626
0.60335
0.832631
1.01421
0.692776
0.701308
0.942588
0.943814
0.663264
0.683622
0.603166
0.876419
0.588328
0.729216
0.998219
0.878273
0.659358
0.75726
0.77126
0.623007
0.806957
0.525668
0.71102
0.689138
0.915331
0.759764
0.693431
0.711116
0.776864
0.6848
0.752839
0.843572
0.913429
0.600752
0.736188
0.707853
0.676856
0.73741
0.688243
0.807492
0.794278
0.740806
0.753715
0.712019
0.837291
0.789107
0.797768
0.617176
0.737053
1.10887
0.867314
1.02035
0.751341
0.836767
0.766924
0.804694
0.859373
0.674703
0.862015
0.855634
0.629018
0.696772
0.578091
0.782545
0.854177
0.777503
0.524698
0.810613
0.618203
0.828946
0.889769
0.567942
0.700062
0.750245
0.764584
0.768626
0.886989
0.880737
0.605964
0.788242
0.623744
0.791601
0.871262
0.587188
0.689184
0.952451
0.654681
1.01503
0.663407
0.723651
0.676329
0.651065
0.964001
0.622616
0.6919
0.596327
0.93986
1.30567
0.846779
0.811906
0.808194
0.9666
0.85173
0.779707
0.69692
0.781553
0.990158
0.756446
0.6745
0.681663
0.759629
0.544229
0.950156
0.896394
0.634683
0.579254
0.693029
0.624271
0.780058
0.691618
0.745694
0.701056
1.02406
0.768127
0.736334
0.718924
0.627412
0.779257
0.729567
0.743146
0.808993
0.85756
0.671774
0.847708
0.857773
0.724559
0.970097
0.83285
0.512778
0.705476
0.787492
0.819189
1.07059
0.618578
0.925826
0.705753
0.660153
0.658845
0.876373
0.698432
0.854844
0.730785
0.834653
1.11787
0.801406
0.793485
0.704464
0.691213
0.603971
0.699156
0.773726
1.19955
0.950426
0.994685
0.716029
0.708341
0.78247
0.753064
0.711413
0.826042
0.7541
0.790294
0.79819
0.840821
0.683442
1.01476
0.874378
0.740319
0.907755
0.743443
0.850266
0.896244
0.749679
0.81135
0.971787
0.715383
1.25497
1.12324
1.04953
0.749702
0.790092
0.774436
0.687218
0.707111
0.764125
1.20332
0.885767
0.726258
0.734033
1.27456
0.905748
0.480497
0.651689
0.97142
0.668728
0.785242
0.65441
0.91509
0.865309
0.665955
0.812143
0.633385
0.766509
0.609671
0.743704
0.711675
0.650066
1.46013
0.987193
1.12117
0.966716
0.723926
0.749954
1.093
0.717306
0.800523
0.76529
0.86103
0.963897
0.719945
0.870491
0.800021
0.797787
0.736706
1.5578
0.714951
0.806891
0.777684
0.831069
0.784
0.709613
0.756066
0.788907
0.612641
0.607675
0.532025
0.765565
0.773722
0.742971
0.754642
0.796448
0.947174
1.00914
1.14283
0.791044
0.765143
0.717413
0.657549
0.635291
0.733087
0.686992
0.763282
0.681483
0.767825
0.748417
0.815804
0.799483
0.722497
0.785954
0.601454
0.767625
0.816218
0.898408
0.959402
0.809467
0.572817
1.0709
0.758134
0.557948
0.957388
0.605993
0.655156
0.688813
0.610651
0.93047
0.751489
0.727602
0.825067
0.720919
0.58019
0.765606
0.624406
0.735144
0.736268
0.601394
1.02932
0.784747
0.668044
0.742226
1.02161
0.774272
0.681283
0.957108
0.737395
0.705731
0.819673
0.770583
0.671452
1.02947
0.772555
0.709048
0.728688
0.636319
0.729523
1.07308
0.629775
0.811885
1.09411
0.632006
0.578882
0.785144
0.845604
0.771697
0.666123
1.24439
1.09611
0.757084
0.61317
0.722335
0.70153
0.8776
0.869613
0.692549
0.704321
0.740898
0.796483
0.700144
0.623174
0.841347
0.856248
0.624588
0.870769
0.556595
0.744902
0.886877
0.808823
0.670809
0.73727
0.705954
0.623838
0.7484
0.632804
0.741912
0.746886
1.66589
0.832569
0.623568
0.590825
0.91288
0.688239
0.831586
0.689188
0.776282
0.723781
0.817062
1.00829
0.610666
0.855098
0.72179
0.916058
0.624333
0.745638
0.975197
0.650754
0.979776
0.785067
0.704975
0.595245
0.605533
0.869029
0.660336
0.924519
1.06797
0.921849
0.784474
0.684739
0.894244
1.50982
0.868137
0.707924
0.7474
0.899473
0.894104
0.710651
0.518078
0.79008
0.651907
0.713749
0.724212
0.733235
0.585317
0.920716
0.701146
0.825768
0.608659
0.756487
0.652887
0.9123
0.484095
0.705187
0.788544
0.730148
0.912381
1.0363
0.694959
0.695393
0.770445
0.654509
0.748055
0.818253
0.669968
0.762265
0.788689
0.715359
0.742781
0.705597
0.567605
0.710319
0.921764
0.767397
0.8273
0.762914
0.851342
0.739522
0.766441
0.866154
0.957577
0.895037
0.545191
0.929596
0.91582
0.716879
0.948564
0.640585
0.583626
0.684658
0.829547
0.778457
0.654849
0.832757
0.766121
0.828967
0.697126
0.810376
1.28807
1.84819
0.670389
