0.270421
0.323576
0.337603
0.268575
0.441615
0.377014
0.606892
0.394028
0.465294
0.400075
0.326915
0.320141
0.265171
0.414277
0.389837
0.300655
0.343477
0.332137
0.403728
0.345744
0.510906
0.274401
0.406723
0.302611
0.319818
0.341134
0.385131
1.10638
0.458372
0.296451
0.315388
0.467893
0.413178
0.282522
0.504616
0.303306
0.328051
0.343269
0.354169
0.339237
0.455426
0.429175
0.379296
0.575507
0.307917
0.492688
0.342322
0.276107
0.41344
0.310631
0.547249
0.347023
0.369215
0.560618
0.698981
0.553611
0.649231
0.37614
0.340879
0.387362
0.341429
0.360804
0.400856
0.359193
0.315485
0.432195
0.308549
0.348904
0.304935
0.479842
0.622914
0.345581
0.401657
0.355993
0.410193
0.650247
0.382917
0.440236
0.321127
0.352845
0.326032
0.322261
0.270288
0.323708
0.313247
0.329901
0.305728
0.336997
0.331014
0.41989
0.314249
0.407815
0.34697
0.32835
0.346149
0.324673
0.296973
0.882601
0.331307
0.482658
0.334675
0.270743
0.335956
0.322903
0.264388
0.366905
0.294222
0.325261
0.35025
0.285661
0.428204
0.327199
0.315645
0.337649
0.434758
0.337229
0.408453
0.304692
0.531251
0.376476
0.321342
0.3958
0.326657
0.738894
0.393469
0.45478
0.283137
0.383721
0.269755
0.385129
0.433146
0.325767
0.367767
0.427962
0.313281
0.276371
0.418831
0.294293
0.345979
0.206582
0.363761
0.285293
0.350588
0.278323
0.3497
0.542615
0.314583
0.318201
0.293862
0.403857
0.397607
0.437351
0.385432
0.430062
0.321039
0.354052
0.313217
0.318884
0.35408
0.446215
0.374858
0.277016
0.338648
0.298928
0.281795
0.357677
0.290592
0.277145
0.336912
0.313936
0.496564
0.319216
0.346951
0.338498
0.439172
0.433801
0.429672
0.478946
0.456279
0.323021
0.298597
0.372644
0.386933
0.341338
0.511456
0.739434
0.331877
0.302295
0.417887
0.417117
0.38679
0.512146
0.326903
0.30518
0.442018
0.383957
0.307997
0.352543
0.334305
0.345885
0.653609
0.314063
0.446427
0.573239
0.367354
0.286247
0.338985
0.569684
0.362941
0.427265
0.392147
0.576069
0.508846
0.309917
0.335712
0.300994
0.315904
0.364358
0.279393
0.335113
0.258073
0.253762
0.343942
0.488231
0.345013
0.303239
0.303776
0.285367
0.405489
0.271719
0.317663
0.361361
0.265718
0.369396
0.296312
0.480406
0.390219
0.714065
0.337834
0.269621
0.461903
0.343029
0.403615
0.315266
0.361753
0.327343
0.562909
0.266749
0.304608
0.522668
0.338534
0.345895
0.435568
0.395899
0.534348
0.307508
0.397872
0.278576
0.349268
0.403252
0.293301
0.374216
0.267468
0.442803
0.313802
0.471773
0.257773
0.454537
0.426615
0.355313
0.288556
0.598389
0.344141
0.334349
0.267624
0.273696
0.257101
0.286282
0.208063
0.4062
0.38755
0.346773
0.473776
0.456224
0.410817
0.271997
0.259279
0.367684
0.291946
0.357378
0.265615
0.397132
0.308761
0.454887
0.273864
0.333866
0.317824
0.324438
0.571349
0.479029
0.321858
0.476479
0.492032
0.26984
0.492414
0.405898
0.435619
0.391139
0.631307
0.456139
0.310207
0.426688
0.478535
0.440202
0.391263
0.469534
0.34456
0.441868
0.369283
0.56493
0.366576
0.374904
0.513358
0.318314
0.413527
0.359505
0.346557
0.371576
0.380823
0.438628
0.314946
0.326957
0.31614
0.429012
0.684701
0.537546
0.496502
0.239453
0.305614
0.313069
0.347707
0.276203
0.442221
0.456479
0.317273
0.265064
0.274257
0.379692
0.734463
0.167888
0.595437
0.76601
0.365295
0.446483
0.281922
0.339567
0.370434
0.439122
0.476823
0.387634
0.311666
0.282076
0.408797
0.440156
0.368488
0.342092
0.312083
0.317204
0.307453
0.334247
0.317515
0.395417
0.53937
0.404496
0.392891
0.379775
0.347888
0.271909
0.408927
0.364712
0.306062
0.391827
0.272668
0.324673
0.448403
0.274724
0.340844
0.330326
0.286422
0.414125
0.397442
0.275311
0.357272
0.317353
0.381202
0.409426
0.30941
0.26728
0.366864
0.451979
0.324681
0.427574
0.294906
0.4337
0.600966
0.329799
0.273914
0.290289
0.530308
0.605504
0.45668
0.384376
0.364836
0.424709
0.638106
0.459165
0.461803
0.257162
0.311334
0.422479
0.4635
0.413077
0.302034
0.474288
0.362879
0.407131
0.27659
0.277433
0.427349
0.378942
0.409549
0.315385
0.350661
0.440127
0.294089
0.405448
0.401299
0.326003
0.326937
0.329924
0.29825
0.282409
0.324539
0.291813
0.485243
0.345969
0.308943
0.393575
0.416196
0.339913
0.362228
0.31624
0.379931
0.702149
0.330953
0.413216
0.267798
0.294803
0.369757
0.297315
0.442002
0.300975
0.3694
0.300511
0.428701
0.545144
0.896185
0.296121
0.404606
0.260963
0.406092
0.435688
0.303696
0.411004
0.415808
0.322824
0.472098
0.308276
0.448805
0.383525
0.483064
0.409509
0.472877
0.451585
0.348642
0.342019
0.273105
0.399126
0.295438
0.394594
0.53056
0.611216
0.281982
0.422077
0.335638
0.350755
0.281719
0.259566
0.289975
0.4127
0.284966
0.295992
0.375043
0.395502
0.322682
0.24537
0.32998
0.368636
0.402911
0.384332
0.468029
0.262382
