-2.0369
-1.74142
-0.44444
-1.6904
-1.41785
-1.13951
-1.48287
-1.64535
-1.93501
-1.6343
-1.65015
-1.51039
-2.40654
-1.65204
-2.31883
-1.78703
-1.74325
-1.34826
-1.46118
-1.23513
-1.55576
-1.50196
-1.35557
-2.55865
-2.25602
-2.10242
-1.96028
-1.89658
-0.925386
-0.815245
-1.76002
-1.16236
-0.858874
-2.27586
-1.45714
-1.93973
-1.56912
-3.17936
-2.38884
-1.50565
-1.58494
-1.65712
-1.56583
-1.00193
-2.95278
0.109607
-1.02231
-2.7918
-1.89522
-2.30855
-0.854207
-1.59157
-0.124198
-2.35984
-0.708377
-1.42621
-0.248157
-1.15277
-1.58859
-2.77233
-2.37068
-1.78674
-1.54694
-1.70296
-1.84358
-1.88815
-1.60967
-2.24926
-1.44176
-1.20315
-0.959734
0.865167
-1.56346
-1.4518
-1.65596
-2.5476
-1.87974
-1.58416
-1.69495
-2.4104
-1.49564
-1.88902
-1.75192
-1.44323
-1.95639
-2.37829
-2.44371
-1.79722
-1.98725
-2.59365
-2.25281
-0.794493
-1.84284
-0.806663
-1.04625
-1.58425
-1.86155
-1.95244
-0.790447
-1.79882
-2.16679
-2.07214
-0.90247
-1.90069
-1.77625
-1.94814
-1.40477
-1.71864
-1.8017
-2.10045
4.1305
-1.50584
-1.06597
-1.67187
-1.06437
-1.78972
-2.00235
-1.11818
-2.62846
-1.5072
-2.34096
-1.49283
-1.62908
-1.24482
-1.59973
-2.20271
-1.557
-1.93714
-1.33457
-1.84519
-1.24618
-2.25552
-2.56164
-1.2632
-1.50635
-2.0092
-0.921488
0.170698
-1.30976
-1.7154
-1.38075
-2.00835
-1.58281
-1.25363
-0.998632
-1.82176
-1.67372
-1.51307
-1.54983
-1.8992
0.870367
-1.33719
-1.40924
-1.0474
-1.15894
-1.39529
-1.66359
-1.86505
-1.53643
-2.77729
-2.05679
-1.70013
-0.932736
-1.22927
-0.678606
-2.69314
-1.40203
-1.97373
-2.13502
-1.33194
-2.5055
-1.47319
-1.40274
-2.56576
-2.2279
-0.540606
-2.07782
-1.50522
-2.51773
-4.96991
-2.12244
-1.48054
-2.00415
-0.775663
-1.14048
-2.19599
-2.10203
-2.86492
-1.67718
-0.869473
-1.27481
-1.78491
-1.87678
-2.56382
-0.213261
-1.64769
-1.98536
-0.429567
-1.44337
-1.42337
-2.03421
-1.48187
-2.40279
-1.66755
-1.82666
-2.41284
-2.50236
-0.803414
-1.75054
-1.89222
-1.23914
-1.87847
-2.23586
-0.976601
-1.78962
-1.51434
-1.85577
-1.80501
-1.87709
-2.06097
-0.950218
-1.28279
-1.10197
-0.438612
-2.0745
-1.69895
-1.69529
-1.54274
-2.31286
-1.1083
-2.44209
-1.16691
-1.20433
-1.5425
-2.20776
-1.95123
-1.91192
-1.98132
-0.508485
-0.523564
-1.5911
-1.41905
-1.88938
-2.02851
-1.57765
-1.85697
-1.48786
-1.35834
-1.48229
-2.35017
-1.31648
-2.11727
-2.17366
-1.06256
-0.262092
-1.51417
-1.63372
-1.90615
-1.26195
-1.78684
-1.46952
-1.27698
-1.41126
-1.01999
-1.94621
-0.961224
-1.86782
-1.60426
0.186897
-2.52705
-0.135513
-1.82705
-1.44191
-1.2841
-1.31433
-2.09602
-0.958272
-2.26735
-1.04134
-1.63818
-2.85534
-1.73375
-1.57917
-1.24842
-1.62009
-1.98113
-1.3911
-1.54202
-1.37203
-1.30063
-0.447218
-1.89447
-1.40361
-1.969
-1.96023
-0.785709
-0.821992
-1.38264
-1.44449
-1.7415
-1.46589
-1.4692
-1.30483
-0.652662
-1.22158
-1.49196
-1.72829
-1.25231
-1.35115
-2.025
-0.849571
-1.99439
-0.215111
-2.28465
-1.55411
0.76544
-1.3504
-1.66493
-1.70219
-1.25301
-2.55485
-1.90562
-1.55052
-2.41841
-1.65374
-2.40301
-2.29568
-1.91088
-0.767767
-1.47778
-1.42871
-1.67292
-1.86303
-2.01242
-0.772074
-1.58529
-1.89579
-1.97016
-1.16453
-1.95958
-1.91238
-1.42023
-1.80963
-1.39078
-1.98817
-1.29674
-1.47279
-1.90856
-2.02722
-1.78468
-1.61209
-1.02263
-1.79947
-1.20717
-0.551263
-0.599257
-2.29659
-1.07748
-1.9016
-0.5481
-1.38843
-1.27717
-2.40636
-1.61162
-1.11919
-1.62222
-2.9696
-2.1199
-0.610824
-1.18333
-1.72289
-0.906448
-1.69025
-1.77362
-2.51673
-1.92935
-0.864017
-2.15928
-0.991875
-0.980688
-1.92881
-1.27345
-2.24786
-1.49775
-1.50568
-2.08224
-1.56064
-1.28851
-1.6862
-1.78157
-2.09749
-3.13522
-1.26091
-1.64626
-1.51293
-1.9899
-1.12538
-2.28335
-0.984011
-1.53105
-1.75585
-0.625038
-1.67372
-1.53237
-1.26362
-1.6164
-2.20344
-1.60321
-2.1504
-1.68406
-1.69854
-1.46711
-2.23466
-1.58396
-1.70123
-1.32455
-1.28296
-1.72635
-1.90083
-2.05117
-1.70076
-2.25872
-1.61888
-1.72065
-1.67139
-1.29122
-0.92937
-1.71183
-1.28097
-0.961931
-1.08499
-1.72301
-0.593393
-1.74778
-3.0237
-1.93176
-1.84615
-2.13022
-0.68938
-1.52249
-1.66435
-2.00288
-1.59595
-1.1859
-1.08489
-1.00622
-1.70376
-1.70964
-2.35537
-1.35861
-1.46372
-1.42102
-2.26182
-1.81139
-1.62565
-0.247432
-1.35866
-1.71655
-0.982441
-1.67391
-1.89219
-1.7528
-1.26018
-1.05241
-0.80511
-1.28799
-2.36809
-1.77521
-1.82685
-0.751108
-1.43284
-2.03752
-1.51244
-1.37509
-1.57935
0.34882
-1.96738
-1.84045
-1.56424
-2.18596
-1.56993
-1.34879
-0.914813
-1.7182
-1.72766
-2.11234
-1.66322
-1.36919
-1.10855
-1.91976
-1.79979
-1.03084
-2.03902
-1.74107
-1.84238
-1.85651
-2.50938
-1.95938
-1.83455
-1.28561
-0.985578
-1.10486
-1.47161
-1.27982
-1.57137
-2.04261
-1.45454
-1.49128
-0.208981
-1.37289
-1.52119
-2.36497
