-0.378699
-0.447646
-0.513103
-0.312736
-0.53775
-0.153266
-0.468435
-0.373015
-0.162996
-0.536834
-0.615823
-0.297197
-0.411206
-0.462104
-0.568749
-0.605635
-0.479358
-0.433481
-0.391023
-0.339345
-0.412312
-0.496473
-0.317253
-0.511451
-0.493827
-0.421895
-0.371069
-0.484952
-0.456483
-0.545883
-0.42416
-0.0768749
-0.526203
-0.408271
-0.651519
-0.401856
0.0594096
-0.52973
-0.509982
-0.498582
-0.460505
-0.379944
-0.363064
-0.327723
-0.101327
-0.432854
-0.450129
-0.510595
-0.429366
0.36428
-0.428194
-0.427937
-0.455638
-0.733962
-0.480385
-0.594872
-0.520694
-0.285427
-0.424433
-0.606074
-0.462835
-0.409743
-0.421015
-0.510098
-0.446743
-0.396128
-0.335547
-0.231232
-0.360638
-0.145276
-0.486117
-0.339358
-0.45943
-0.335125
-0.349808
-0.388638
-0.268922
-1.08502
-0.491673
-0.574049
-0.241395
-0.558624
-0.242708
-0.206113
-0.395712
-0.368259
-0.528482
-0.573436
-0.13847
-0.301573
-0.381096
-0.349339
-0.0800512
-0.00754216
-0.458905
-0.313534
-0.685304
-0.564819
-0.31346
-0.343848
-0.310024
-0.598047
-0.504281
-0.499054
-0.365243
-0.626487
-0.366358
-0.560454
-0.509473
-0.469144
-0.445078
-0.523314
-0.65065
-0.413639
-0.19434
-0.350248
-0.447017
-0.31708
-0.165804
-0.903026
-0.531612
-0.385199
-0.382998
-0.607359
-0.74728
-0.0702171
-0.396196
-0.547694
-0.609562
-0.264725
-0.176954
-0.650601
0.382389
-0.175814
-0.614888
-0.451609
-0.176524
-0.543278
-0.401744
-0.498161
-0.343981
-0.468188
-0.476663
-0.422499
-0.34317
-0.401012
-0.620738
-0.407862
-0.216089
-0.535786
-0.296169
0.0759189
-0.393926
0.681926
-0.465931
-0.27704
-0.551933
-0.448638
-0.497429
-0.46159
-0.503167
-0.523152
-0.384689
-0.499841
-0.386091
-0.602688
-0.342979
-0.329975
-0.507814
-0.576366
-0.465546
-0.405149
-0.560108
-0.626395
-0.478576
-0.251178
-0.522485
-0.362325
-0.343456
-0.358496
-0.405006
-0.476642
-0.533727
-0.541216
-0.687423
-0.524938
0.919997
-0.580193
-0.528118
-0.326578
-0.484766
-0.323962
-0.0994935
-0.268933
-0.611115
-0.421773
-0.425321
-0.345623
-0.587333
-0.344305
-0.430101
-0.368719
-0.342067
-0.472802
-0.57806
-0.180492
-0.305783
-0.290091
-0.217199
-0.477267
-0.337317
-0.487101
-0.432678
-0.301528
-0.43998
-0.50108
-0.489167
-0.580758
-0.260211
-0.373202
0.39117
-0.329046
-0.318083
-0.994331
-0.351117
-0.414948
-0.221881
-1.09676
-0.420561
-0.566482
-0.853712
-0.282231
-0.0654622
-0.599897
-0.445008
-0.264818
-0.449347
-0.509717
-0.406323
-0.618158
-0.406624
-0.297801
-0.289474
-0.332069
-0.511694
-0.370101
-0.496151
-0.352953
-0.407268
-0.573375
-0.565937
-0.338029
-0.381854
0.204619
-0.505071
-0.425121
-0.51505
-0.0623554
-0.365643
-0.250724
-0.390074
-0.44388
-0.479906
-0.186958
-0.428413
-0.407017
-0.393776
-0.336965
-0.180158
-0.871836
-0.4459
-0.591581
-0.430918
-0.450632
-0.399829
-0.664094
-0.635405
-0.562146
-0.377968
-0.618472
-0.377965
-0.299973
-0.338119
-0.424717
-0.468201
-0.499625
-0.397255
-0.390685
-0.492025
-0.405186
-0.531632
-0.522326
-0.427373
-0.445609
-0.218262
-0.32327
-0.40562
-0.482536
-0.445823
-0.420011
-0.549107
-0.551966
-0.501998
-0.325497
-0.39577
-0.350082
-0.493487
-0.275687
-0.394254
-0.354
-0.462979
-0.55903
-0.570129
-0.447608
-0.529198
-0.545244
-0.464263
-0.312569
-0.34999
-0.310967
-0.516991
-0.588076
-0.39801
-0.417816
-0.583747
-0.36698
-0.461283
0.140582
-0.547871
-0.339423
-0.345473
-0.482109
-0.655386
-0.69645
-0.437402
-0.18522
-0.365346
-0.33021
-0.448072
-0.288698
-0.265212
-0.354788
-0.611677
-0.554447
-0.0903627
-0.586774
-0.435105
-0.344614
-0.486488
-0.220488
-0.397253
-0.403523
-0.40854
-0.34421
-0.550081
-0.353018
-0.363341
-0.456044
-0.406373
-0.517493
-0.738184
-0.485738
-0.267228
-0.454991
-0.424011
-0.528184
-0.630441
-0.210249
-0.459561
-0.638171
-0.311651
0.681246
-0.369852
-0.31386
-0.655507
-0.374199
-0.401636
-0.469569
-0.620214
-0.440426
-0.604017
-0.540082
-0.487641
-0.450014
-0.507689
-0.330352
-0.424901
-0.440808
-0.338955
-0.667433
-0.520056
-0.348192
-0.480058
-0.535561
-0.416388
-0.471723
-0.686797
-0.575574
-0.633804
-0.487049
-0.425126
-0.33285
-0.506782
-0.376648
-0.393928
-0.5224
-0.538062
-0.39235
-0.0759098
-0.525173
-0.715001
-0.15352
-0.424224
-0.506608
-0.55378
-0.496436
-0.421305
-0.441747
-0.424153
-0.413849
-0.419213
-0.612996
-0.515451
-0.365655
-0.402342
-0.382905
-0.361386
-0.701676
-0.425104
0.0622224
-0.246507
-0.562887
-0.369598
-0.319328
-0.525295
-0.703997
-0.4035
-0.699477
-0.608843
-0.620889
-0.521143
-0.54645
-0.364133
-0.493348
-0.641463
-0.654599
-0.403336
-0.724409
-0.676178
-0.519994
-0.50378
-0.34214
0.193582
-0.377239
-0.405451
-0.6105
-0.542774
-0.520242
-0.32408
-0.537076
-0.522708
-0.0803396
-0.334564
-1.21835
-0.402798
-0.420475
-0.419953
-0.607309
-0.497468
-0.49148
-0.305141
-0.442049
-0.412013
-0.263166
-0.476373
-0.42413
-0.35249
-0.410929
-0.403904
-0.384161
-0.416094
-0.561485
-0.359034
-0.521176
0.795115
-0.393574
-0.474937
-0.505605
-0.395655
-0.548524
0.140341
-0.427478
-0.519934
0.164056
-0.424515
-0.392941
0.109455
-0.334734
-0.401692
-0.500145
-0.375318
-0.474867
-0.334789
-0.208967
-0.68504
-0.588202
-0.457473
-0.252683
-0.324811
-0.354796
-0.360142
-0.477832
