0.00795254
0.00805945
0.00513465
0.00955506
0.0063268
0.00770343
0.00415655
0.00583219
0.00622783
0.0071804
0.00472467
0.00459462
0.00502501
0.00825523
0.00472706
0.00652769
0.00587515
0.00441277
0.00485384
0.00654832
0.00631052
0.00747063
0.0084751
0.0103838
0.00752891
0.00712233
0.00610491
0.00651577
0.00810824
0.00630288
0.00702483
0.0119537
0.00320618
0.00846275
0.0104753
0.00756712
0.00893585
0.0110739
0.0081944
0.00456287
0.00603982
0.00553422
0.00544255
0.00507815
0.00551731
0.00935715
0.00622291
0.00841237
0.00812877
0.00595758
0.00502067
0.00504957
0.00744823
0.0061999
0.0101518
0.00642478
0.00624796
0.0102796
0.00745174
0.00512842
0.00606031
0.00552664
0.00781991
0.00479135
0.00901418
0.00582521
0.00826558
0.0087589
0.004727
0.0076077
0.00684014
0.00960467
0.007147
0.00540517
0.00572835
0.00553735
0.00835053
0.00730681
0.00740725
0.00707605
0.00764834
0.0065815
0.0062161
0.00533411
0.00734261
0.00610141
0.00605462
0.00776024
0.00686993
0.00817668
0.00684014
0.00678414
0.00605532
0.00570109
0.00540517
0.00633934
0.00836362
0.00770983
0.00575631
0.00776231
0.00525555
0.0131328
0.00996003
0.00652905
0.00845793
0.00470572
0.00360449
0.0081966
0.00943199
0.00588276
0.00611952
0.0102344
0.00684368
0.00552695
0.00534232
0.00563846
0.0071658
0.00546143
0.00557624
0.00521185
0.0098619
0.00630022
0.00691341
0.00538168
0.00690896
0.00741279
0.00596359
0.00776062
0.00588294
0.00729109
0.00516949
0.00636105
0.00542482
0.00691045
0.00631706
0.00902401
0.0271775
0.00587356
0.009896
0.0078094
0.00965678
0.00548163
0.00789843
0.00501727
0.00513115
0.00588571
0.00599601
0.00723524
0.049935
0.00503848
0.00484214
0.00665746
0.00773602
0.00710779
0.00745616
0.00765993
0.00471636
0.00830573
0.00477771
0.0051301
0.00454061
0.00593804
0.00406346
0.00791227
0.00751575
0.0117888
0.00710094
0.00584964
0.00464452
0.0062643
0.00646135
0.00815719
0.00834744
0.00480343
0.00567392
0.00446582
0.0086572
0.00487501
0.00683608
0.00780067
0.00587511
0.00589703
0.0066295
0.00568198
0.00788853
0.00681171
0.00525648
0.00551204
0.00494727
0.0055335
0.00547276
0.0100755
0.00736363
0.00619686
0.0101213
0.00761142
0.00743409
0.00531051
0.0128363
0.0139288
0.00736644
0.00761892
0.00515702
0.0057039
0.00548698
0.00793856
0.00403503
0.00618773
0.00672558
0.00789603
0.0056858
0.00503721
0.00923543
0.0074693
0.00641694
0.00831377
0.00715134
0.007895
0.00864104
0.00956893
0.00565849
0.00791243
0.00724508
0.00851395
0.00599889
0.00704025
0.00666631
0.00651847
0.0061895
0.00684963
0.00851102
0.00659514
0.00857133
0.00578577
0.00593567
0.00866111
0.00583453
0.00703959
0.00574027
0.00419387
0.00623858
0.00452726
0.00490665
0.00647335
0.00583882
0.00665726
0.00694594
0.00591201
0.00832999
0.00803806
0.0063752
0.00449914
0.00642761
0.00695592
0.00724138
0.00597245
0.00480528
0.00786647
0.00624303
0.0105946
0.00650637
0.00701409
0.0060192
0.0060144
0.00788831
0.006425
0.00597699
0.00747864
0.00666301
0.0049757
0.00865454
0.00685366
0.00705194
0.0100615
0.00628517
0.00870169
0.00706279
0.00526385
0.00632227
0.00675647
0.00459974
0.00633121
0.00613168
0.00563163
0.00542109
0.00674805
0.0111597
0.00673379
0.00696924
0.00847259
0.00604598
0.00579284
0.00442381
0.00637074
0.00771355
0.00697592
0.00702983
0.00469026
0.00746679
0.00488786
0.00569762
0.00838443
0.00556036
0.00604757
0.00490201
0.0063958
0.00621986
0.00613454
0.00506228
0.0048816
0.00885358
0.0061179
0.00658136
0.00614254
0.00672043
0.00937667
0.00825869
0.00803769
0.00950063
0.0070168
0.00590912
0.00639994
0.00675567
0.00606108
0.00952631
0.00339604
0.00909877
0.00579091
0.00737134
0.00471629
0.00740014
0.00625926
0.00473676
0.00789827
0.00670472
0.00673072
0.00610279
0.0115651
0.00514066
0.00675294
0.00597535
0.00789195
0.00498387
0.00642405
0.00727205
0.00957603
0.00712668
0.00691764
0.00489145
0.00548854
0.0101404
0.00761857
0.00897742
0.00503397
0.00813969
0.00718271
0.00519087
0.00487756
0.00525005
0.00494594
0.00580229
0.0088779
0.00516141
0.00933958
0.0052725
0.00725863
0.00794701
0.00392375
0.0064859
0.00636793
0.00618637
0.00683181
0.00592215
0.00739033
0.00550615
0.00772429
0.00525158
0.00761634
0.00700651
0.00529976
0.00590497
0.00696784
0.00629141
0.00795007
0.005485
0.0067322
0.00820543
0.00765735
0.006949
0.00792243
0.0110105
0.00580058
0.00812738
0.00581348
0.00533793
0.00665259
0.00683016
0.00916297
0.00409897
0.00543104
0.00753608
0.00686684
0.00695475
0.00695728
0.00464472
0.0059023
0.00476721
0.00622398
0.00594199
0.00708648
0.00734086
0.0044438
0.00631764
0.010198
0.00691047
0.00793678
0.00486719
0.00777543
0.00825084
0.00813599
0.00451414
0.00458638
0.00429559
0.00733565
0.0103733
0.00776746
0.00980757
0.00854105
0.00679369
0.00710051
0.00578931
0.00926543
0.00702774
0.0070062
0.00616404
0.00701264
0.00446825
0.00748453
0.00499393
0.00724134
0.00520328
0.00608192
0.00444425
0.00705868
0.00765891
0.00764859
0.00789489
0.00610348
0.00732821
0.00605845
0.00474628
0.00694667
0.00990989
0.0060974
0.00662664
0.00789733
0.00851597
0.0120882
0.0056337
0.00781076
0.00883044
0.00502786
0.00530091
0.0106291
0.00492262
0.00566123
0.00525065
0.00516139
0.00521738
0.00756597
0.00651189
0.00858381
0.0115945
0.00655698
0.0105735
0.00600797
0.00659593
0.00729827
0.00708875
0.00857884
0.00460514
0.00808679
0.00465991
0.0083186
0.00487938
0.00535532
0.00714484
0.00832923
0.0119206
0.00578296
0.00992791
0.00603913
0.00585708
0.00575718
0.00459455
0.00984136
0.00642027
0.0119785
0.00407232
0.00575047
0.00746329
0.00545882
0.00771819
0.00581091
0.00586993
0.00928972
0.00829753
0.00838993
0.00816618
0.00510526
0.00627533
0.00798352
0.00916538
0.0073818
0.0080129
0.00563725
0.00966263
0.00670469
0.00529325
0.00830641
0.00547325
0.01406
0.0102479
0.00949554
0.00474974
0.00849208
0.0074208
0.00508159
0.00820033
0.00970809
0.00640798
0.00651942
0.00577189
0.00557151
0.00741474
0.00662014
0.00573865
0.00732901
0.00773465
0.00870434
0.00677664
0.00656325
0.00638614
0.00480225
0.00737398
0.00667819
0.00724074
0.00473732
0.00721447
0.00888086
0.00852494
0.00399619
0.00895987
0.0054398
0.00456489
0.00507809
0.00555907
0.00567949
0.00627395
0.00498502
0.00531212
0.00419149
0.00649173
0.00536875
0.00800945
0.00620479
0.00759597
0.00541342
0.00527208
0.00429704
0.00548137
0.00789187
0.00601228
0.00623812
0.00628489
0.00588249
0.0081994
0.00685672
0.0069927
0.00429157
0.00577022
0.00497131
0.0042425
0.00603493
0.00534689
0.00645386
0.00339952
0.00578768
0.00595231
0.00611928
0.00525738
0.00598367
0.00793744
0.00483057
0.00613074
0.00604107
0.00699837
0.00642693
0.00568682
0.00831493
0.00647591
0.00715617
0.00670892
0.00754442
0.00507394
0.00789066
0.00590845
0.00761067
0.00677226
0.00958099
0.00679764
0.00721526
0.00691236
0.00773908
0.00474033
0.0067631
0.0076407
0.00610103
0.00670552
0.00584095
0.00524459
0.00496195
0.00508707
0.00654006
0.00469451
0.00687462
0.00929057
0.0066687
0.00433776
0.00494672
0.00707191
0.00502692
0.00575132
0.00614552
0.00690866
0.00486766
0.00859865
0.00746368
0.00768751
0.00490926
0.00608961
0.0102888
0.00720758
0.00716796
0.00545907
0.00797559
0.00843292
0.00983334
0.00653371
0.00539255
0.00693236
0.0074915
0.00682749
0.00832072
0.00551245
0.00460053
0.00819093
0.00574587
0.00529507
0.0089129
0.00596915
0.00817621
0.00762796
0.00792344
0.00565078
0.00949765
0.00564352
0.00452276
0.00629444
0.00593348
0.00841272
0.00518196
0.00789563
0.0119492
0.00560715
0.00634421
0.00482317
0.00657624
0.00632779
0.00562296
0.00574732
0.010646
0.00926592
0.00915363
0.00535264
0.0101756
0.0108564
0.00612915
0.00563809
0.00744856
0.00785166
0.00730321
0.00785447
0.00470669
0.00725733
0.00608017
0.00780068
0.00419584
0.00556052
0.00497124
0.0070968
0.00924939
0.0056529
0.00864111
0.00833174
0.00746088
0.00547353
0.0060424
0.00503414
0.00678403
0.00551446
0.00630756
0.00621948
0.00727775
0.00605762
0.00991809
0.00725277
0.00515245
0.00599066
0.0063478
0.00561737
0.00566299
0.00679771
0.00613374
0.00778902
0.00628514
0.00593706
0.00652403
0.00529058
0.00733138
0.00497568
0.00852991
0.0102944
0.00967552
0.00525184
0.00508103
0.00523003
0.00820312
0.00675613
0.00466504
0.00640217
0.00812422
0.00507307
0.0081638
0.00610022
0.00758023
0.00620797
0.00707265
0.00662191
0.00841461
0.00768303
0.00729804
0.00571796
0.00492024
0.00734647
0.00533086
0.00656053
0.00764848
0.00637237
0.00771482
0.00628938
0.00472518
0.00556364
0.00822626
0.0095481
0.00657309
0.00794766
0.010257
0.00537142
0.00673367
0.00612727
0.00675949
0.0061666
0.00950575
0.00788041
0.00868625
0.00738951
0.00507004
0.00655786
0.00508598
0.00457909
0.00672868
0.00866819
0.00706788
0.00786937
0.00533101
0.00651922
0.00967375
0.00742166
0.0065882
0.00874537
0.00738876
0.00522676
0.00668219
0.00680564
0.00650538
0.00515379
0.00621281
0.00613221
0.00541813
0.00760602
0.00491771
0.00903982
0.0082561
0.00573134
0.004436
0.00557438
0.012172
0.00541943
0.00534056
0.00863124
0.006333
0.00471921
0.00469979
0.00564572
0.00806819
0.006274
0.00522357
0.00454894
0.00584364
0.00788919
0.00435471
0.00470462
0.00517741
0.00788767
0.00719352
0.00592604
0.00924
0.00733091
0.00800373
0.00743404
0.00651932
0.00612202
0.00658369
0.00869633
0.00517872
0.00556997
0.00506553
0.00646234
0.0058163
0.00586438
0.00719207
0.00592901
0.00626671
0.00705811
0.00631852
0.00571501
0.00686643
0.00797896
0.00718796
0.00468122
0.00704226
0.00559218
0.00471952
0.00715446
0.00716092
0.01131
0.0153171
0.00494597
0.00537978
0.00547875
0.00643777
0.00544163
0.0052561
0.00581994
0.00634288
0.0055103
0.00661685
0.00890953
0.00557933
0.00887026
0.00445411
0.00916445
0.00660798
0.00702813
0.00845305
0.00423488
0.00574174
0.00580639
0.00676697
0.00931418
0.00661051
0.00716907
0.046167
0.00886908
0.00687503
0.0064088
0.0053897
0.00502866
0.00714836
0.00457912
0.0145008
0.0071024
0.0102576
0.00928382
0.00543259
0.00601435
0.0078812
0.00463101
0.00865409
0.00523854
0.0581636
0.00631967
0.0105293
0.00777066
0.00843446
0.00893882
0.00834961
0.0102801
0.00644646
0.00753749
0.00587025
0.00774133
0.00919839
0.00612298
0.00618999
0.00621716
0.00537512
0.00619381
0.00689296
0.00579117
0.00484535
0.00691018
0.0070916
0.0054991
0.0105541
0.00561703
0.00599041
0.0074992
0.00703493
0.00446122
0.00517147
0.00710578
0.00646977
0.00705909
0.00675011
0.00802742
0.00796965
0.0131806
0.00562687
0.00526957
0.00980293
0.00517487
0.0045155
0.00563807
0.00800337
0.00369902
0.00740216
0.00633971
0.00975897
0.00670986
0.00603126
0.00903731
0.00582554
0.0236909
0.0065671
0.00506604
0.00634394
0.00610847
0.0106598
0.00358598
0.00882378
0.0062813
0.00640838
0.00628007
0.007825
0.00430642
0.00500492
0.00584449
0.00667869
0.0121349
0.00631713
0.00443708
0.00971526
0.00566638
0.0049641
0.00785431
0.010224
0.00588565
0.00401587
0.0078453
0.00894027
0.00693699
0.00388508
0.00463585
0.00701412
0.0126159
0.0073918
0.00555678
0.00653663
0.00993619
0.00607957
0.00488443
0.0057029
0.0065795
0.00594122
0.00600248
0.01477
0.00521196
0.00668401
0.00497184
0.00932363
0.00574818
0.0057721
0.00944456
0.00370734
0.0050053
0.00630174
0.00797433
0.0057698
0.0045217
0.00611804
0.00504969
0.00700142
0.00821457
0.00536007
0.00883698
0.00515827
0.00972331
0.00638548
0.00621383
0.00669313
0.00764113
0.00936785
0.0044067
0.00775225
0.00475393
0.00527969
0.00655234
0.00524615
0.00488987
0.00596193
0.00722307
0.00744892
0.00757481
0.00486794
0.00776046
0.00768307
0.0103781
0.00586645
0.00537536
0.00688529
0.00541002
0.00651265
0.00706735
0.00632954
0.00848625
0.0055427
0.00590331
0.0079003
0.00772062
0.00753828
0.00899789
0.00534349
0.00750943
0.00668843
0.00761664
0.0268708
0.00529739
0.0052077
0.00608046
0.0105279
0.007373
0.00582893
0.00608763
0.0071074
0.00591964
0.00653953
0.00486311
0.00628871
0.00612351
0.00694831
0.00705449
0.00586051
0.00639684
0.00882549
0.00712187
0.00829002
0.00693562
0.00586464
0.00601267
0.00764706
0.00622769
0.00619912
0.00515279
0.00573567
0.00925356
0.00633983
0.00580523
0.00572358
0.00724075
0.00509364
0.00609444
0.00745262
0.00511572
0.00747521
0.00559011
0.00649366
0.00462801
0.0104179
0.0077767
0.00716012
0.00536895
0.0326179
0.00601027
0.00939376
0.00449188
0.00562272
0.00512751
0.0127827
0.00741186
0.00676279
0.0143116
0.00792411
0.00652617
0.00669608
0.00812107
0.00740683
0.0049178
0.00843094
0.00520432
0.00587696
0.00952897
0.0222883
0.0062838
0.00620467
0.00535252
0.00442377
0.00868726
0.00505542
0.00570654
0.00436876
0.00374873
0.00606269
0.00774427
0.00649537
0.00519904
0.00558013
0.00600918
0.00625872
0.00596608
0.00696944
0.00711929
0.00501695
0.00633729
0.00594171
0.0102358
0.00729617
0.00554193
0.00673984
0.01041
0.00655694
0.00690705
0.00520155
0.00639787
0.00919119
0.00574988
0.00951744
0.00603861
0.00642062
0.00997164
0.00580675
0.00756211
0.00827575
0.0103215
0.00702833
0.00572549
0.00749413
0.00498344
0.0107159
0.00558507
0.00767496
0.0072892
0.0110942
0.00500547
0.0088269
0.00591801
0.00737187
0.00678277
0.00694435
0.00419999
0.00566274
0.0042839
0.00761849
0.00515854
0.00712336
0.00609085
0.0118421
0.00735403
0.00833603
0.00969407
0.00557227
0.00626247
0.00788858
0.00511094
0.00416958
0.0101696
0.00777814
0.00838872
0.00860101
0.00603373
0.00712411
0.00458423
0.0092977
0.00551222
0.00524646
0.00496635
0.00972217
0.00634687
0.00901935
0.00597222
0.00648658
0.00548233
0.00807551
0.00767419
0.00539398
0.0121608
0.00415001
0.00970488
0.00518778
0.00571201
0.00522925
0.0109502
0.00446644
0.00711273
0.0071005
0.00589127
0.00584146
0.00993041
0.00671917
0.00519953
0.00829908
0.00614833
0.00526608
0.00724732
0.0119342
0.00672115
0.00716399
0.00734078
0.00577826
0.00605051
0.00959785
0.00504114
0.00535082
0.00904669
0.00557055
0.00769595
0.00727387
0.00474211
0.00652002
0.0106322
0.00965973
0.00633538
0.0106415
0.00477887
0.00689929
0.00714321
0.00711818
0.00791918
0.00564627
0.0054412
0.00769815
0.00880126
0.00620845
0.00717826
0.00540524
0.00526597
0.00519731
0.00551941
0.00501708
0.00660694
0.00522255
0.00490112
0.00568975
0.00676095
0.00704524
0.00487118
0.00660462
0.00615094
0.0095389
0.0068336
0.00710984
0.00536406
0.00928685
0.00507395
0.010754
0.00525505
0.00441014
0.00793718
0.00452772
0.00614861
0.00987549
0.00702746
0.00781159
0.00773173
0.00721543
0.00642064
0.00778268
0.00579782
0.00549198
0.00401495
0.0061966
0.00640489
0.00723187
0.00686584
0.0060849
0.00601061
0.00537763
0.00590543
0.00636728
0.00719843
0.00939229
0.00624346
0.00646028
0.00487756
0.0070534
0.00626323
0.00591909
0.00754427
0.00474492
0.0060505
0.00809293
0.00573614
0.00774563
0.00809619
0.00690054
0.00633818
0.0071777
0.00647423
0.00677044
0.00572363
0.007331
0.00706295
0.00548532
0.00639364
0.00543602
0.00495615
0.00813142
0.00835676
0.00447784
0.00522978
0.00729018
0.00687661
0.00658556
0.00616509
0.00478211
0.00610666
0.0080526
0.00608827
0.00494274
0.00663845
0.00631908
0.00801088
0.0064807
0.00969124
0.00557458
0.0072739
0.00651526
0.0102097
0.00616076
0.00945428
0.00571345
0.00921385
0.00599127
0.0073226
0.00609709
0.00691945
0.00760554
0.00647999
0.00676172
0.00327897
0.0082859
0.00690442
0.00631037
0.00486969
0.00567863
0.0224182
0.00592897
0.00723517
0.00557394
0.00612282
0.00564181
0.0070155
0.0060365
0.00394294
0.00749418
0.00622212
0.00788158
0.00506766
0.0057726
0.00589744
0.00749496
0.0101767
0.00347288
0.0080346
0.0051808
0.00952439
0.00500519
0.00580801
0.0096609
0.00762718
0.0077468
0.00444285
0.00795465
0.00776986
0.00836138
0.00676283
0.00450682
0.00911422
0.00693353
0.00499435
0.00962002
0.00771421
0.00515555
0.00694703
0.00693684
0.00553952
0.00495988
0.00839705
0.00494848
0.00616923
0.00742983
0.00669098
0.0066463
0.00802229
0.00764921
0.00970452
0.00574236
0.00418507
0.0064581
0.00609897
0.0103058
0.00916236
0.00640283
0.0235584
0.00576893
0.00931409
0.00662199
0.00797496
0.00727168
0.00762949
0.00653771
0.00536537
0.00876838
0.00568162
0.00618028
0.00820863
0.00471291
0.00666368
0.00462303
0.00471179
0.00689207
0.00712904
0.00439402
0.00616687
0.00809248
0.0074408
0.006378
0.00524386
0.00620449
0.00790317
0.0090911
0.00546677
0.0113812
0.011563
0.00659579
0.00725932
0.00563738
0.00537194
0.00747731
0.00675397
0.0093101
0.00472791
0.00547027
0.00785259
0.00994278
0.00667414
0.00548808
0.0071753
0.0232299
0.00640752
0.0052107
0.00539437
0.00680248
0.00737269
0.00627382
0.0042368
0.00616398
0.0071574
0.00524679
0.00896084
0.00637016
0.00554354
0.00772769
0.00479922
0.00487037
0.00420671
0.00521773
0.0083696
0.00727861
0.00643995
0.00450093
0.00570033
0.00549392
0.00519682
0.00880352
0.00523841
0.0051963
0.00611671
0.00576316
0.00448752
0.0136282
0.00577356
0.0064572
0.00962435
0.00663855
0.00640634
0.00707008
0.00550957
0.00452362
0.0063076
0.00692036
0.00484243
0.00617358
0.00433435
0.00747811
0.00631535
0.00658195
0.00551261
0.00565383
0.00744725
0.0057617
0.00970601
0.00903939
0.00521774
0.00568237
0.00639282
0.00713984
0.00622444
0.0062754
0.00452272
0.0108053
0.00568134
0.00672274
0.0063632
0.00730037
0.00636482
0.00790347
0.00527078
0.00597022
0.00614654
0.00629247
0.00481558
0.00699075
0.00542217
0.00613527
0.00530259
0.00680691
0.00653783
0.00856471
0.00536114
0.00617476
0.00726795
0.00542448
0.0059793
0.0107221
0.00608754
0.0103019
0.00788963
0.00584402
0.00956542
0.0100636
0.00572284
0.00635478
0.00606194
0.00874061
0.00571091
0.00629364
0.0077363
0.00581037
0.00477403
0.00808132
0.00471295
0.00467007
0.00654889
0.00681897
0.00494527
0.00815029
0.0285679
0.00575676
0.00536762
0.00433071
0.00620884
0.00616274
0.00495112
0.00740877
0.00881185
0.00548682
0.00524012
0.00509034
0.00908581
0.00706954
0.00544433
0.0048682
0.00401383
0.00504234
0.0049352
0.00939501
0.00732663
0.00840351
0.0074617
0.00647954
0.00737457
0.00572698
0.00648728
0.00806792
0.00476055
0.00641486
0.00567096
0.0083649
0.00680726
0.00505633
0.00424039
0.00522402
0.00422963
0.00765382
0.00633432
0.00688744
0.00796264
0.00422034
0.00713209
0.00709701
0.00645734
0.00695844
0.00464212
0.00837697
0.00921344
0.00807407
0.00567552
0.00512363
0.00569519
0.00760179
0.00594729
0.00742501
0.00560278
0.00991311
0.00519695
0.0053647
0.00831106
0.00714537
0.00742035
0.00851354
0.00444705
0.00529761
0.00660113
0.00495695
0.00730643
0.00440686
0.00779299
0.00629898
0.00716457
0.00670101
0.00738133
0.00841514
0.00623026
0.0197229
0.00522404
0.00629747
0.006944
0.0103276
0.00576614
0.00526545
0.00449611
0.00630542
0.00885608
0.0045901
0.00669697
0.00505513
0.00649973
0.00723728
0.00554938
0.00723552
0.00788505
0.00912574
0.0050429
0.00574796
0.00369047
0.00429009
0.00785178
0.00764198
0.00765641
0.00643503
0.00414631
0.00557034
0.00523953
0.0073967
0.019936
0.00479362
0.00618464
0.00576186
0.00550523
0.00579497
0.00734275
0.00472307
0.00723025
0.00643643
0.00760472
0.00396586
0.00633057
0.00547715
0.00512425
0.00497718
0.00647405
0.012809
0.0100463
0.00692893
0.0062673
0.00617909
0.00656862
0.00560039
0.00813747
0.00540215
0.00529334
0.00497814
0.00709788
0.00496553
0.00806593
0.00664958
0.00654999
0.00530323
0.00800889
0.00982979
0.00662003
0.0124131
0.00516257
0.00521677
0.00766773
0.00646849
0.00466841
0.00655886
0.00574026
0.00504801
0.00585286
0.00701954
0.00888447
0.00983523
0.00530116
0.00584694
0.00361976
0.0100548
0.00762652
0.00740347
0.0100289
0.00497978
0.00462161
0.00898859
0.00601092
0.00897494
0.00501122
0.00510738
0.00534368
0.00643814
0.00509302
0.00494071
0.00706276
0.00978543
0.00729391
0.00646738
0.00621062
0.00376869
0.00575265
0.00483501
0.00701823
0.00533918
0.004431
0.0067819
0.00454053
0.00666885
0.00777088
0.00580094
0.00649364
0.00368265
0.0052148
0.00667013
0.00483762
0.00524056
0.00869237
0.00682853
0.00596174
0.0111027
0.00682797
0.0235519
0.00473501
0.00932833
0.00565388
0.0067019
0.0094986
0.00720477
0.00702676
0.0063269
0.00649932
0.005943
0.056186
0.0224234
0.00717967
0.00669445
0.00620033
0.00643543
0.00732703
0.00658713
0.00476391
0.00572651
0.00954959
0.00498302
0.00601871
0.00799191
0.00739547
0.00709179
0.00595443
0.00943431
0.00774771
0.00635646
0.00465186
0.00667639
0.00747811
0.00839755
0.00772943
0.00881034
0.00556454
0.00659957
0.00692921
0.00674163
0.013128
0.00672172
0.00713624
0.00584862
0.00868731
0.00531755
0.00548592
0.00548657
0.00660478
0.00842214
0.00622559
0.00677141
0.00428849
0.0069354
0.00601038
0.00592517
0.00857154
0.005359
0.00608486
0.00858482
0.00590447
0.00495191
0.00770303
0.00469219
0.00586075
0.0045479
0.00749229
0.00692888
0.00516459
0.00818175
0.00596803
0.00562755
0.00683379
0.0048943
0.00460635
0.0115007
0.00557789
0.00687365
0.00893044
0.00893806
0.00610015
0.00690952
0.00857052
0.00584759
0.0045489
0.00722003
0.00635017
0.00741614
0.00617446
0.00527454
0.00687292
0.00612945
0.00582884
0.00816025
0.00923771
0.00558164
0.00696209
0.00507438
0.00480506
0.00557978
0.00715205
0.00462331
0.00515104
0.00603481
0.00617708
0.00744409
0.00640843
0.00812741
0.00655435
0.0073656
0.00452037
0.00389634
0.00550221
0.0102817
0.0063142
0.00854243
0.00539207
0.006588
0.00746734
0.00831152
0.00570192
0.00666822
0.00727506
0.00743957
0.00800404
0.00524143
0.00872314
0.00568147
0.00673201
0.00841028
0.00484756
0.00532161
0.00697067
0.00574349
0.00859466
0.00391117
0.0068592
0.0104002
0.00580369
0.0083585
0.00858386
0.00731161
0.0173474
0.00616754
0.00596317
0.00643708
0.00642953
0.00438995
0.00482303
0.00585705
0.00918955
0.00643048
0.0113025
0.00591906
0.00967414
0.013313
0.00875786
0.0051778
0.0095898
0.0084069
0.00540796
0.00548568
0.006965
0.00790057
0.00822931
0.00620804
0.00851248
0.00512866
0.00668875
0.00662092
0.0035039
0.00668431
0.00547629
0.00635576
0.00880958
0.00964285
0.0055543
0.0394987
0.00582534
0.00647922
0.0064687
0.00768298
0.00911924
0.00640068
0.00668931
0.00772234
0.00447338
0.00681952
0.00422967
0.0066092
0.00382479
0.00869944
0.00486287
0.00462102
0.00644299
0.00808617
0.0058477
0.0041295
0.00544261
0.00560366
0.0104127
0.0139256
0.00553699
0.00541548
0.00879081
0.005128
0.00692519
0.0079723
0.00863468
0.00548804
0.00448671
0.00716173
0.00623469
0.00858968
0.00664924
0.00833803
0.00506202
0.00645438
0.00663882
0.00648743
0.00739313
0.0063824
0.00625149
0.0066365
0.00746219
0.00986432
0.00596336
0.00522969
0.00552738
0.00578292
0.00733664
0.0073393
0.00979318
0.00768697
0.0081381
0.00673515
0.00621666
0.00404062
0.00824955
0.00416942
0.00385898
0.00729368
0.0058227
0.00583676
0.00754582
0.00889745
0.00602197
0.00737529
0.00637228
0.00728121
0.0075217
0.00599388
0.00542672
0.00539393
0.00561888
0.00602902
