-0.12826
-0.0863668
-0.0719498
-0.0965406
-0.0841063
-0.106778
-0.0590381
-0.0835125
-0.0987137
-0.0399412
-0.0710849
-0.0733484
-0.145558
-0.0877163
-0.00654047
-0.156924
-0.026684
-0.140973
-0.0282122
-0.0747256
-0.0755173
-0.080238
-0.126182
0.0210167
-0.00849849
-0.129061
-0.0194778
-0.0452448
-0.0956455
-0.0644461
-0.0376105
-0.101855
-0.0233201
-0.0215048
-0.0123278
-0.0988017
-0.0385654
-0.103168
-0.0335183
-0.107912
-0.0140109
-0.0634052
-0.0704069
-0.0650102
-0.0735953
-0.116862
-0.0683654
-0.0914668
-0.146555
-0.0531491
-0.0189655
-0.0377474
-0.0753737
-0.0919789
-0.115603
-0.0280186
-0.101404
-0.037645
-0.0632393
-0.0228416
-0.0696077
-0.0440739
-0.0342877
-0.0780166
-0.0710285
-0.07274
-0.079109
-0.0582138
-0.0328115
-0.0664807
-0.0426723
-0.038181
-0.0550621
-0.0325239
-0.10004
-0.00243712
-0.0376963
-0.157431
-0.0365561
-0.0730699
-0.0448002
-0.144752
-0.120233
-0.0732535
-0.065676
0.0063449
-0.101614
-0.112456
-0.175723
-0.162602
-0.0553038
-0.149179
-0.0622548
-0.0263329
-0.101518
-0.139891
-0.00688644
-0.0345104
-0.0390556
-0.0238726
-0.0736623
-0.0171068
-0.0902206
-0.0844437
-0.0593002
-0.0312104
-0.0957928
-0.140567
-0.151798
-0.0388517
-0.119331
-0.0803325
-0.0687096
-0.0607225
-0.0525477
-0.0278855
-0.0532229
-0.00878475
-0.101365
-0.0736833
-0.0682967
-0.0449827
-0.00158674
-0.0977998
0.00226231
-0.095517
-0.035321
-0.101206
-0.13452
-0.0504442
-0.0864937
-0.0677487
-0.129312
-0.121732
-0.0797413
-0.0729787
0.00591505
-0.116804
-0.0980008
-0.0467571
-0.0162584
-0.106023
-0.0565192
-0.0947516
-0.110874
-0.15358
-0.0791494
-0.0142954
-0.00306224
-0.0376285
-0.028338
-0.0698778
-0.0619618
-0.121394
-0.0524938
-0.120068
-0.0516524
-0.115739
0.00436466
-0.079979
-0.0620081
-0.0623446
-0.0469486
-0.0319151
-0.0544834
-0.0546258
-0.027306
-0.0613904
-0.00221707
-0.0752141
-0.113102
-0.0620571
-0.0290437
-0.111476
-0.0278859
-0.0406361
-0.0275039
-0.0433158
-0.112518
-0.0491254
-0.0257954
-0.124139
-0.0483915
-0.00610512
-0.0771745
-0.0326907
-0.0349226
-0.101186
-0.108665
-0.0852353
-0.0659471
-0.101194
-0.0719463
-0.0880677
-0.0452729
-0.0916702
-0.0693858
-0.111776
-0.148385
0.00170426
-0.0372173
-0.0893379
-0.0576113
-0.068819
-0.0760255
-0.11391
-0.0910039
-0.00305999
-0.115702
-0.105713
-0.0462131
-0.0787137
-0.00204572
-0.117458
-0.0720774
-0.0499531
-0.0707141
-0.0233667
-0.0443136
-0.0972076
0.0232497
-0.0701946
-0.0775993
-0.0490464
-0.0589008
-0.0772174
-0.0689289
-0.014018
-0.0507837
-0.100897
-0.0239006
-0.101014
-0.113775
-0.0413841
-0.110049
-0.0371603
-0.134862
-0.0914407
0.0451301
-0.0366755
-0.111357
-0.156944
-0.0525266
-0.0548287
-0.103724
-0.049065
-0.0978544
-0.0677736
-0.0717472
-0.00187597
-0.0357776
-0.0892205
-0.0203052
-0.029723
-0.100313
-0.0781305
-0.0847464
-0.096161
-0.194428
-0.117888
-0.139686
-0.0593183
-0.109524
-0.0678491
-0.0942189
-0.135325
-0.05427
-0.12665
0.0057313
-0.0280045
-0.101676
-0.118782
-0.0845948
-0.0394652
-0.0697508
-0.0241414
-0.0850663
-0.0216578
-0.0622349
-0.0956365
-0.0468386
-0.110423
-0.0323061
-0.0747281
-0.0786712
-0.0302913
-0.0795204
-0.079891
-0.0490853
-0.144941
-0.0925433
-0.056141
-0.0751775
-0.0689468
-0.0525169
-0.164716
-0.13334
-0.0754176
-0.0785218
-0.11197
-0.0933664
-0.0987921
-0.0743579
-0.0661898
-0.0265352
-0.0733931
-0.0841863
-0.0549889
-0.0786368
-0.0099164
-0.175441
-0.0600914
-0.0329019
-0.13097
-0.0399081
-0.161643
-0.0819907
-0.113877
-0.0178001
-0.0785079
-0.0564813
-0.049424
-0.0518985
-0.154254
-0.0824676
-0.0897686
-0.104498
-0.00729726
-0.153052
-0.0381935
-0.03587
-0.0729677
-0.0597097
-0.096157
-0.0333322
-0.0534445
-0.0994266
-0.0682175
-0.0894558
-0.0614324
-0.059034
-0.0777916
-0.0392696
-0.058346
-0.0721723
-0.0235841
-0.0801824
-0.0895597
-0.125264
-0.0804968
-0.10053
-0.0348059
-0.0626195
-0.0145795
-0.0737754
0.0356012
-0.0908946
-0.101327
-0.0198786
-0.0220661
-0.0437911
-0.0936165
-0.141809
-0.0209645
-0.0985079
-0.080709
-0.0313638
-0.053471
-0.101518
-0.0488314
-0.076389
-0.0686587
-0.0462683
-0.0535559
-0.0797345
-0.0665052
-0.0854229
-0.0725708
-0.0494915
-0.0507825
-0.115487
0.000220051
-0.0891796
-0.0629731
-0.0660153
-0.0278349
-0.0761589
-0.123787
-0.00648483
-0.10991
0.0248249
-0.0788608
-0.103278
-0.113716
-0.0882906
0.0388233
-0.0360637
-0.0515666
-0.0748212
-0.032838
-0.0947881
-0.0802913
-0.138704
-0.0246049
-0.0567918
-0.0672113
-0.11695
-0.0525604
-0.0573574
-0.0271326
-0.0990922
-0.0472758
-0.0359366
-0.0198937
-0.00182413
-0.125085
-0.112997
-0.162462
-0.139279
-0.0557847
-0.0140223
-0.0301712
-0.0857417
-0.0447418
-0.128256
-0.0918723
-0.0343075
-0.098852
-0.0729819
-0.0127803
-0.0360735
-0.108372
-0.0822228
-0.0544193
-0.05677
-0.0595679
-0.0500953
-0.0612027
-0.0833039
-0.0880743
-0.0204082
-0.100437
-0.0568818
-0.105206
-0.0383159
-0.0203425
-0.115126
-0.0699157
-0.112324
-0.175791
-0.0358225
-0.076503
-0.169508
-0.0545818
-0.180462
-0.0915705
-0.106307
-0.0801243
-0.0403513
-0.0463387
-0.1675
-0.0485757
-0.0896253
-0.136695
-0.0627415
-0.109403
-0.00836009
-0.0534058
-0.0694298
-0.068851
-0.10565
-0.0545779
-0.115403
-0.0662764
-0.097213
-0.0404143
-0.058823
-0.0980879
-0.0425206
-0.0652992
-0.118199
-0.125857
-0.0710897
-0.04974
-0.120677
-0.102788
-0.0765399
-0.0554695
-0.0164862
-0.0350813
-0.0356735
-0.0419109
-0.106566
-0.0589791
-0.0468182
-0.00617027
-0.0534163
-0.108042
-0.0856406
-0.02409
-0.124253
-0.0537751
-0.0698005
-0.0436313
-0.0749092
-0.0380237
-0.0879626
-0.0945219
-0.100278
-0.00871084
-0.0241777
-0.109866
-0.0704222
-0.0748335
-0.0642466
-0.0995289
-0.124597
-0.0698081
-0.135952
-0.0745267
-0.070221
-0.157793
-0.0737089
-0.0855763
-0.0237943
-0.0869989
-0.0241306
-0.0720181
-0.106331
-0.147224
-0.0897462
-0.0695574
-0.10035
-0.0837718
0.0107595
-0.0563252
-0.0420786
-0.0897677
-0.0709314
-0.0290336
-0.0763156
-0.113989
-0.0379852
-0.125532
-0.0711647
-0.0698065
-0.034089
-0.0627254
-0.10528
-0.0373331
-0.0331128
-0.0047418
-0.146243
-0.00995216
-0.0267361
-0.0419118
-0.0662076
-0.0433876
-0.0841124
-0.0747992
-0.0633883
-0.00782198
-0.099827
-0.038561
-0.0247367
-0.13846
-0.0924549
-0.100048
-0.0756975
-0.0808208
-0.0512635
-0.0755232
-0.0602642
-0.0808864
-0.0392944
-0.0200442
-0.0804769
-0.0777883
-0.0863775
-0.0341252
-0.0746573
-0.0650564
-0.0855284
-0.0814455
-0.0622011
-0.077085
-0.0373837
-0.054787
-0.0302333
-0.0351527
-0.00856366
0.00786779
-0.0372687
-0.119383
-0.126436
-0.0896478
-0.0598249
-0.0217557
-0.0436492
-0.085931
-0.0297362
-0.11468
-0.0105932
-0.0801816
-0.0835615
-0.0602898
-0.0108833
-0.0432411
-0.0915186
-0.0597743
-0.0643629
-0.0552938
-0.0646459
0.0219803
-0.0353582
-0.115898
-0.0577945
-0.083034
-0.0583992
-0.0320951
-0.0418381
-0.026311
-0.0719512
-0.0570153
-0.0814488
-0.0612499
-0.105486
-0.0786071
0.0076492
-0.00836731
0.000354959
-0.0581488
-0.0222959
-0.0980267
-0.0527798
-0.0799727
-0.104276
-0.0511834
-0.090304
-0.0711358
-0.0312757
-0.0886498
-0.0600962
-0.0448291
-0.027547
-0.0439408
-0.0858143
-0.062736
-0.101017
-0.030423
-0.0502859
-0.0451976
-0.0464978
-0.0127623
-0.0189796
-0.0996747
-0.0129767
-0.0807964
-0.071722
-0.0639501
-0.0359282
-0.0648038
-0.0853036
-0.0917246
-0.0492734
-0.0822275
-0.0159453
-0.0843581
-0.0621023
-0.0688187
-0.123934
-0.0603499
-0.0317208
-0.0435442
-0.0510665
-0.0212528
-0.0697801
-0.13519
-0.0547949
-0.0299954
-0.107741
-0.0210005
-0.0597371
-0.073459
-0.0879477
-0.155806
-0.0297111
-0.0858108
-0.0463634
-0.0522931
-0.0904957
-0.0677182
-0.0710067
-0.0334662
-0.076767
-0.0125381
-0.0457898
-0.0471641
-0.0226599
-0.0748811
-0.049084
-0.121479
-0.0943377
-0.0686582
-0.0876793
-0.103357
-0.0946338
-0.0424194
0.00358242
-0.0601653
-0.0686267
-0.0803339
-0.0893838
-0.113968
-0.0754847
-0.0236375
-0.118204
-0.154646
-0.0393969
-0.0437665
-0.0236197
-0.0911173
-0.120722
-0.0379031
0.00307204
-0.033338
-0.0918308
-0.0534659
-0.0598669
-0.104114
-0.107585
-0.128162
-0.0548898
-0.0764617
-0.0705032
-0.112431
-0.114162
-0.0202903
-0.112332
-0.138329
-0.0512471
-0.071495
-0.0974302
-0.0878714
-0.024101
-0.04518
-0.0587257
-0.0550432
-0.092494
-0.070318
-0.109354
0.000821218
-0.0651705
-0.0953732
-0.104519
-0.0591242
-0.0300825
-0.116329
-0.031798
-0.0814801
-0.141101
0.0269139
-0.00191591
-0.0927194
-0.0464173
-0.150084
-0.150826
-0.0356641
-0.0216948
-0.0374117
-0.0236083
-0.0769974
-0.025425
-0.0408888
-0.145371
-0.0746889
-0.0555736
-0.0188601
-0.0393212
-0.059647
-0.0743914
-0.0677906
-0.0502563
-0.146186
-0.0608265
-0.033001
-0.0722378
-0.0312703
-0.120676
-0.110347
-0.0821651
-0.0237881
-0.00820857
-0.136755
-0.157752
-0.0737262
-0.0280379
-0.12253
-0.0259839
-0.0744656
-0.044896
-0.0427281
-0.0492089
-0.131927
-0.0660223
-0.127075
-0.0932617
-0.120365
-0.0613825
-0.125291
-0.0234516
-0.0635659
-0.0894676
-0.0737824
-0.113239
-0.096534
-0.0766417
-0.0790904
-0.0511193
-0.103195
-0.135215
-0.0311469
-0.0317131
-0.0424606
-0.115273
-0.0485815
-0.0560417
-0.119529
-0.112064
-0.107346
-0.0814249
-0.0773364
0.00662042
-0.113986
-0.0472929
-0.0524385
-0.0429346
-0.117021
-0.0852425
-0.0322441
-0.0228322
-0.0196095
-0.0556432
-0.0906583
-0.0294112
-0.0413229
-0.0206237
-0.0773312
-0.0166621
-0.121424
-0.0335058
-0.0505926
-0.0569378
-0.0793684
-0.146703
-0.105993
-0.0058203
0.0240551
-0.113391
-0.0596698
-0.0539918
-0.0383359
-0.0245972
-0.0964038
-0.137821
-0.096644
-0.0808609
-0.0467548
-0.15622
-0.0489637
-0.117354
-0.110093
-0.0930886
-0.0463822
-0.0429945
-0.12368
-0.0858265
-0.0720391
-0.0400945
-0.0407819
-0.0690761
-0.0775992
0.0267968
0.0848354
-0.0831185
-0.0695002
-0.0456591
-0.103519
-0.0117284
-0.0960542
-0.0852341
-0.0658763
-0.0662364
-0.0209824
0.00816741
-0.0291565
-0.0679944
-0.0952144
-0.046658
-0.121732
-0.0300287
0.0364829
-0.142104
-0.0475595
-0.0243876
-0.0343356
-0.0495046
-0.0281389
0.00376934
-0.0111361
-0.0773044
-0.10613
-0.0535589
-0.150998
-0.0736827
-0.0634363
-0.131366
-0.0542322
-0.0071767
-0.0966735
-0.0583842
-0.00853584
-0.0405802
-0.0619339
-0.066103
-0.0823447
-0.0796049
-0.0891028
-0.0528743
-0.0753868
-0.0600781
-0.0872648
-0.0671076
-0.0955412
-0.0498042
-0.0587674
-0.177369
-0.0445789
-0.127775
-0.116146
-0.0459895
-0.0602343
-0.0753416
-0.0643898
-0.0560884
-0.0936994
-0.124912
-0.103844
-0.058458
-0.0953092
-0.0595618
-0.0507579
-0.0118101
-0.0810895
0.0184681
-0.023881
-0.0916718
-0.107374
-0.0428365
-0.0993931
-0.00278868
-0.0980852
-0.0959343
-0.0752125
-0.000656362
0.027278
-0.105517
-0.029645
-0.0597858
-0.0444575
-0.076443
-0.0748857
-0.0425212
-0.0827381
-0.135183
-0.0942784
-0.0581721
-0.0379594
-0.0703017
-0.0393013
-0.057069
-0.0566377
-0.0357925
-0.106146
-0.0461398
-0.107564
-0.116802
-0.0189722
-0.116617
-0.0753116
-0.0720076
-0.0602835
-0.0770078
-0.0420383
-0.0553309
-0.0650422
-0.0439953
-0.112
-0.0869364
-0.100892
-0.0825574
-0.0823421
-0.0848225
-0.118845
-0.145101
-0.0237465
-0.0462569
-0.0344377
-0.118299
-0.0695622
-0.153172
-0.110887
-0.0639168
-0.0236077
-0.0795391
-0.0110855
-0.0191885
-0.0321247
-0.0967321
-0.0300408
-0.0983869
-0.0331225
-0.0489856
-0.0174291
-0.0183536
-0.0697985
-0.0656517
-0.10426
-0.0141385
-0.00382192
-0.0630184
-0.0601851
-0.0336555
-0.0881479
-0.0288232
-0.0525047
-0.0640975
-0.131918
-0.0467314
-0.0948802
-0.0899625
-0.0395648
-0.0241564
-0.085408
-0.00947211
-0.0436164
-0.0632069
0.00927577
-0.0643121
-0.0782088
-0.104789
-0.0811545
-0.0404366
-0.157818
-0.0970462
-0.0887554
-0.0486001
-0.0252969
-0.114891
-0.0922519
-0.0844026
-0.0388944
-0.0567866
-0.11954
-0.143576
-0.0480478
-0.0677567
-0.00603607
-0.0615791
-0.09138
-0.083718
-0.0464047
-0.0280352
-0.0229441
-0.00239067
-0.108222
-0.0321646
-0.0998099
-0.0827397
-0.0808193
-0.0339387
-0.0380685
-0.0436393
-0.085275
-0.0520637
-0.0596833
-0.0482721
-0.0350944
-0.00112202
-0.0733083
-0.0808087
-0.0582217
-0.0357615
-0.0482235
-0.0498654
-0.104815
-0.0811771
-0.0652365
-0.0172999
-0.0434803
-0.0903544
-0.0467001
-0.11128
0.0378358
-0.0255935
-0.207389
-0.0343376
-0.0916623
-0.113233
-0.0775827
-0.0861444
-0.0831538
-0.0594644
-0.0872045
-0.0668503
-0.0551552
0.0329451
0.00597497
-0.0544072
-0.0343571
-0.0313648
-0.0613481
-0.0783385
-0.0370932
-0.041817
-0.0202554
-0.0363667
-0.067844
-0.119985
-0.0607048
-0.0807835
-0.0151758
-0.0626476
-0.0189403
-0.05641
-0.126981
-0.0657903
-0.0343776
-0.0611428
-0.0582676
-0.0216308
-0.0874421
-0.0548481
-0.0308758
-0.063763
-0.126445
-0.0473605
-0.0430651
-0.0118174
-0.0544925
-0.0295848
-0.0352125
-0.0504903
-0.0612174
-0.0696654
-0.0414699
-0.0850779
-0.100368
-0.0340244
0.00766223
0.0283531
-0.0236185
-0.035608
-0.0424342
-0.0858021
-0.0467352
-0.0929413
-0.0598731
-0.0942993
-0.118043
-0.0573452
-0.0381038
-0.0948158
-0.123087
-0.120745
-0.0560278
-0.0825981
-0.090987
-0.207146
-0.136095
-0.0838495
-0.0399438
-0.0300309
-0.074206
-0.0606732
-0.0845653
-0.124979
-0.0716226
-0.0813381
-0.084506
-0.192977
-0.0784276
-0.058826
-0.015469
-0.0865844
-0.0959422
-0.00554319
-0.148464
-0.105972
-0.0670369
-0.102153
-0.0664742
-0.0242215
-0.126484
-0.0704248
-0.10078
-0.072278
-0.0463824
-0.0613364
-0.116783
-0.0444103
-0.170819
-0.0828661
-0.060469
-0.0789849
-0.0566233
-0.0891139
-0.0453317
-0.205994
-0.0422067
-0.0932075
-0.0704232
-0.113794
-0.0414988
-0.0955232
-0.0407328
-0.0894614
-0.0472408
-0.00621163
-0.0426322
-0.0314322
-0.245636
-0.0396269
-0.0719902
-0.06961
-0.119764
-0.0669781
-0.0681565
0.00973536
0.0234205
-0.0305011
-0.0539032
-0.0914312
-0.0467236
-0.08482
-0.0734793
-0.0551451
-0.0779883
-0.0594584
-0.0447562
-0.0511808
-0.0926227
-0.0479486
-0.0553236
-0.0764112
-0.0133491
-0.0880657
-0.0308182
-0.0953081
-0.12371
-0.0326304
-0.0746218
-0.105263
-0.0608773
-0.119559
-0.0220818
-0.151544
-0.107913
-0.056658
-0.02264
-0.117335
-0.0484028
-0.061227
-0.22785
-0.0932589
-0.0672959
-0.0161013
-0.0551385
-0.0198052
-0.155056
-0.110169
-0.0291082
-0.0363684
-0.0389285
-0.0819906
-0.137833
-0.0820374
-0.081447
-0.0239465
-0.0792243
-0.0643357
-0.0561469
-0.084891
-0.0285396
-0.0894685
-0.0205761
-0.0704179
-0.0802076
-0.0537879
-0.00618642
-0.0952139
-0.0820603
0.018558
-0.0184483
-0.0498806
-0.0628113
-0.0292618
-0.0750718
-0.0759808
-0.0791633
-0.01852
-0.117545
-0.047678
-0.0838348
-0.040211
-0.150278
-0.00975493
-0.0737638
-0.0251033
-0.09638
-0.065595
-0.0234012
-0.0389332
-0.127474
-0.114469
-0.0725341
-0.0699446
-0.0943668
-0.0707171
-0.10623
-0.113494
-0.063218
-0.111599
-0.0299496
-0.0539714
-0.0118895
-0.0457537
-0.0891869
-0.069022
-0.034764
-0.0271402
-0.0617291
-0.0371252
-0.0689273
-0.0972428
-0.00282099
-0.0462584
-0.0780053
-0.0979909
-0.0241725
-0.097523
-0.0713269
-0.105721
-0.0453235
-0.104349
-0.0467965
-0.0523261
-0.0163801
-0.174236
-0.0621103
-0.0121675
-0.0300794
-0.0607708
-0.0853639
-0.0806885
-0.00485523
0.00679044
-0.0588948
-0.0137396
-0.078535
-0.0524666
-0.0611427
-0.00504683
-0.0443174
-0.0446829
-0.0861101
-0.0716479
-0.041961
-0.0358481
-0.132835
-0.0387615
-0.049231
-0.056401
-0.0854734
-0.0738308
-0.0273358
-0.0669686
-0.073634
-0.0572433
-0.0486989
0.00721883
-0.160085
-0.106322
-0.0218313
-0.0194109
-0.0794557
-0.0861812
-0.0106254
-0.0906686
-0.0397856
-0.146537
-0.0913154
-0.148382
-0.0703688
-0.108145
-0.0851104
-0.0577442
-0.0656077
-0.114174
-0.0280173
-0.117447
-0.094215
-0.0253322
-0.0681211
-0.0951132
-0.0493624
-0.0999637
-0.119583
-0.0757781
-0.064397
-0.173494
-0.072956
-0.131898
-0.054504
-0.085841
-0.026179
-0.0532479
-0.143011
-0.0964506
-0.0411076
-0.0564519
-0.104576
-0.0737944
-0.0414483
0.00563287
-0.0472762
-0.150322
-0.07861
-0.0145287
-0.101367
-0.11084
-0.0738747
-0.066024
-0.0028258
-0.0812142
-0.0982502
-0.105524
-0.0323933
-0.132334
-0.134723
-0.141222
-0.119662
-0.0249993
-0.0805485
-0.0221155
-0.054487
-0.0911035
-0.0434273
-0.0560185
-0.0947775
-0.0213904
-0.104485
-0.118211
-0.0875696
-0.143592
-0.0436906
-0.0906812
-0.0742874
-0.0835969
-0.0285915
-0.0565295
-0.00458366
-0.0622927
-0.0234873
-0.0773712
-0.0548766
-0.040779
-0.0479837
-0.102785
-0.020173
-0.0807793
-0.00979351
-0.0155935
-0.0409041
-0.04032
-0.0162432
-0.1077
-0.119452
-0.0056254
-0.00824183
-0.0623286
-0.0800935
-0.10005
-0.0643975
-0.097054
-0.0940817
-0.0831868
-0.0840601
-0.144432
-0.00388914
-0.0813696
-0.0637708
-0.0297987
-0.0652858
0.0152567
-0.0748818
-0.0666193
-0.0669033
-0.0730946
-0.0384339
-0.0913282
-0.0497926
-0.0681292
-0.0211473
-0.0883916
-0.0678259
-0.0372178
-0.0594574
-0.125244
-0.0457177
-0.0855075
-0.0307831
-0.093138
-0.0559715
-0.0839503
-0.0652749
-0.046377
-0.0911798
-0.133081
-0.079068
-0.108651
-0.0470968
-0.0660802
-0.082772
-0.0758024
-0.0367422
-0.0784111
-0.0471069
-0.0588828
-0.108288
-0.0556763
0.0234624
-0.0638077
-0.050111
-0.00925073
-0.112858
-0.0407608
-0.113562
-0.0456704
-0.146599
-0.0991778
-0.0890611
-0.0961523
-0.0723467
-0.0817127
-0.0436547
-0.0547856
-0.0430479
-0.0764145
-0.0611178
-0.0869783
-0.0624863
-0.0719847
-0.0859882
-0.108677
-0.0746968
-0.0109978
-0.0571627
-0.0329781
-0.146217
-0.0507472
-0.139026
-0.0856874
-0.0747983
-0.0191531
-0.110483
-0.0571502
-0.0879625
-0.109062
-0.089195
-0.0512426
-0.0463369
-0.0319073
-0.0736095
-0.146892
-0.0668238
-0.024946
-0.105097
-0.0166618
-0.0662925
-0.0251345
-0.124018
-0.0631644
-0.0380228
-0.0557005
-0.0637951
-0.0815232
-0.117816
-0.0731709
-0.114254
-0.114537
-0.0443797
-0.106439
-0.0412772
-0.0518343
-0.0758586
-0.0969157
-0.135376
-0.201427
-0.0394146
-0.0280376
-0.0322271
-0.0769297
-0.0497696
-0.137478
-0.0704449
-0.0359599
-0.0436673
-0.0768657
-0.0383556
-0.0339831
-0.0798319
-0.0764864
-0.0616261
-0.0497762
-0.0698158
-0.0330369
-0.0411211
-0.0439157
-0.0536444
-0.0350518
-0.029678
-0.0204024
-0.070513
-0.0216385
-0.0754871
-0.078113
-0.0378553
-0.0435101
-0.0587589
-0.123022
-0.11826
-0.052898
-0.0192631
-0.058242
-0.0989283
-0.0591999
-0.0172424
-0.0487073
-0.0436924
-0.0457271
-0.0794001
-0.0501648
-0.134863
-0.0376651
-0.0833476
-0.108116
-0.113305
-0.0970942
-0.10708
-0.0431115
-0.145543
-0.0353152
-0.122563
-0.115764
-0.0399612
-0.0633876
-0.0289573
-0.10461
-0.0856581
0.00569683
-0.0581934
-0.0841897
-0.132226
-0.100966
-0.0556024
-0.0536727
-0.0644164
-0.0747491
-0.0287932
-0.0147794
-0.0718733
-0.090112
-0.0456055
-0.124966
-0.100834
0.0147344
-0.0438906
-0.0558295
-0.139433
-0.0464718
-0.0987948
-0.108239
-0.0644944
-0.0686586
-0.0655847
-0.240502
-0.112372
-0.0885974
-0.073107
-0.0145764
-0.07798
-0.0715038
-0.0206251
-0.0749936
-0.0461012
-0.072831
-0.0328705
-0.0167549
-0.00510985
-0.0431563
-0.0675103
-0.0398441
-0.106229
-0.109249
-0.0558515
-0.0784237
-0.0689799
-0.0476338
-0.0533199
-0.0645846
-0.0639751
-0.102315
-0.039396
-0.0417813
-0.0220458
-0.0390015
-0.0393085
-0.0421555
-0.0579867
0.00641782
-0.0802606
-0.0499509
-0.0756456
-0.0517638
-0.0795264
-0.0713887
-0.0547771
-0.058846
-0.0676494
-0.0484852
-0.0892186
-0.121568
-0.0982133
-0.0694169
0.0186612
-0.0378268
-0.0234984
0.0169029
-0.133071
-0.0953018
-0.134524
-0.0415007
-0.0879344
-0.0639371
-0.127005
-0.0497652
-0.0584236
-0.0931182
-0.0442075
-0.0336716
-0.0293206
-0.0436207
-0.0346795
0.0065452
-0.130848
-0.0427466
-0.068953
-0.0255834
-0.0573636
-0.0678863
-0.103993
-0.0340062
-0.184044
-0.0280089
-0.0176951
-0.0940369
-0.105467
-0.0652799
-0.0753289
-0.0933806
-0.0610096
-0.113015
-0.0316689
-0.0409014
-0.0809015
-0.0650974
-0.0646329
-0.0562856
-0.092711
-0.112946
0.00841561
-0.0404938
0.0117018
-0.110588
-0.0537244
-0.0464523
-0.100564
-0.0575147
-0.0535757
-0.0210541
-0.0736307
0.0394347
0.00156384
-0.0390157
-0.14249
-0.085389
-0.149884
-0.0504871
-0.077532
-0.077328
-0.105487
-0.0782733
-0.070325
-0.0741093
-0.074793
-0.0882647
-0.0297265
-0.0759359
-0.1254
-0.0608263
-0.0349578
-0.00954229
-0.0736737
-0.091295
-0.0621806
-0.0551454
-0.121082
-0.0940858
-0.0763119
-0.086366
-0.0741569
-0.037722
0.00656624
-0.110071
-0.0514452
-0.0457707
-0.0769232
-0.0723767
-0.030909
-0.0741582
-0.135603
-0.0244718
-0.0466754
-0.0624824
-0.0808574
-0.0591196
-0.0956541
-0.0779428
-0.141902
-0.0498421
-0.039151
0.0110407
-0.0814784
-0.0792615
-0.0716461
-0.0736732
-0.0598899
-0.113295
-0.107518
-0.040178
-0.0906892
-0.125979
-0.0292132
-0.0659338
-0.081761
-0.0446525
-0.0429102
-0.0615565
-0.0192141
-0.0826315
-0.0466389
-0.144565
-0.018531
-0.0690329
-0.0987075
-0.101194
-0.000230545
-0.00666842
-0.0504437
-0.0619559
-0.0958548
-0.135099
-0.0573119
-0.0313294
-0.0488586
-0.0378549
-0.0489115
-0.0618718
-0.0549324
0.0204275
-0.0426977
0.0153638
-0.0747135
-0.0428661
-0.154197
-0.0338751
-0.0955331
-0.0505902
-0.0800204
-0.0836723
-0.075036
-0.0610982
-0.0406335
0.0151495
-0.0471326
-0.0916095
-0.0658988
-0.102887
-0.0835707
-0.0705698
-0.0415286
-0.00681853
-0.0699564
-0.111444
-0.0606516
-0.0378215
-0.0718468
-0.0496208
-0.0767277
-0.0149729
-0.000718666
-0.0704622
-0.137254
-0.0828011
-0.0863675
-0.004791
-0.0805387
-0.158721
-0.0806505
-0.10695
-0.0510794
-0.072558
-0.0151132
-0.0854156
-0.0867304
-0.0474765
-0.0816001
-0.0823109
-0.00291873
-0.12316
-0.0130368
-0.0638054
-0.0497787
-0.0631476
-0.136968
-0.129974
-0.137891
-0.0941016
-0.12372
-0.0751913
-0.0242064
-0.00739809
-0.061878
0.00306163
-0.0763484
-0.105934
-0.0417998
-0.0416441
-0.0419228
-0.0837955
-0.101295
-0.0965031
-0.0355999
-0.108665
-0.116296
-0.164779
-0.0886723
-0.0938249
-0.0560182
-0.0319027
-0.0883728
-0.0476342
-0.130288
-0.0128615
-0.0326688
-0.131654
-0.0547542
-0.0880627
-0.0566113
-0.0527574
-0.0968087
-0.00703435
-0.0574402
-0.0512861
-0.0454323
-0.0272325
-0.142714
-0.051027
-0.112774
-0.153696
-0.0373441
-0.177735
-0.0709233
-0.0418502
-0.0682418
-0.111
-0.0408288
-0.101531
-0.0915364
-0.125635
-0.0644785
-0.0769342
-0.0959934
-0.0437204
-0.1245
-0.0627689
-0.10785
-0.125371
-0.102302
-0.00336407
-0.102837
-0.0342596
-0.0433422
-0.0363199
-0.132988
-0.0105589
-0.10681
-0.123763
-0.0130904
-0.0715169
-0.0935043
-0.101603
0.00511993
-0.0370726
-0.0243212
-0.109042
-0.114003
-0.082494
-0.0751296
-0.0680547
-0.0779442
-0.0693785
-0.0146464
-0.104927
-0.0230884
-0.103895
-0.0704823
-0.0293194
-0.117298
-0.0891588
-0.0807307
-0.0942357
-0.0491988
-0.0924777
-0.0556421
-0.0370935
-0.0422993
