0.0099396
0.00943395
0.0104533
0.0127328
0.0136763
0.0147702
0.00851144
0.0120498
0.00853675
0.00899997
0.0114528
0.00992836
0.0157274
0.0135283
0.00823354
0.0169112
0.00924522
0.0165612
0.00770591
0.0126007
0.0147504
0.00628258
0.0194336
0.0020263
0.00839141
0.0166917
0.00700814
0.00653614
0.0145541
0.0121345
0.00861833
0.0177449
0.0101307
0.0128626
0.0143062
0.0133796
0.012144
0.0180106
0.0133936
0.0126437
0.00939608
0.0115293
0.0137494
0.00676989
0.0101891
0.0139751
0.00945139
0.0127135
0.0178319
0.00989432
0.00977046
0.00735065
0.0149624
0.0111505
0.0171162
0.0163435
0.0180866
0.0108491
0.0108718
0.0127688
0.00823499
0.00732375
0.0108182
0.0108248
0.0116139
0.0113408
0.0116802
0.0105498
0.0152213
0.0139845
0.00756179
0.0104519
0.00737072
0.0108297
0.012164
0.00797937
0.0097322
0.0194195
0.00897228
0.00930519
0.00873455
0.0184051
0.0142294
0.012181
0.00831263
0.00796622
0.0143725
0.00933434
0.0181423
0.0228546
0.010816
0.0177968
0.012681
0.0097213
0.0117944
0.0179473
0.00487477
0.013856
0.00682834
0.00644087
0.0157012
0.00505101
0.0112002
0.00989868
0.0140016
0.0121831
0.0168033
0.0140498
0.0149494
0.00869196
0.0129971
0.0125664
0.0117207
0.00884062
0.0133665
0.0104598
0.0113256
0.00982945
0.016329
0.0102118
0.00969848
0.0091088
0.00836225
0.0129806
0.00800745
0.0114268
0.0112228
0.0117232
0.0167266
0.0111416
0.0109447
0.0121877
0.0137369
0.0136342
0.0117056
0.0128844
0.00570104
0.0135676
0.0148591
0.0143515
0.0100796
0.00910637
0.00943622
0.0124847
0.0155865
0.0151145
0.0111461
0.0182389
0.00581748
0.00948931
0.00685685
0.0100571
0.00907028
0.0181883
0.0114965
0.0129193
0.0118046
0.0189077
0.00994198
0.0102691
0.00999942
0.0118973
0.0118127
0.0104779
0.0124501
0.0166232
0.00808364
0.0141011
0.00933065
0.00918629
0.0130877
0.0116132
0.0101697
0.0171511
0.0100392
0.0108931
0.00954002
0.0110779
0.0161179
0.0142184
0.00941714
0.0128953
0.0119885
0.00986238
0.0113516
0.00714928
0.00986001
0.0116188
0.00960217
0.00772763
0.00980886
0.0199866
0.00846301
0.014679
0.00991798
0.0107335
0.0104238
0.0158989
0.0161193
0.00341436
0.00746188
0.0165564
0.0120315
0.0117146
0.0126015
0.0129886
0.0114077
0.00768339
0.0124668
0.0159172
0.0101092
0.0128412
0.0105225
0.0198389
0.0122588
0.012
0.015325
0.0120996
0.010994
0.0163485
0.00914049
0.00992476
0.0110284
0.0150675
0.00907687
0.0129792
0.0117938
0.00971403
0.0163323
0.0117132
0.0112018
0.0103161
0.0146747
0.0108168
0.0111072
0.0117026
0.0131536
0.0102896
0.00753335
0.0114923
0.0145651
0.0169687
0.00689721
0.0108071
0.0130339
0.0104996
0.0170001
0.015955
0.0151293
0.00805984
0.0133908
0.0143615
0.0104539
0.0102761
0.0150875
0.0134525
0.0125083
0.0121464
0.0219653
0.0214588
0.014294
0.0109508
0.00727631
0.0104853
0.00944096
0.0130382
0.0113578
0.0111841
0.00821385
0.00842975
0.0153654
0.0151006
0.0153647
0.0166333
0.00991913
0.0104546
0.00939842
0.0117727
0.00856074
0.0124304
0.0104406
0.0123474
0.0105134
0.0155671
0.0118981
0.00702764
0.0136043
0.00914714
0.0137958
0.0181194
0.0136725
0.0115807
0.00972563
0.0135163
0.00860458
0.0143087
0.0180376
0.0100585
0.0114265
0.0129524
0.0147099
0.0136799
0.0102252
0.00935756
0.00591934
0.0122028
0.0104171
0.016178
0.0150047
0.0120106
0.0172219
0.00869517
0.00909063
0.0163824
0.00894269
0.0142592
0.00945006
0.0173658
0.013516
0.0110557
0.00844868
0.00931405
0.011484
0.0151483
0.0161094
0.012171
0.0159099
0.00789617
0.011271
0.011019
0.00949635
0.00881441
0.00913174
0.00941067
0.00798201
0.0123917
0.0124712
0.0150808
0.00874118
0.01076
0.0138231
0.0115159
0.0107475
0.0095573
0.00983332
0.0099592
0.00901616
0.0134001
0.0114558
0.0111109
0.0104408
0.0128367
0.0105618
0.00575189
0.0114378
0.0093414
0.0124669
0.00904255
0.00854848
0.0101449
0.00861291
0.0130858
0.0204057
0.00939449
0.0137285
0.018603
0.0133172
0.00908684
0.0130044
0.0119875
0.0105613
0.0118383
0.010149
0.0103149
0.0157367
0.0105325
0.0105538
0.0110402
0.00752932
0.0104954
0.00963728
0.00956049
0.0102451
0.0125931
0.0114939
0.0126616
0.0115328
0.0171133
0.010083
0.0133082
0.007909
0.00992059
0.0115116
0.0121348
0.0141877
0.00577501
0.00593535
0.0124721
0.0128849
0.0136882
0.0125399
0.00980876
0.0151293
0.00939868
0.0120465
0.0106401
0.014241
0.00923498
0.00943907
0.0114578
0.0166183
0.0124763
0.00825928
0.0159886
0.00857251
0.0190446
0.0123726
0.0115573
0.0168406
0.00839526
0.0111372
0.011719
0.00898434
0.0125816
0.0190182
0.0118513
0.0131278
0.012016
0.0125072
0.00982998
0.0116579
0.0168183
0.00799877
0.0194667
0.00963083
0.00767506
0.00938277
0.0136854
0.0163164
0.0094629
0.00636453
0.0162864
0.0107138
0.0129419
0.0118363
0.00892267
0.0145725
0.0111362
0.0111899
0.018991
0.0075397
0.0112255
0.0178546
0.00944422
0.0193873
0.0147812
0.0132727
0.019172
0.00971727
0.00871573
0.0150614
0.0110682
0.00988966
0.0195767
0.00933308
0.0166756
0.007404
0.0121829
0.0100917
0.00801057
0.0128175
0.00849604
0.0173292
0.0104107
0.0168807
0.00758061
0.00895653
0.0107191
0.00961796
0.0195041
0.0141579
0.0204908
0.0166312
0.010816
0.0138028
0.0100154
0.0105428
0.00925331
0.00780651
0.00950113
0.00732633
0.00960222
0.0174317
0.00848011
0.0100158
0.00686703
0.0131367
0.0148177
0.00998269
0.00893705
0.00986606
0.0110755
0.0105525
0.0103422
0.00868428
0.0144172
0.0107911
0.0146048
0.0120609
0.00877026
0.0110232
0.00770376
0.0131091
0.0123715
0.0102972
0.00944301
0.0117626
0.00879758
0.0115475
0.0106207
0.00692542
0.0385615
0.0148367
0.0113222
0.010563
0.0145427
0.00902174
0.0170364
0.0202253
0.0152259
0.0113969
0.0120744
0.00865914
0.0119482
0.013978
0.0103104
0.0161171
0.0142072
0.00921163
0.0126697
0.010795
0.0164028
0.00828827
0.0124365
0.0168941
0.0129804
0.00895904
0.0157115
0.0135661
0.0113173
0.0139787
0.0062818
0.0112263
0.00819524
0.00900545
0.0138616
0.0118944
0.00940232
0.0106814
0.0128826
0.0111003
0.00553155
0.0114343
0.00780345
0.00976705
0.015034
0.0148923
0.0103128
0.010684
0.0148328
0.0113702
0.0113555
0.00780375
0.0166729
0.00640863
0.00904634
0.0135644
0.00966677
0.0120599
0.00581465
0.0104042
0.0106556
0.0110549
0.0110557
0.0110933
0.00873672
0.0118141
0.011644
0.00701622
0.0129863
0.00751284
0.0110423
0.016582
0.0183234
0.0197709
0.00939236
0.0136325
0.0094063
0.0133348
0.0096284
0.0102497
0.0184011
0.0135203
0.0101314
0.0114853
0.014184
0.0118688
0.011318
0.0118543
0.00862885
0.0112315
0.00994807
0.0131167
0.00999737
0.011358
0.0100003
0.0112278
0.00812655
0.0101833
0.0099117
0.011323
0.0112248
0.0105522
0.0139203
0.00995853
0.0141053
0.0127769
0.0101946
0.00919577
0.00737587
0.0075147
0.00970113
0.00791093
0.015247
0.0114643
0.0138551
0.0144495
0.0108322
0.0132968
0.014475
0.0108142
0.0153311
0.00971515
0.00480879
0.010531
0.0144527
0.00900278
0.016951
0.0121187
0.00905125
0.00893967
0.0149358
0.0102249
0.00968558
0.0108052
0.0123517
0.00803525
0.0117182
0.0102265
0.0112481
0.0137733
0.012764
0.0111537
0.014255
0.0127671
0.015753
0.0140775
0.0119151
0.0113945
0.0136302
0.0182098
0.00767725
0.00832243
0.0194459
0.00977857
0.0107059
0.00898141
0.010362
0.0130362
0.012563
0.0158544
0.0188933
0.0118094
0.00864855
0.00996802
0.019608
0.0152795
0.0139445
0.00906475
0.01147
0.0119519
0.015353
0.0244403
0.0151769
0.0130149
0.0116397
0.0141703
0.00986675
0.00968263
0.0100293
0.00876922
0.0208667
0.0138339
0.0123576
0.0107747
0.0104341
0.0142087
0.00977813
0.00754995
0.0113608
0.0141252
0.0101525
0.0090109
0.0110771
0.0135003
0.0117796
0.0187209
0.0144073
0.0118103
0.00886773
0.0106961
0.0112707
0.0155457
0.00822745
0.00797732
0.00923275
0.013106
0.0120115
0.0113137
0.0150293
0.014005
0.0121718
0.00944229
0.00867711
0.0118904
0.0167826
0.00979656
0.0125338
0.011087
0.0123984
0.00998472
0.0103204
0.0119294
0.0131528
0.00943611
0.0191477
0.00866875
0.00985585
0.0133142
0.00882464
0.0100629
0.0142256
0.0110019
0.00800758
0.0181273
0.0117026
0.00481174
0.0139898
0.00790207
0.00929502
0.0134861
0.00748074
0.00795526
0.0121018
0.00836048
0.0181703
0.010748
0.0114226
0.0109768
0.00683369
0.0126617
0.0128856
0.0147898
0.0116425
0.0148126
0.0150244
0.0103294
0.0109476
0.0126017
0.0101143
0.01184
0.0107074
0.0158936
0.0149557
0.0114467
0.012134
0.0129642
0.00776615
0.0154918
0.0114256
0.0139699
0.0113117
0.0107301
0.0171554
0.0147082
0.00857431
0.0069463
0.0175486
0.0132897
0.0140582
0.0104073
0.0117217
0.0119766
0.0175971
0.00976284
0.0149163
0.0152543
0.0171334
0.00847776
0.0160549
0.0104096
0.00792654
0.00973646
0.00888084
0.0123041
0.0121256
0.012789
0.0121882
0.0124394
0.0139699
0.0144302
0.0128972
0.00969196
0.0105711
0.0140297
0.0150626
0.0111916
0.010419
0.01522
0.0150738
0.0156086
0.0138785
0.00797546
0.014487
0.0112514
0.0107225
0.00800077
0.0136226
0.0141842
0.0078757
0.00797676
0.0119747
0.0111718
0.0139628
0.00975943
0.00895217
0.0131679
0.0133135
0.0118661
0.0180644
0.0142288
0.0114718
0.0103564
0.0159935
0.0151188
0.0116797
0.0171108
0.00247959
0.0141862
0.0141755
0.0116197
0.00985318
0.00930551
0.0134183
0.0146985
0.0127451
0.0110085
0.00802071
0.013589
0.0084755
0.0122969
0.012869
0.0117565
0.00918631
0.0110008
0.0119227
0.0109225
0.0138524
0.0078761
0.0126893
0.0120459
0.00945091
0.0089574
0.00586759
0.00837438
0.0113445
0.010819
0.014499
0.00782385
0.00847115
0.00870883
0.0185391
0.00835581
0.0126725
0.0144008
0.0109404
0.0111087
0.0129318
0.0075777
0.0191552
0.0119788
0.0070952
0.0154156
0.0125925
0.00747193
0.00874549
0.0112441
0.0107126
0.0134166
0.00911647
0.0101834
0.019008
0.0125654
0.0196002
0.0155777
0.012989
0.0155931
0.00891966
0.0124719
0.0106215
0.0113753
0.00894074
0.00950004
0.00877666
0.0116737
0.0165709
0.00861614
0.0110059
0.0142333
0.0137356
0.0113812
0.0133601
0.0179947
0.0161573
0.0110948
0.0146274
0.0213508
0.0110903
0.022771
0.0133441
0.013506
0.011853
0.00918574
0.014873
0.0103955
0.0132074
0.0132644
0.0140517
0.0114123
0.0114041
0.0104105
0.0115857
0.0121491
0.0114211
0.0024524
0.00809732
0.0136902
0.0156887
0.0114962
0.0137617
0.0088579
0.0151593
0.0121017
0.010092
0.0107158
0.0134146
0.0109613
0.0135163
0.00719854
0.0087822
0.0117381
0.010334
0.00806689
0.00962625
0.015785
0.0137268
0.0106965
0.0152946
0.0152293
0.0116825
0.00685538
0.012407
0.0144627
0.0163528
0.0137539
0.0142769
0.019703
0.010629
0.011293
0.00931144
0.0114882
0.0154388
0.0105488
0.0139663
0.0137495
0.0135581
0.0145667
0.0232976
0.0162266
0.0102521
0.0102726
0.00959414
0.0134964
0.013944
0.0124973
0.00862295
0.0156257
0.00861793
0.0117994
0.00909794
0.0194152
0.0122473
0.0152717
0.0101963
0.00963132
0.0114251
0.00886421
0.00709956
0.012301
0.0125034
0.0153075
0.00928503
0.0084002
0.0181536
0.0114609
0.0130327
0.0100485
0.013796
0.00908851
0.00862494
0.0125553
0.0117204
0.00846169
0.0109959
0.00986365
0.00881056
0.0141687
0.0133101
0.00706161
0.010986
0.0177522
0.0129663
0.0134816
0.00786167
0.00671029
0.0126807
0.0107767
0.00949034
0.0102579
0.0116714
0.0119596
0.0129654
0.00941647
0.0137914
0.0152228
0.0146891
0.0128181
0.00721644
0.0142275
0.0136916
0.0133674
0.0155785
0.0154089
0.014088
0.0155565
0.0101011
0.00931273
0.0132285
0.0112501
0.00949127
0.0085423
0.00832476
0.010572
0.00941083
0.00773462
0.0149018
0.0105419
0.01489
0.0104307
0.00670994
0.00887155
0.0094566
0.0131715
0.0118031
0.0103149
0.00866867
0.00819905
0.00905356
0.00971611
0.00910958
0.0161975
0.0116392
0.0127385
0.00931759
0.00811956
0.0143851
0.0110997
0.0126361
0.00735365
0.00729876
0.014665
0.00793086
0.0131264
0.00543866
0.0106302
0.0162583
0.00892057
0.0116013
0.0120555
0.0189323
0.0149287
0.00886741
0.0203992
0.0111111
0.00969131
0.013203
0.0162425
0.0100815
0.0114254
0.00993099
0.00641767
0.0100437
0.0136225
0.00546931
0.00853561
0.0107842
0.00678891
0.0119046
0.0158502
0.0157673
0.0091574
0.0119139
0.0129288
0.0106939
0.0103146
0.00902859
0.0127757
0.00915172
0.0180528
0.0131384
0.012645
0.0149057
0.0105639
0.0113429
0.0148853
0.0166194
0.00778858
0.0122292
0.00700507
0.0126134
0.0138794
0.00774462
0.0117338
0.0111121
0.0110641
0.0129397
0.0104718
0.0157225
0.00770703
0.0060124
0.0159062
0.00726535
0.0107744
0.0111137
0.0157778
0.00978935
0.0169224
0.0121851
0.0113702
0.0161636
0.0123882
0.0141333
0.011639
0.0179327
0.0121969
0.0152494
0.00942711
0.00915598
0.0210977
0.015304
0.0101118
0.0132252
0.0123491
0.0121989
0.00888473
0.00968621
0.0149484
0.0105078
0.0147465
0.0120967
0.0129811
0.0167577
0.00909245
0.0134193
0.0103966
0.0100822
0.0106554
0.0173462
0.0150586
0.0121279
0.0165986
0.0110981
0.00700731
0.0116673
0.0132312
0.0112215
0.0112356
0.0195286
0.00903476
0.0127611
0.0129843
0.0160206
0.0129816
0.0116391
0.0104279
0.0123038
0.0182365
0.0112547
0.0181662
0.00946491
0.0120061
0.0146997
0.015057
0.0143331
0.0108624
0.0158082
0.0167522
0.0117682
0.0163644
0.00874295
0.0104937
0.022751
0.0097759
0.00994665
0.00657707
0.015194
0.0138607
0.0127654
0.0120808
0.0067905
0.00779723
0.0150167
0.0124277
0.0108637
0.0197633
0.00927436
0.0127356
0.0142011
0.00673806
0.0120727
0.0149211
0.0135874
0.0092936
0.0131933
0.00897259
0.0093104
0.013289
0.00712222
0.013872
0.0117272
0.0109928
0.0185347
0.0132281
0.00883881
0.0143205
0.00860363
0.0128505
0.0185889
0.0101863
0.0091953
0.0129579
0.0114477
0.0170451
0.0172959
0.0127077
0.0111138
0.0115358
0.0145918
0.00791414
0.0202394
0.0127745
0.00931317
0.0143734
0.0112813
0.0104824
0.0137395
0.0152204
0.0146453
0.00896913
0.0131134
0.0115368
0.0103741
0.0133738
0.0154032
0.0131888
0.0111939
0.00951347
0.0143062
0.0101334
0.00788781
0.0110089
0.0153645
0.0116834
0.0113591
0.0130391
0.0110562
0.00917207
0.010677
0.0101375
0.0119145
0.00891417
0.0143356
0.00984731
0.0112563
0.0119872
0.0169065
0.00954153
0.00966891
0.0195107
0.0125198
0.0092991
0.0120916
0.0087382
0.0152337
0.0150113
0.0115659
0.0101127
0.0124792
0.0105476
0.0123692
0.0187953
0.0101156
0.0178454
0.0109677
0.0139479
0.00733006
0.00979264
0.010997
0.0152048
0.00867925
0.0141704
0.012432
0.0101157
0.0100538
0.0128503
0.00533252
0.0124313
0.0130329
0.0119348
0.0100884
0.0100582
0.0100753
0.00985041
0.0139937
0.0175133
0.00825267
0.00890688
0.00885857
0.0164687
0.0109845
0.0144804
0.00887888
0.00938283
0.012472
0.00863352
0.0150368
0.011052
0.0122071
0.00951225
0.0104008
0.00860959
0.0134842
0.00884992
0.0115979
0.0103633
0.015096
0.00921985
0.0108664
0.00743517
0.0152051
0.00993394
0.00865119
0.00889386
0.00947722
0.00997153
0.0126866
0.0128807
0.0103175
0.00747273
0.00779909
0.00856424
0.0170389
0.0181901
0.00808587
0.00874371
0.0168291
0.0128891
0.00861401
0.0138245
0.011415
0.0166172
0.0138432
0.0138102
0.0136792
0.0123221
0.0103812
0.0104876
0.0097391
0.0158769
0.0101594
0.0134374
0.013359
0.0101781
0.0118562
0.0097987
0.00839627
0.0158367
0.0150843
0.0112832
0.0119387
0.0167676
0.0158886
0.0133563
0.0147531
0.0095577
0.00973438
0.00726595
0.0133517
0.0155484
0.0079121
0.0111554
0.0152305
0.0138597
0.0120188
0.00600714
0.00853521
0.0139887
0.00973198
0.0105864
0.0149114
0.015322
0.0113112
0.0086985
0.0159944
0.0102355
0.0168363
0.0153867
0.00706307
0.012568
0.0153393
0.0123862
0.0134413
0.0145555
0.0158474
0.00659037
0.0115858
0.0109884
0.00775678
0.00747037
0.0119544
0.012763
0.0167918
0.0118168
0.0142086
0.0182837
0.0143623
0.00958167
0.00725468
0.011628
0.00974605
0.0109692
0.0112438
0.00995036
0.0104523
0.0127937
0.0104702
0.0127073
0.00975243
0.0157087
0.007325
0.00660003
0.00888746
0.0158246
0.00769754
0.00730526
0.0109137
0.010855
0.0105393
0.0139363
0.0106057
0.0131963
0.0119829
0.0129163
0.0116091
0.0146745
0.0135914
0.0164275
0.0133366
0.0150247
0.0104345
0.0100796
0.0103795
0.0104049
0.00791384
0.0129965
0.0130169
0.0123339
0.011499
0.0137601
0.00989324
0.018025
0.0180366
0.00766403
0.0121636
0.0156789
0.0140052
0.0112837
0.0139563
0.0112096
0.0133754
0.0169484
0.0103361
0.0135211
0.0116433
0.0172228
0.00929496
0.00978222
0.0122597
0.0131383
0.0124629
0.0151375
0.00800075
0.00876826
0.0093705
0.0135411
0.00959077
0.0117329
0.0108658
0.0101377
0.0112491
0.00784679
0.0126785
0.00784993
0.0127246
0.00855806
0.0146233
0.0130414
0.0131529
0.0115774
0.0132417
0.00859154
0.00947748
0.0111902
0.0111498
0.0136838
0.0116355
0.0111242
0.011529
0.0111506
0.0106132
0.00953927
0.00958321
0.0142274
0.0115889
0.0133789
0.00787127
0.00824869
0.0126881
0.0112085
0.0193171
0.0141185
0.0194574
0.0115335
0.014512
0.0117945
0.0193873
0.013487
0.0129194
0.0127551
0.014819
0.0101559
0.0112859
0.0116126
0.00728394
0.0129345
0.0134275
0.0134978
0.0149976
0.00842548
0.0093827
0.0106709
0.0147943
0.0111555
0.0165247
0.00829302
0.0107797
0.0194874
0.013911
0.0130411
0.0203809
0.0163714
0.0136063
0.0199699
0.0156021
0.0105897
0.0140003
0.0106963
0.0136007
0.0217
0.00766199
0.0118084
0.0087836
0.0103649
0.00826427
0.0148726
0.00841125
0.00796356
0.0107637
0.0118299
0.0109867
0.0143056
0.0126051
0.0110278
0.00999025
0.00889165
0.00919954
0.0133858
0.00991192
0.00942402
0.0118964
0.00851146
0.00949158
0.00991353
0.0159748
0.00907043
0.0156905
0.0124166
0.0159705
0.00965129
0.0146395
0.0104306
0.0174264
0.0134946
0.00979441
0.00637015
0.0134234
0.0125956
0.0120529
0.0130284
0.00684843
0.0141468
0.0109022
0.010613
0.0173481
0.0098372
0.00895867
0.0135634
0.0125007
0.0136227
0.014737
0.0117267
0.0171202
0.0108006
0.0203945
0.0113609
0.00737638
0.0111941
0.00806071
0.00880533
0.00972254
0.00858972
0.0107494
0.0120779
0.0131811
0.0113168
0.0107024
0.00818004
0.0136495
0.0154761
0.00826873
0.0075105
0.0123946
0.00948545
0.0111223
0.0150265
0.0106436
0.00650374
0.0079745
0.0113937
0.017729
0.00910995
0.0148451
0.0124202
0.0138044
0.0109198
0.0140785
0.0256747
0.0102633
0.0126285
0.00905157
0.00631111
0.0100688
0.00867041
0.0117629
0.0129904
0.0123181
0.0100903
0.0126392
0.00939826
0.00756479
0.0123383
0.0133869
0.0135467
0.0156844
0.0200095
0.0107461
0.0107171
0.0133993
0.00986709
0.0130583
0.010132
0.0127165
0.0112036
0.00855825
0.0115467
0.0112854
0.0116422
0.0145547
0.0115454
0.0127092
0.00795091
0.0197105
0.0116333
0.0178182
0.00984379
0.0116743
0.00932705
0.0130484
0.0144345
0.0148981
0.00938625
0.0094662
0.0104767
0.011907
0.0168603
0.00811793
0.00703006
0.0077413
0.00132564
0.0141512
0.0118203
0.018159
0.00785726
0.0131551
0.0126516
0.0254545
0.00740652
0.0113357
0.0156984
0.0104975
0.00785055
0.00945489
0.00657555
0.00874878
0.0118646
0.0156332
0.010368
0.0109196
0.0112003
0.00951214
0.0124648
0.0122115
0.00928427
0.0186026
0.0160979
0.00909601
0.0188389
0.0144277
0.0151744
0.0128096
0.0131848
0.00697742
0.0116197
0.00897236
0.011809
0.0145661
0.00757536
0.0103105
0.00930163
0.0231924
0.0112575
0.00458356
0.0138381
0.010858
0.0119347
0.0107111
0.0129547
0.01046
0.0113293
0.0101094
0.0101422
0.0155975
0.00588722
0.0437601
0.0122858
0.0153459
0.0173459
0.0134629
0.0083057
0.0134598
0.0138092
0.0125319
0.0151171
0.0126425
0.0104347
0.0119662
0.0158851
0.00698044
0.0109043
0.0120301
0.0144442
0.00853499
0.00509844
0.012749
0.0111514
0.0165565
0.00876101
0.0129912
0.00887129
0.0121314
0.0132818
0.0191332
0.0106119
0.00963514
0.0220645
0.00705606
0.0191294
0.0142339
0.0118527
0.0109745
0.00982452
0.0119455
0.00722867
0.00961265
0.0149427
0.010332
0.00912788
0.0122483
0.0108087
0.0108338
0.0116088
0.00934814
0.0105693
0.0130039
0.0138962
0.00934233
0.012634
0.0109497
0.0161432
0.0117266
0.0106952
0.0110087
0.0132313
0.00873795
0.0098157
0.0147371
0.00919914
0.0144919
0.00711708
0.0077958
0.0149265
0.0154445
0.0122609
0.0115538
0.00871787
0.0125092
0.0165384
0.00846198
0.00868437
0.00903056
0.0108281
0.0102733
0.014158
0.0139141
0.014241
0.012714
0.0131637
0.010644
0.00951407
0.00966784
0.0111554
0.00829121
0.0107449
0.0111637
0.012455
0.0140705
0.0162077
0.0101283
0.0107334
0.0154067
0.0161547
0.0148754
0.0120088
0.0141883
0.0122047
0.0146818
0.0130628
0.0106844
0.00762352
0.00947105
0.0147486
0.0120648
0.00842062
0.00790824
0.0123829
0.0115414
0.00971984
0.0176754
0.0101363
0.010308
0.0112953
0.013886
0.00759612
0.0148176
0.00930978
0.0117096
0.0152285
0.00892925
0.0186587
0.0157446
0.0142061
0.0106749
0.0109258
0.0123273
0.00634974
0.0119753
0.00877129
0.00980757
0.00844803
0.00938227
0.0151222
0.00705068
0.0117768
0.00844059
0.0157169
0.0148485
0.0156964
0.0230706
0.0209492
0.014477
0.0110636
0.0154211
0.0106493
0.0103022
0.00819851
0.0104396
0.0136269
0.0103495
0.0130188
0.0125878
0.00881345
0.0106812
0.0125047
0.0147328
0.0144768
0.0102075
0.0217101
0.0109677
0.0153605
0.0114438
0.0104219
0.0118708
0.0130817
0.0173969
0.0101907
0.00873263
0.0113776
0.00754627
0.0136466
0.0131675
0.0100993
0.0135381
0.00824681
0.011596
0.0100948
0.0130107
0.0141582
0.013982
0.0100285
0.0134117
0.0149567
0.011103
0.0268125
0.0168373
0.00971194
0.00888772
0.0117382
0.00987477
0.0133914
0.0160355
0.0104597
0.0135212
0.00798299
0.0149929
0.0145952
0.0126782
0.0101345
0.0149759
0.0134548
0.0153384
0.00949357
0.0157303
0.0100114
0.0143059
0.010712
0.0158872
0.0104201
0.0179498
0.0159974
0.0105343
0.010843
0.014683
0.0119004
0.00924423
0.0141698
0.0112126
0.0107812
0.0140487
0.0104919
0.0159007
0.0114174
0.0120338
0.0132698
0.0121817
0.0159547
0.0112583
0.00838008
0.0123732
0.0100941
0.0121671
0.013215
0.0106234
0.0139376
0.0134244
0.0080474
0.00850692
0.0121417
0.00997391
