-0.318577
-0.303773
-0.339374
-0.277333
-0.252122
-0.31187
-0.25062
-0.255489
-0.283721
-0.260543
-0.370586
-0.308513
-0.210467
-0.384397
-0.254667
-0.197334
-0.239784
-0.216813
-0.276731
-0.271625
-0.362847
-0.407058
-0.373849
-0.190131
-0.280098
-0.197344
-0.228054
-0.287506
-0.29
-0.289003
-0.30351
-0.276981
-0.303818
-0.147496
-0.298131
-0.374065
-0.290481
-0.312838
-0.31675
-0.273364
-0.206346
-0.339597
-0.14607
-0.351156
-0.294886
-0.263645
-0.349642
-0.356393
-0.287645
-0.267715
-0.280056
-0.313705
-0.30916
-0.303006
-0.390048
-0.281938
-0.334064
-0.30414
-0.297533
-0.269266
-0.219676
-0.269319
-0.311045
-0.223075
-0.185553
-0.0941391
-0.259467
-0.236667
-0.329818
-0.171114
-0.270015
-0.270701
-0.204534
-0.328414
-0.229348
-0.290469
-0.326613
-0.283556
-0.286386
-0.207824
-0.36399
-0.274502
-0.276597
-0.291937
-0.299013
-0.371815
-0.274855
-0.268515
-0.285478
-0.245685
-0.277949
-0.316673
-0.280946
-0.246469
-0.236841
-0.245188
-0.273489
-0.28749
-0.369476
-0.404252
-0.24326
-0.229211
-0.320383
-0.275262
-0.34027
-0.288621
-0.27339
-0.306384
-0.314669
-0.298092
-0.347953
-0.21699
-0.213991
-0.312463
-0.316381
-0.328744
-0.30473
-0.271217
-0.302775
-0.289803
-0.258534
-0.33355
-0.243688
-0.310961
-0.258336
-0.335937
-0.288721
-0.27757
-0.225277
-0.273821
-0.248357
-0.272192
-0.266246
-0.399518
-0.233812
-0.314513
-0.223857
-0.176316
-0.381873
-0.243907
-0.254249
-0.296001
-0.376549
-0.224394
-0.307418
-0.243014
-0.280192
-0.294273
-0.274392
-0.327396
-0.255019
-0.343338
-0.277351
-0.269096
-0.295315
-0.527913
-0.280795
-0.278046
-0.273037
-0.24519
-0.189731
-0.32557
-0.294284
-0.247294
-0.275002
-0.303279
-0.247528
-0.195926
-0.257798
-0.229146
-0.331572
-0.260836
-0.285073
-0.318377
-0.442574
-0.231064
-0.241379
-0.308984
-0.330091
-0.336451
-0.288625
-0.341522
-0.268481
-0.592661
-0.259041
-0.272943
-0.256997
-0.246684
-0.278553
-0.239152
-0.421539
-0.30431
-0.23465
-0.259506
-0.204203
-0.279685
-0.223272
-0.228581
-0.293646
-0.421954
-0.27957
-0.291967
-0.287229
-0.222199
-0.227451
-0.256146
-0.354503
-0.256142
-0.274883
-0.284988
-0.336705
-0.301734
-0.242051
-0.282663
-0.213928
-0.341305
-0.245379
-0.291332
-0.24111
-0.215919
-0.271236
-0.283592
-0.35962
-0.2576
-0.335414
-0.322214
-0.272321
-0.294037
-0.408673
-0.276729
-0.286944
-0.275729
-0.328956
-0.298741
-0.306739
-0.234374
-0.274194
-0.282287
-0.30733
-0.267398
-0.634746
-0.247469
-0.350263
-0.298889
-0.287998
-0.396227
-0.224665
-0.268488
-0.245146
-0.312947
-0.282266
-0.167719
-0.383212
-0.230379
-0.329008
-0.297708
-0.40073
-0.321525
-0.315938
-0.327512
-0.292679
-0.357533
-0.219663
-0.21947
-0.228646
-0.34356
-0.249768
-0.260819
-0.185573
-0.279424
-0.1054
-0.280989
-0.312921
-0.281471
-0.247377
-0.258938
-0.274873
-0.310676
-0.231638
-0.334311
-0.312717
-0.274802
-0.359716
-0.361682
-0.359815
-0.270871
-0.304459
-0.260531
-0.234127
-0.375855
-0.268802
-0.223043
-0.24067
-0.280718
-0.295579
-0.225229
-0.263933
-0.23797
-0.177544
-0.291683
-0.294415
-0.285029
-0.311864
-0.279537
-0.235415
-0.241572
-0.27249
-0.298555
-0.23841
-0.29296
-0.214964
-0.205586
-0.234978
-0.200881
-0.147728
-0.287584
-0.284929
-0.283012
-0.250514
-0.332955
-0.28075
-0.17004
-0.310834
-0.345883
-0.363683
-0.256085
-0.30116
-0.271244
-0.291345
-0.285138
-0.240279
-0.277292
-0.380756
-0.29639
-0.313099
0.127925
-0.266486
-0.277261
-0.258483
-0.271389
-0.331787
-0.297258
-0.253616
-0.383361
-0.204654
-0.421442
-0.285845
-0.30173
-0.244544
-0.255254
-0.324057
-0.269664
-0.284302
-0.261967
-0.275135
-0.236677
-0.261621
-0.289332
-0.341131
-0.234119
-0.301183
-0.211343
-0.310833
-0.289962
-0.22312
-0.366629
-0.300988
-0.367402
-0.155014
-0.26217
-0.295926
-0.240204
-0.281487
-0.196964
-0.371563
-0.312295
-0.33716
-0.332901
-0.287747
-0.170806
-0.260109
-0.268868
-0.303185
-0.249324
-0.254547
-0.228238
-0.296767
-0.244608
-0.235099
-0.267733
-0.337855
-0.201832
-0.346091
-0.259211
-0.271712
-0.237336
-0.340275
-0.295507
-0.259528
-0.304422
-0.287391
-0.21425
-0.365794
-0.328205
-0.329206
-0.310601
-0.312036
-0.323596
-0.233266
-0.299405
-0.231553
-0.220206
-0.263513
-0.358856
-0.264483
-0.223274
-0.404329
-0.236228
-0.279049
-0.269659
-0.254717
-0.283005
-0.14219
-0.300035
-0.404278
-0.208048
-0.350499
-0.228347
-0.227219
-0.387587
-0.39197
-0.300192
-0.286523
-0.272227
-0.247632
-0.344393
-0.317094
-0.285244
-0.29543
-0.315172
-0.221969
-0.323426
-0.371545
-0.207329
-0.206003
-0.253991
-0.331611
-0.269567
-0.296917
-0.228806
-0.248589
-0.268766
-0.177551
-0.280427
-0.284882
-0.262877
-0.225053
-0.217411
0.411442
-0.321298
-0.284808
-0.28127
-0.296992
-0.401965
-0.297973
-0.314487
-0.190499
-0.275541
-0.30343
-0.334305
-0.290869
-0.300708
-0.30775
-0.287329
-0.183794
-0.301707
-0.248501
-0.386504
-0.330591
-0.295292
-0.406898
-0.32602
-0.337533
-0.237173
-0.276494
-0.247925
-0.28102
-0.306989
-0.304553
-0.305576
-0.279631
-0.35924
-0.237064
-0.288503
-0.310782
-0.224418
-0.228948
-0.301468
-0.309617
-0.263848
-0.309528
-0.185066
-0.163193
-0.229136
-0.311823
-0.228869
-0.265405
-0.350852
-0.244329
-0.318116
-0.234631
-0.362387
