3.22623
3.12642
4.1667
3.4662
3.05454
5.56187
2.69752
3.2569
3.86108
3.05483
3.45909
3.03323
3.84993
2.14203
2.92055
2.55771
2.62355
2.17299
3.10996
3.34967
4.33241
2.63753
3.04863
4.67919
2.95527
2.50674
2.87997
2.84899
2.57705
4.04602
3.69096
2.38035
3.34116
2.7602
3.01199
3.92392
4.25364
4.05373
3.40791
3.19832
3.18798
3.40852
3.68855
2.64873
2.56396
2.84258
3.58145
3.33442
2.09039
3.63208
2.58366
3.91959
8.57368
4.2308
3.07196
2.91286
2.56685
3.43731
3.68715
2.47628
4.61005
3.19088
4.14401
2.28647
4.35003
2.9876
2.81171
3.18858
3.25041
3.56328
2.81657
2.5743
2.96489
3.05486
2.65357
2.89755
3.31996
2.88299
4.24478
2.77122
3.18252
2.28758
3.81343
2.54026
2.6537
3.13053
3.54945
2.76728
2.39719
2.8945
2.936
3.1982
2.78169
2.65855
2.4094
3.5903
2.60694
3.51342
2.71934
2.98066
3.48905
2.81191
3.2028
5.04622
2.77224
4.05698
2.35149
2.70096
2.9851
3.52727
3.49213
2.99757
2.80402
2.75391
3.14518
3.64804
2.53934
2.78851
3.43236
2.94064
3.27404
3.00764
3.55164
2.51218
3.12753
3.23809
3.39001
2.49784
3.5038
2.4065
3.28747
2.91334
3.16128
2.7023
2.24853
2.93909
3.06947
4.90462
3.03706
4.10607
3.09641
2.60737
2.27786
3.349
2.89974
3.31481
5.02674
2.7266
2.86079
3.46193
3.33139
3.17501
2.71431
2.84915
3.10171
3.49804
3.13478
2.91637
3.2556
2.56132
2.57758
3.75508
2.28375
2.82597
2.93148
2.48994
2.42146
1.99082
3.483
3.34932
3.36537
2.75839
2.59967
2.69581
2.36882
3.40836
3.84997
4.311
3.58845
2.7543
2.91391
3.3222
3.01554
2.74471
2.84408
2.34492
3.24324
3.5931
3.629
3.29274
3.16363
3.43721
3.63024
3.22974
3.17534
3.6543
2.7177
2.96686
3.27722
3.6824
3.09359
3.1105
3.27831
2.95507
3.40262
4.09548
2.80624
2.65068
3.32234
3.06305
2.74085
2.87022
2.94953
3.10096
3.32027
3.63456
3.41515
4.03393
3.44629
2.45366
2.89961
3.44602
3.39604
2.74622
3.26297
3.21716
3.37871
3.25384
2.22559
2.38707
3.10925
3.26869
3.0097
3.40235
2.51309
3.13934
20.6179
3.70243
2.75217
3.10351
2.9417
2.80604
3.04625
2.71744
2.99758
2.86608
3.87395
4.28839
3.25781
3.28463
2.75537
3.29993
2.67344
1.97569
2.76734
2.62059
2.58108
2.41516
3.1471
2.78164
2.99487
2.51771
2.63714
2.99757
3.97851
3.19118
4.07607
3.11675
3.02657
3.48334
3.91444
2.82028
2.97094
2.806
2.53454
3.08862
2.62078
3.73176
2.92098
3.6109
2.6665
3.68792
2.75708
5.10127
2.8641
3.53134
4.16797
3.71895
2.31235
3.65254
2.70668
3.03633
2.76559
4.21918
3.11685
2.37869
2.5535
2.89826
3.34298
3.45201
3.12771
3.1969
2.7776
3.10797
2.74572
2.60353
2.95531
3.01014
2.85474
2.84091
3.19822
2.43041
2.78129
3.13514
3.20499
3.22467
3.58264
3.01318
2.96258
2.8417
3.11116
2.68207
3.58206
2.68982
2.85508
4.13447
3.23312
2.66794
3.45923
3.08259
3.873
3.25849
3.38408
3.37117
3.94661
2.70694
2.83752
3.29207
2.28525
3.11592
3.13
2.80094
2.26326
4.13743
2.63388
3.57061
2.47339
2.22673
3.34403
2.7375
2.95928
2.19983
3.16375
2.99894
4.20245
2.54436
3.13902
3.82508
2.54466
2.46749
2.9053
2.90206
3.47305
3.11045
4.10738
3.23213
3.76479
3.863
2.74573
2.56268
3.15513
3.63129
5.0822
3.16728
3.63237
2.95301
3.60835
2.79727
3.34309
3.76003
3.17701
2.81485
3.03725
3.3191
1.96761
3.06039
3.23621
2.3361
3.2068
2.39734
2.33495
2.27441
3.21269
3.27791
2.94952
3.79245
3.28921
3.14035
2.97662
2.8058
2.51385
3.23269
2.69516
5.30056
3.18
2.74454
3.1538
3.38537
3.31407
2.95968
3.4483
3.36808
3.01959
3.24826
4.00783
3.04182
2.71019
2.79644
3.47989
2.693
14.0751
3.03413
3.01086
2.84182
3.10363
3.02829
2.6615
2.47786
2.79446
2.82909
2.78793
3.97206
2.71941
3.7606
3.9487
3.23063
2.99213
3.11085
3.28509
2.87337
3.00565
2.88257
3.34798
2.99283
2.42162
4.15247
2.44905
2.89767
4.06555
3.14959
3.46065
3.21208
3.08684
2.74731
4.10582
2.90098
2.79557
2.44377
2.90258
2.55258
3.05657
3.25637
4.42296
2.40274
3.28009
3.2539
2.53254
3.85151
2.55867
2.45794
3.157
2.67733
3.24166
2.27165
3.77238
3.28519
2.20397
4.37733
3.44108
3.30232
2.74552
3.09567
3.6415
3.30984
3.1539
2.36938
2.71423
4.3038
3.37383
2.76624
2.28172
3.98462
3.26641
2.48727
3.3156
3.24765
3.5229
2.89758
3.09896
2.97131
3.53332
2.97651
2.85818
3.04194
3.62188
2.6754
5.1567
2.60489
3.40339
3.07816
3.28175
3.07919
