0.028253
0.018187
0.015885
0.002420
-0.053015
-0.047356
0.018543
0.007990
0.024886
0.076726
0.090264
-0.018915
-0.079356
-0.015362
-0.027473
-0.065754
0.019992
0.184763
0.115529
-0.089980
-0.094645
-0.009788
-0.079237
-0.129820
0.095236
0.270071
0.099407
-0.014932
0.023180
-0.046452
-0.183007
-0.156042
0.053617
0.083496
0.036958
0.042255
0.045947
-0.046616
-0.127041
-0.021024
0.033222
0.025052
0.014630
0.035230
0.004109
-0.060385
-0.017169
0.011514
0.004791
0.005868
0.018755
0.036142
0.017155
-0.093558
-0.124100
-0.026808
-0.007688
0.024297
0.149445
0.215623
0.013389
-0.176872
-0.122947
-0.074660
-0.152494
0.061024
0.414999
0.332334
-0.081507
-0.211111
-0.054445
-0.255288
-0.264430
0.210339
0.570147
0.277241
-0.026481
0.023049
-0.177853
-0.411783
-0.268454
0.185793
0.250556
0.096371
0.097701
0.038948
-0.192336
-0.292240
-0.037299
0.099565
0.100219
0.061221
0.063444
-0.022315
-0.170491
-0.086303
0.007418
0.027519
-0.002441
0.019045
0.021796
-0.003381
-0.076959
-0.071311
0.014394
0.000370
0.029127
0.117180
0.150796
-0.009387
-0.130215
-0.079233
-0.033405
-0.088074
0.080532
0.324004
0.216480
-0.097325
-0.175076
-0.017493
-0.151350
-0.180831
0.167104
0.406524
0.163552
-0.077029
0.020398
-0.109063
-0.276736
-0.172198
0.132038
0.149691
0.029516
0.063826
0.045722
-0.115667
-0.178826
0.000785
0.065535
0.069710
0.018635
0.033585
-0.020118
-0.127521
-0.060756
0.007846
0.027118
-0.011874
-0.007207
-0.010607
-0.008830
-0.008605
-0.004079
-0.011252
-0.009491
-0.009580
-0.011965
-0.016869
-0.010646
-0.008693
-0.010282
-0.015963
-0.012351
-0.017608
-0.020116
-0.016749
-0.008518
-0.011774
-0.013168
-0.012326
-0.012216
-0.014205
-0.015323
-0.012006
-0.013132
-0.016272
-0.013465
-0.017966
-0.012590
-0.010759
-0.009091
-0.012701
-0.008305
-0.004777
-0.012222
-0.008918
-0.009815
-0.004229
-0.010885
-0.009152
-0.003279
-0.004666
-0.002502
-0.003164
0.002209
-0.004229
0.050442
0.051273
0.050243
0.052087
0.046156
0.047852
0.036474
0.054695
0.049344
0.050072
0.043382
0.042432
0.040335
0.037243
0.052208
0.049474
0.044680
0.043130
0.042457
0.043789
0.038581
0.050154
0.044316
0.045090
0.044523
0.038946
0.041595
0.044420
0.044180
0.040418
0.034078
0.038509
0.037644
0.040769
0.043911
0.038350
0.037878
0.031841
0.033529
0.030594
0.040323
0.042492
0.026703
0.031216
0.029924
0.031012
0.035534
0.045237
0.043674
-0.048617
-0.038791
-0.038600
-0.031835
-0.035135
-0.028647
-0.035638
-0.037020
-0.030565
-0.025658
-0.030128
-0.028869
-0.029487
-0.030914
-0.033983
-0.025714
-0.028807
-0.028934
-0.026848
-0.026196
-0.032181
-0.027970
-0.022848
-0.025122
-0.025729
-0.031864
-0.032360
-0.031037
-0.026796
-0.021124
-0.028315
-0.025189
-0.027505
-0.031103
-0.029649
-0.020832
-0.013409
-0.023532
-0.025279
-0.029134
-0.027698
-0.034152
-0.023933
-0.016366
-0.019638
-0.022724
-0.026660
-0.024532
-0.033117
0.001515
0.004803
0.013100
0.011906
0.006386
0.004765
0.011251
-0.004218
-0.002378
-0.002102
0.000991
-0.001196
0.010618
0.014455
0.005872
-0.004165
0.001818
0.005276
0.008499
0.022505
0.024967
0.010180
0.010263
0.013485
0.016623
0.019746
0.029342
0.033303
0.012208
0.016139
0.018281
0.020471
0.021980
0.025024
0.031983
0.005341
0.007043
0.009350
0.008467
0.009816
0.011363
0.012957
0.005248
0.007141
0.012103
0.003284
0.002402
0.005088
0.011508
0.003463
0.004504
0.012270
0.008456
0.001537
-0.000990
0.004552
-0.010330
-0.013292
-0.015217
-0.014493
-0.019331
-0.006919
-0.002827
-0.001990
-0.018344
-0.014172
-0.011065
-0.009709
0.003692
0.005319
0.002572
-0.002465
0.001475
0.005391
0.005541
0.012591
0.014678
0.003593
0.004325
0.008744
0.013120
0.010209
0.010888
0.015980
-0.005378
-0.006853
-0.001019
-0.002204
-0.003002
-0.004360
-0.004064
-0.004380
-0.007723
0.000801
-0.007356
-0.010615
-0.011087
-0.005714
0.002700
0.004258
0.011238
0.008194
0.002228
0.000621
0.005087
-0.009806
-0.014236
-0.018589
-0.017732
-0.018706
-0.001324
0.000191
-0.001995
-0.021725
-0.018598
-0.013301
-0.008966
0.008954
0.009452
0.002622
-0.004030
-0.000206
0.006524
0.010186
0.019773
0.020869
0.005698
0.006980
0.013154
0.021127
0.022834
0.024353
0.027000
-0.001728
-0.000831
0.006746
0.009093
0.011257
0.010660
0.008979
0.000556
-0.001326
0.007321
0.001652
0.001745
0.000584
0.003975
0.017451
0.001528
-0.004915
-0.008791
-0.011244
-0.005414
-0.009946
-0.010670
-0.023154
-0.027846
-0.043173
-0.050572
-0.026437
-0.045363
-0.006290
-0.017863
-0.045101
-0.029616
0.012820
-0.012754
-0.045201
0.009626
-0.006236
-0.035077
0.077015
0.224255
0.040541
-0.050947
-0.001338
-0.027547
-0.046978
0.036145
0.158718
0.025444
-0.041629
0.000692
-0.023292
-0.040145
-0.061166
-0.052896
-0.032456
-0.035143
0.011490
-0.002481
-0.005542
-0.037702
-0.022979
-0.022840
-0.023916
0.008691
0.006871
-0.002847
-0.000850
0.000722
0.003108
0.003364
-0.008235
-0.004528
-0.012659
-0.020908
-0.029280
-0.007582
-0.013203
-0.010676
-0.009065
-0.039266
-0.029099
-0.006052
-0.018221
-0.028439
0.003559
-0.000126
-0.035059
0.061165
0.185132
0.022480
-0.039146
-0.004413
-0.009980
-0.036770
0.029595
0.131783
0.008046
-0.035468
-0.007039
-0.009294
-0.029467
-0.044894
-0.045704
-0.033085
-0.027057
0.003633
0.010021
0.004871
-0.009029
0.003043
-0.009475
-0.007411
-0.010243
0.013580
0.000596
0.002434
-0.001125
0.001616
-0.002493
-0.007297
0.021013
0.014779
0.014111
0.004676
0.021362
0.010495
-0.014792
0.014148
-0.012904
-0.000431
0.019058
0.004853
0.000445
-0.006228
0.023557
-0.017298
0.045856
0.147755
0.024853
-0.012184
-0.013490
0.013048
-0.020160
0.019035
0.096338
0.011213
-0.008893
-0.023789
0.004449
-0.005587
-0.016549
-0.026017
-0.019571
-0.005997
-0.021178
0.010882
0.012392
0.015773
0.024525
0.002034
0.009022
0.022673
0.066811
0.088299
0.141007
0.144052
0.151412
0.146378
-0.013240
0.071458
0.121833
0.188599
0.202785
0.191286
0.137588
-0.040591
0.061198
0.132018
0.189092
0.187974
0.125190
0.064547
0.038763
0.091480
0.135802
0.162215
0.138371
0.111726
0.070010
-0.001608
-0.013309
-0.040738
-0.112019
-0.123542
-0.093398
-0.082102
0.023167
-0.091785
-0.181502
-0.284907
-0.299691
-0.219463
-0.166471
-0.039561
-0.137276
-0.222684
-0.326537
-0.314151
-0.242647
-0.177385
0.070742
0.084584
0.082046
0.087744
0.076257
0.086704
0.081928
0.052808
0.057659
0.064735
0.051203
0.056582
0.070996
0.074520
0.029997
0.025464
0.024884
0.023063
0.041131
0.014995
0.027824
0.015214
-0.001169
-0.002954
0.003270
0.006451
0.013747
0.014452
-0.017706
-0.036909
-0.049361
-0.053095
-0.027161
-0.017995
-0.035317
-0.016275
-0.064421
-0.075256
-0.061385
-0.076737
-0.062366
-0.072646
-0.049614
-0.072124
-0.088827
-0.097556
-0.112178
-0.104254
-0.079093
-0.093618
-0.154479
-0.179303
-0.228693
-0.230442
-0.248247
-0.255250
-0.032970
-0.121709
-0.181671
-0.251376
-0.256897
-0.225453
-0.180447
0.007970
-0.072900
-0.156443
-0.219522
-0.215138
-0.185510
-0.109057
-0.052542
-0.095609
-0.133778
-0.155137
-0.169883
-0.136177
-0.071708
0.003666
0.055213
0.082834
0.122844
0.146463
0.137702
0.119981
0.032230
0.147211
0.236440
0.385052
0.381055
0.311123
0.212447
0.067317
0.205379
0.290073
0.452463
0.430866
0.330815
0.252682
-0.077060
-0.029199
-0.058518
-0.015468
-0.010680
-0.035040
-0.037275
-0.029302
0.025117
0.001696
0.055342
0.085790
0.064988
0.055608
-0.057877
-0.010417
-0.003836
0.073709
0.111432
0.095820
0.084441
-0.034296
0.035270
0.064291
0.175203
0.211610
0.196113
0.186335
-0.027878
0.028516
0.079982
0.171585
0.231303
0.202541
0.170480
-0.049144
0.035355
0.068437
0.157913
0.185447
0.159670
0.133875
-0.057881
0.025484
0.052098
0.143221
0.162967
0.139222
0.118075
0.110898
0.063490
0.068025
0.048909
0.051935
0.053835
0.085658
0.068287
0.006006
0.007801
-0.066235
-0.081313
-0.057447
-0.012289
0.072474
0.011427
-0.040258
-0.173103
-0.205647
-0.164380
-0.089176
0.060940
-0.030800
-0.135824
-0.311366
-0.371262
-0.315943
-0.207937
0.057391
-0.039988
-0.138924
-0.354637
-0.404601
-0.332384
-0.226426
0.068024
-0.016264
-0.084112
-0.265672
-0.319851
-0.255482
-0.167432
0.092927
-0.006007
-0.045721
-0.158268
-0.198172
-0.178601
-0.120760
-0.020903
-0.033019
-0.015332
-0.032666
-0.026729
-0.034979
-0.048221
-0.046351
-0.044067
-0.009513
-0.003620
-0.010449
-0.014148
-0.041003
-0.035854
-0.017830
0.027764
0.062027
0.077039
0.053080
-0.016293
-0.027445
0.006859
0.056374
0.148418
0.162450
0.112470
0.013457
-0.026336
-0.014969
0.053292
0.151134
0.205696
0.136076
0.022038
-0.025543
-0.024423
0.023860
0.091530
0.122768
0.109733
0.017074
-0.023794
-0.061262
-0.016873
0.015057
0.039241
0.021066
-0.008505
0.025933
0.020876
0.020377
0.020357
0.020428
0.022317
0.030593
0.010116
0.002621
-0.000411
0.015420
0.030683
0.028201
0.036687
0.001620
-0.010528
-0.016257
0.003987
0.029426
0.036078
0.036039
0.003602
-0.008571
-0.010999
0.005992
0.037709
0.046061
0.037198
-0.002487
-0.013469
-0.005474
0.008992
0.031843
0.040014
0.034806
-0.004594
-0.019353
-0.016481
-0.005393
0.024081
0.038351
0.024812
-0.006011
-0.009719
-0.020619
-0.015448
0.012770
0.027397
0.022230
0.015176
0.006785
0.004838
-0.000171
-0.000975
-0.004232
0.006116
-0.000061
-0.014252
-0.023252
-0.012260
0.000828
-0.002302
0.006985
-0.003961
-0.024286
-0.034321
-0.019588
0.001844
0.005964
0.008150
0.000040
-0.018549
-0.024383
-0.014896
0.010530
0.014824
0.006812
-0.000602
-0.018112
-0.014757
-0.008718
0.007458
0.010321
0.003302
0.002683
-0.021508
-0.024135
-0.019707
0.001802
0.010857
-0.003853
-0.001198
-0.015543
-0.029846
-0.029797
-0.008355
0.000758
-0.005853
0.025461
0.020399
0.017721
0.010745
0.005683
-0.000247
0.003607
0.018020
0.005665
-0.006298
0.001495
0.009508
0.003357
0.003269
0.020046
0.001798
-0.011268
-0.001327
0.012753
0.011197
0.006693
0.024444
0.009539
0.000989
0.005827
0.022206
0.018924
0.006167
0.023913
0.009872
0.011868
0.014607
0.021224
0.013279
-0.000100
0.027100
0.008241
0.004963
0.005908
0.018625
0.017079
-0.005902
0.022346
0.010148
-0.003996
-0.008238
0.007768
0.009053
-0.004599
0.007589
0.022919
0.051927
0.052514
0.047143
0.015405
-0.018232
-0.012148
-0.049809
-0.077411
-0.054628
-0.005122
-0.009075
-0.066735
0.043019
-0.036180
-0.051464
-0.022327
0.023428
0.001253
-0.041666
0.040664
0.016609
0.038282
0.062505
0.040211
-0.027408
-0.051188
0.011720
-0.009485
0.012994
-0.005304
-0.015025
-0.023018
-0.034873
-0.020363
-0.043781
-0.027389
-0.026603
-0.027376
-0.030238
-0.046431
-0.001262
-0.033258
-0.029933
-0.014091
-0.010092
-0.021412
-0.030215
0.007176
0.011646
0.019723
0.007240
0.019350
0.019983
0.011325
-0.006665
-0.114015
-0.192251
-0.168056
-0.069745
0.002709
-0.012303
0.031804
-0.110799
-0.166844
-0.115754
-0.005923
0.031411
0.021548
0.024454
-0.016891
-0.002323
0.040414
0.060450
0.019481
0.013941
0.010685
0.009849
0.043115
0.036030
0.031396
0.031347
0.037940
-0.009876
-0.003898
0.019464
0.019412
0.010953
0.008743
0.006063
0.024357
0.025682
0.026555
0.032905
0.029117
0.025209
0.023624
0.022276
0.041563
0.040058
0.017367
0.020953
0.021896
0.019220
0.012572
-0.078571
-0.161589
-0.151001
-0.060959
0.027776
0.029561
0.040588
-0.094091
-0.164330
-0.129026
-0.020152
0.038370
0.039134
0.019620
-0.010298
-0.007687
0.030456
0.050572
0.023488
0.029507
-0.006048
0.014017
0.042595
0.045167
0.041762
0.044917
0.056549
-0.029461
-0.000079
0.019221
0.019859
0.008697
0.003106
0.008874
0.017242
0.041537
0.030254
0.025192
0.014574
0.006383
0.014565
0.014839
0.000972
-0.007349
-0.017818
-0.014798
0.008753
0.009757
0.011833
-0.004536
-0.017351
-0.027873
-0.028233
0.001662
0.022157
0.012135
-0.024026
-0.045635
-0.040508
-0.040399
-0.025909
-0.008667
0.000071
-0.056519
-0.045794
0.006372
0.011957
-0.027345
-0.041300
-0.006156
-0.043591
-0.009099
0.130191
0.148966
0.010472
-0.037592
0.005026
-0.029714
-0.044671
0.024796
0.034493
-0.028119
-0.028989
0.015685
-0.000189
-0.012167
-0.036305
-0.036701
-0.019507
-0.022621
-0.014210
-0.028800
-0.031278
-0.028213
-0.023217
-0.019252
-0.028710
-0.014572
-0.023608
-0.029714
-0.024674
-0.015184
-0.014127
-0.010321
-0.026021
-0.039221
-0.037869
-0.009342
-0.005918
-0.023330
-0.034080
-0.017448
-0.035960
0.014748
0.098749
0.091098
0.009726
-0.038330
-0.023007
-0.016143
0.055855
0.222294
0.232967
0.054822
-0.029187
-0.038133
-0.038665
-0.022003
0.075351
0.081939
-0.011075
-0.041296
-0.041729
-0.043805
-0.042592
-0.043894
-0.034931
-0.038629
-0.054537
-0.021969
0.007758
-0.003530
0.000486
0.003294
-0.010421
-0.035835
0.000933
0.049407
0.047976
0.048578
0.051466
0.036279
0.025671
-0.011299
0.049213
0.050570
0.056939
0.043523
0.027604
0.025383
0.022835
0.068132
0.079462
0.106985
0.083285
0.048045
0.042587
0.013840
0.068007
0.082510
0.160493
0.155505
0.064367
0.049117
-0.009615
0.037417
0.021903
0.068100
0.066932
0.020642
0.031930
-0.021568
0.036515
0.036045
0.038915
0.038125
0.035208
0.028931
0.002698
0.006546
0.008975
0.027015
0.007335
-0.082211
0.052140
0.007836
0.011204
0.008050
-0.109102
0.054232
0.144101
-0.114793
-0.015054
-0.002638
-0.018203
0.241876
-0.315880
0.031919
0.082660
-0.024008
0.117355
-0.232222
0.001844
0.421205
-0.359991
0.070032
0.000984
-0.063189
0.360921
-0.465915
0.053915
0.236740
-0.079675
0.066475
-0.178599
0.021379
0.291906
-0.283887
0.028168
0.005258
-0.023097
0.115713
-0.140817
0.005800
0.074621
-0.037347
0.031492
-0.003665
-0.002342
0.012701
0.028460
0.029935
-0.077993
0.040616
0.008306
-0.001813
0.003774
-0.116967
-0.007628
0.157756
-0.103340
-0.008323
-0.011513
0.005208
0.343800
-0.365690
-0.021031
0.127618
-0.022261
0.106644
-0.341667
0.015875
0.599769
-0.416438
0.032586
-0.000574
-0.010180
0.352624
-0.658728
0.111806
0.311531
-0.101798
0.064129
-0.182283
0.116549
0.281303
-0.360352
0.042598
0.015521
-0.030270
0.095214
-0.137149
0.040956
0.073449
-0.050435
0.015860
-0.014773
-0.021894
-0.004229
0.033049
0.025931
-0.064342
0.042689
0.008423
0.023548
0.002050
-0.131872
0.004758
0.158674
-0.126907
-0.017743
0.002370
0.017827
0.284537
-0.353105
0.016415
0.114458
-0.028954
0.096174
-0.282096
0.022026
0.478259
-0.409907
0.053054
-0.004409
-0.037301
0.343049
-0.528051
0.104193
0.249031
-0.101342
0.064452
-0.170226
0.061959
0.283120
-0.300035
0.040775
0.013911
-0.033404
0.111320
-0.138693
-0.001236
0.076928
-0.027362
-0.005948
-0.027946
0.010188
-0.000526
0.036531
-0.050241
-0.003774
-0.003165
-0.011167
0.041860
0.039436
0.000482
-0.087958
0.042484
-0.002729
-0.011299
0.082404
0.014647
-0.095893
-0.127318
0.084487
0.014920
0.009330
0.115902
-0.000730
-0.177967
-0.098408
0.116383
0.035841
0.021748
0.104922
-0.025421
-0.185092
-0.039906
0.114630
0.026507
0.019231
0.077329
-0.058296
-0.125862
-0.009122
0.089625
0.014234
-0.020176
0.022413
-0.076505
-0.062806
-0.003877
0.089094
0.003223
-0.008761
0.029891
-0.004777
-0.038205
-0.103438
0.012776
0.077437
0.028088
0.088581
0.026803
-0.125304
-0.174590
0.080517
0.104099
0.052163
0.162236
-0.011290
-0.294535
-0.237754
0.175506
0.166331
0.066423
0.184591
-0.095250
-0.454797
-0.218315
0.242105
0.211271
0.069601
0.139294
-0.135749
-0.434574
-0.115916
0.256828
0.207762
0.058220
0.087127
-0.150857
-0.306318
-0.025927
0.218357
0.153440
0.014774
0.018776
-0.144217
-0.180140
-0.003153
0.182243
0.101927
-0.017567
0.007264
-0.013889
-0.049461
-0.096490
0.005776
0.039990
0.009423
0.042621
0.010665
-0.084199
-0.131807
0.076851
0.062486
0.007196
0.097811
-0.008077
-0.191272
-0.161305
0.134851
0.091052
0.008454
0.117276
-0.043567
-0.283736
-0.129338
0.172609
0.115512
0.008984
0.082091
-0.055628
-0.284454
-0.076575
0.175656
0.108672
0.018770
0.068316
-0.069067
-0.195726
-0.015848
0.159990
0.089891
-0.012518
-0.000240
-0.086490
-0.133447
-0.006395
0.143503
0.047031
0.012813
0.026490
-0.001450
-0.058048
0.026799
0.017336
-0.007756
-0.019797
-0.029050
0.013267
0.128468
0.021794
-0.129869
-0.047778
-0.016889
0.007123
0.016058
-0.241963
-0.247758
0.062161
0.128939
-0.026855
-0.024504
-0.160076
0.046509
0.395583
0.180942
-0.033989
0.016937
0.005658
0.197901
0.322256
-0.107614
-0.228095
-0.030373
-0.009499
0.045260
-0.044154
-0.279220
-0.127318
0.125810
0.024669
0.001891
-0.030843
-0.027737
0.069807
0.069415
-0.043538
-0.029700
0.004673
0.015564
-0.018809
-0.051617
0.046666
0.037703
-0.002937
0.001306
-0.010023
0.064529
0.163406
-0.025600
-0.182637
-0.048081
-0.024383
-0.004921
-0.036029
-0.403644
-0.342551
0.098570
0.187606
-0.018559
-0.061774
-0.226285
0.135405
0.645154
0.310116
-0.046626
0.025276
0.058426
0.355458
0.507618
-0.151174
-0.399135
-0.125597
-0.006367
0.058111
-0.089782
-0.465647
-0.323271
0.069547
0.045629
0.006009
-0.041259
-0.054618
0.084319
0.149020
0.030247
0.015665
-0.008538
-0.006570
-0.051818
-0.062500
0.054710
0.048756
0.016055
0.015421
-0.005945
0.075752
0.234467
0.048700
-0.147292
-0.047027
0.013522
0.048864
0.053786
-0.283268
-0.318794
0.036487
0.117362
-0.011188
-0.053179
-0.234163
-0.010731
0.426630
0.178830
-0.076153
0.007880
0.001223
0.225232
0.353119
-0.143519
-0.275376
-0.038297
-0.007146
0.045558
-0.079530
-0.364163
-0.196704
0.138376
0.072542
0.011480
-0.027493
-0.020613
0.129729
0.158413
0.002104
-0.022308
-0.002397
0.011613
0.007365
-0.019482
-0.014607
-0.002971
0.013996
-0.008302
-0.022745
0.008237
0.078756
0.048555
-0.021754
-0.040468
0.012370
-0.038727
-0.130027
-0.121222
0.071871
0.137415
0.043367
0.032420
0.064914
0.066507
-0.141802
-0.329639
-0.162787
-0.019280
-0.009194
-0.010559
0.160372
0.338770
0.196982
-0.014159
-0.051086
0.006694
-0.058280
-0.162553
-0.126959
0.068508
0.111649
0.035139
0.010212
0.038192
0.053307
-0.031131
-0.071050
-0.022938
0.025866
-0.016369
0.016178
0.038973
0.016405
-0.020082
-0.009645
-0.007982
-0.029654
-0.036387
0.032652
0.163166
0.149469
0.049366
-0.021435
-0.002229
-0.092636
-0.296708
-0.324759
0.008890
0.211861
0.108681
0.062581
0.166215
0.118858
-0.315527
-0.648396
-0.389217
-0.115153
-0.008547
0.070281
0.378920
0.684068
0.415087
-0.003464
-0.131961
-0.022350
-0.133639
-0.249700
-0.094561
0.231139
0.272580
0.080486
-0.011425
0.018894
-0.003553
-0.132806
-0.176985
-0.061874
0.021952
-0.002973
0.022771
0.011713
0.010778
-0.038932
-0.023309
0.008941
-0.021042
-0.021584
0.025911
0.151998
0.104357
-0.009798
-0.067846
-0.000116
-0.071856
-0.217984
-0.170093
0.099427
0.201927
0.073519
0.051570
0.108812
0.058450
-0.232086
-0.456458
-0.225963
-0.039181
-0.016675
0.029725
0.239459
0.478535
0.279731
-0.010763
-0.089550
-0.024192
-0.092723
-0.215681
-0.121889
0.117023
0.162974
0.069531
0.008292
0.056643
0.037438
-0.039144
-0.116962
-0.054660
0.040379
-0.020649
0.014625
-0.027129
-0.018292
-0.008643
-0.006385
0.022384
-0.007704
0.046780
-0.000188
0.026059
0.022300
0.014809
0.034431
0.004427
0.051349
0.025079
0.032648
0.016184
-0.004182
0.054354
0.010415
0.051270
0.023606
0.002118
-0.017010
0.002246
0.032314
-0.005681
0.024804
-0.011359
-0.030000
-0.080280
-0.068300
-0.021681
0.001098
-0.002014
-0.005269
-0.026520
-0.076601
-0.057518
-0.001118
0.027374
0.031709
0.005400
-0.024118
-0.041753
-0.037973
-0.011382
-0.097747
-0.041716
-0.065942
-0.025080
-0.039159
-0.067643
-0.055912
-0.011239
0.066318
0.048933
0.105860
0.085697
0.050847
0.047547
0.010271
0.099932
0.107395
0.157511
0.131631
0.084354
0.121970
0.045756
0.157383
0.157462
0.189887
0.152226
0.143953
0.168515
0.015250
0.124594
0.094128
0.110991
0.055750
0.052231
0.102996
-0.025521
0.046785
0.044130
0.060629
0.014684
0.012660
0.061334
-0.040377
0.014866
0.001946
0.016498
0.003634
-0.000834
0.015601
-0.058888
-0.024440
-0.037074
-0.036789
-0.054918
-0.066524
-0.033483
-0.025829
0.046679
0.035195
0.052079
0.041478
0.015467
0.025775
-0.005293
0.072879
0.071539
0.080996
0.070119
0.044414
0.067058
0.022535
0.094738
0.090101
0.089596
0.071224
0.088364
0.081210
0.010595
0.092510
0.049466
0.026679
-0.019884
-0.007285
0.009501
-0.019113
0.027394
0.017078
-0.024810
-0.069559
-0.047485
-0.005103
-0.038125
0.000535
-0.023630
-0.068198
-0.075577
-0.043470
-0.023204
-0.005656
0.026634
0.011361
0.008387
0.011927
-0.005653
-0.026061
0.014488
0.014989
-0.039814
-0.044098
0.011943
0.014409
-0.006312
-0.020758
-0.026843
-0.064854
0.040977
0.134110
0.002160
-0.044052
0.029710
0.027114
0.061098
0.237121
0.092291
-0.143873
-0.065763
0.000049
0.005410
0.035373
-0.008055
-0.258404
-0.183932
0.021091
-0.016278
-0.020119
-0.033838
-0.113881
-0.149583
0.035553
0.115766
-0.014568
-0.015900
-0.010938
-0.009416
0.039012
0.113481
0.053878
-0.030226
-0.030502
-0.060458
-0.016665
0.024257
0.024278
-0.014998
-0.038261
-0.046233
-0.075839
0.010551
0.118718
0.076188
-0.001010
-0.078399
-0.052462
-0.010888
0.264595
0.345866
0.041210
-0.093248
0.036247
0.104744
0.264167
0.539345
0.162259
-0.304532
-0.221475
0.043803
0.089755
0.170194
0.048286
-0.489325
-0.471505
-0.086690
0.028908
0.007665
-0.038236
-0.231375
-0.380503
-0.057291
0.158127
-0.017943
-0.038421
-0.056142
-0.089046
-0.032146
0.146467
0.123898
-0.017402
-0.008565
-0.044574
-0.024718
0.013201
0.021904
0.002346
-0.019491
-0.024555
-0.061688
-0.013087
0.074256
0.062356
0.007281
-0.061157
-0.038689
-0.054662
0.151836
0.262116
0.054308
-0.050857
0.012552
0.064338
0.146827
0.391310
0.155874
-0.191445
-0.119364
0.046797
0.073851
0.103895
0.041469
-0.340862
-0.293137
-0.014420
0.053050
0.035366
-0.026763
-0.139569
-0.252704
-0.024614
0.111844
0.006130
-0.020479
-0.055592
-0.065791
-0.020284
0.094039
0.045222
-0.013349
-0.021996
-0.058791
0.018946
0.043716
0.001687
0.002278
-0.004400
-0.006784
-0.085431
0.011041
0.078211
0.013777
0.010304
-0.004758
-0.000436
-0.097400
-0.038986
0.093930
0.000351
-0.030282
0.017337
0.024897
-0.120567
-0.154217
0.119907
0.101664
0.009768
0.015731
0.081186
-0.030209
-0.297466
-0.062579
0.107724
0.007036
0.011950
0.082526
0.141925
-0.156187
-0.186781
0.020315
0.044911
-0.010438
0.035493
0.118042
0.049295
-0.096431
-0.106086
0.005210
-0.020487
-0.028742
-0.038256
0.080405
0.121417
-0.009567
-0.030472
-0.010659
-0.032744
-0.135166
0.018594
0.190510
0.050070
-0.007745
-0.002117
-0.033936
-0.200318
-0.109921
0.230369
0.121432
-0.025422
0.042909
0.020409
-0.259103
-0.362685
0.215690
0.312379
0.092168
0.048665
0.129101
-0.122668
-0.624220
-0.155222
0.258808
0.133756
0.057000
0.179615
0.204067
-0.355722
-0.381400
0.023587
0.133474
0.009481
0.094334
0.230022
0.003572
-0.222812
-0.165707
0.027298
-0.006115
-0.026396
-0.034293
0.045845
0.064973
-0.032594
-0.036644
0.012969
-0.018606
-0.082055
0.029207
0.112820
-0.004037
-0.052673
0.006764
-0.003841
-0.081014
-0.027721
0.173200
0.033289
-0.096032
0.009245
0.021413
-0.113103
-0.161191
0.226353
0.204028
-0.014493
-0.031790
0.058278
-0.037006
-0.379684
-0.030576
0.203388
0.038508
-0.024190
0.060006
0.155393
-0.224390
-0.208918
0.078346
0.106778
-0.041155
-0.004445
0.137392
0.014233
-0.129570
-0.107201
0.031152
-0.072564
-0.016164
-0.036356
-0.017221
-0.012076
-0.004800
-0.014135
-0.038639
0.031569
0.000681
0.041862
0.047139
0.029733
0.036268
-0.029177
0.019316
0.015527
0.052962
0.073007
0.052952
0.074250
-0.008789
0.051484
0.052354
0.097733
0.112249
0.102485
0.140276
-0.006429
0.057439
0.065799
0.098065
0.090705
0.076127
0.127547
-0.003689
0.048554
0.055387
0.086007
0.079315
0.074231
0.104400
-0.017033
0.027572
0.047726
0.086631
0.104571
0.087446
0.106570
0.047746
0.035323
0.053857
0.028292
0.019174
0.028980
0.039601
0.019913
0.009400
0.031396
0.008854
0.005835
-0.027476
-0.025295
0.034141
0.012713
0.033857
-0.020317
-0.030042
-0.062248
-0.040243
0.002737
-0.018296
-0.029321
-0.113567
-0.151320
-0.159735
-0.130211
0.016412
-0.023791
-0.061936
-0.180922
-0.240819
-0.235873
-0.184036
0.014567
-0.050830
-0.094008
-0.214770
-0.259729
-0.244167
-0.197136
0.011061
-0.053711
-0.087125
-0.190266
-0.212986
-0.201441
-0.159132
-0.039981
-0.025417
-0.037337
-0.027441
-0.060290
-0.043582
-0.028023
-0.003963
0.021374
0.001094
0.025214
0.017708
0.004559
0.039425
0.007934
0.023577
0.013553
0.041055
0.058403
0.034637
0.061680
0.012097
0.065266
0.065549
0.104014
0.116495
0.125044
0.119558
-0.001323
0.052396
0.062025
0.134672
0.157437
0.142135
0.111180
-0.005668
0.026891
0.053495
0.123778
0.136017
0.139926
0.097675
-0.011796
0.044684
0.059068
0.094396
0.085867
0.094933
0.092618
-0.047360
0.021477
0.001990
0.019120
0.000154
0.007989
0.015223
0.003349
0.066912
0.043740
0.043938
-0.022506
-0.041222
-0.069703
0.025563
0.103014
0.049231
0.025356
-0.045180
-0.059694
-0.073757
0.034862
0.105070
0.055418
0.017383
-0.058003
-0.072448
-0.079691
0.045532
0.109343
0.059268
0.010920
-0.056003
-0.064395
-0.081980
0.059985
0.088582
0.042238
0.009470
-0.062843
-0.090527
-0.097857
0.072429
0.090462
0.039642
-0.000009
-0.071766
-0.098446
-0.061526
-0.011109
0.076235
0.037788
0.048367
-0.035721
-0.057602
-0.065236
0.066200
0.146601
0.103286
0.088996
-0.039851
-0.107643
-0.175936
0.104652
0.193336
0.129537
0.078615
-0.073526
-0.156190
-0.214884
0.128171
0.208658
0.122751
0.057608
-0.109264
-0.199520
-0.237372
0.150933
0.218612
0.138919
0.048461
-0.121541
-0.196189
-0.234113
0.151520
0.197970
0.118291
0.045453
-0.116617
-0.200040
-0.224337
0.135261
0.165814
0.092677
0.032273
-0.100423
-0.166312
-0.173314
-0.068479
0.028465
0.004698
0.039913
-0.010355
-0.019560
-0.065095
0.016452
0.108136
0.075736
0.087701
-0.003122
-0.043984
-0.124793
0.039585
0.139584
0.088013
0.065990
-0.035511
-0.082058
-0.148684
0.059982
0.143157
0.066134
0.041093
-0.070261
-0.116164
-0.166004
0.082717
0.154562
0.077719
0.037064
-0.072263
-0.111258
-0.176126
0.087005
0.138874
0.069782
0.040490
-0.069314
-0.122365
-0.169682
0.084351
0.135858
0.064385
0.029996
-0.068358
-0.122637
-0.148438
0.020422
-0.020765
0.040780
-0.052858
-0.086437
0.055537
0.223050
-0.009812
-0.022220
0.125178
0.040042
-0.163475
-0.263582
-0.123228
-0.016899
0.018307
0.300305
0.330637
0.036465
-0.369432
-0.413446
-0.145759
-0.087345
0.346825
0.560363
0.352876
-0.133169
-0.382705
-0.219202
-0.297767
0.095233
0.417175
0.406605
0.087042
-0.195977
-0.097398
-0.358204
-0.176989
0.062603
0.199610
0.133281
-0.023372
0.179493
-0.089606
-0.124289
-0.119562
-0.012762
0.072405
0.027915
-0.007100
0.018881
0.024407
0.029664
-0.010599
-0.072935
-0.097158
-0.000844
0.034975
0.032719
0.040142
0.022247
-0.021020
-0.060879
-0.014442
0.006921
0.003115
0.009080
0.034734
0.035736
-0.017314
-0.020752
-0.015760
-0.009268
-0.001522
0.022817
0.051788
0.001590
-0.009000
-0.005037
-0.004508
-0.011249
0.014107
0.041457
0.019889
-0.019162
-0.013053
0.001591
-0.009421
0.020144
0.039082
0.030828
-0.042835
-0.045630
-0.032640
-0.000292
0.020478
0.004748
0.001222
-0.010969
0.005857
-0.071579
0.029837
0.093883
0.017136
-0.130906
0.008989
-0.009475
-0.162683
-0.070892
0.147267
0.291998
0.194037
0.039846
-0.030911
-0.313474
-0.341490
-0.077103
0.326277
0.424776
0.171888
0.109082
-0.340670
-0.552641
-0.373159
0.090364
0.384428
0.225453
0.305072
-0.096798
-0.411252
-0.423144
-0.138311
0.176968
0.120416
0.363493
0.189132
-0.058541
-0.210268
-0.177468
-0.000075
-0.126627
0.129416
0.157382
0.125471
-0.006676
-0.079837
-0.026262
0.065031
-0.028799
-0.020451
-0.034636
0.006038
0.008358
0.003845
-0.021164
-0.106545
-0.072977
-0.048318
0.025834
0.051904
0.072350
-0.028668
-0.093800
-0.089181
-0.040112
0.029453
0.085530
0.131507
-0.005401
-0.083961
-0.076263
-0.031926
0.049031
0.074461
0.126552
-0.027274
-0.106471
-0.081042
-0.010200
0.060769
0.048924
0.108170
-0.003313
-0.100865
-0.069750
-0.025497
0.037837
0.055113
0.097968
0.037568
-0.075223
-0.063543
-0.024874
0.021832
0.054506
0.075610
-0.001753
-0.080071
-0.047127
-0.021195
0.070048
0.090903
0.086927
-0.115837
-0.192051
-0.131284
-0.051636
0.091346
0.143792
0.170144
-0.129538
-0.209294
-0.154771
-0.030065
0.107353
0.189531
0.242022
-0.116115
-0.219635
-0.176901
-0.036073
0.128266
0.194761
0.256822
-0.133781
-0.230684
-0.181128
-0.026296
0.134367
0.171979
0.246613
-0.105910
-0.222498
-0.164950
-0.045482
0.104890
0.166607
0.218669
-0.062402
-0.184573
-0.138030
-0.030966
0.093613
0.143040
0.180053
-0.000887
-0.041383
-0.006181
0.005708
0.043975
0.017269
-0.016908
-0.065307
-0.101577
-0.063756
-0.010476
0.075386
0.082647
0.077476
-0.081074
-0.111056
-0.085358
-0.004069
0.087807
0.115582
0.141636
-0.085445
-0.127951
-0.108866
-0.022670
0.082674
0.115940
0.163487
-0.112339
-0.146405
-0.100602
0.002587
0.100699
0.106943
0.161388
-0.091750
-0.153300
-0.099590
-0.017020
0.085806
0.110351
0.143271
-0.058201
-0.137669
-0.088093
-0.012297
0.068322
0.090522
0.112169
-0.001414
-0.007357
-0.042640
0.002596
-0.020264
0.067593
-0.017187
0.004158
0.005035
-0.023993
-0.047244
0.046154
0.110035
-0.040125
0.004094
0.028378
-0.023883
-0.188452
0.169821
0.090349
-0.090379
-0.003200
0.024312
0.013033
-0.302106
0.312889
0.046629
-0.118796
0.016452
-0.005420
0.039651
-0.267432
0.323881
0.012162
-0.088576
0.009464
-0.004292
0.016589
-0.166457
0.176381
0.004842
-0.069933
-0.009419
0.010941
-0.021457
-0.048202
0.088362
0.039657
-0.013437
-0.001244
0.017074
-0.051216
-0.017590
-0.006295
0.133753
-0.028600
0.005327
0.057098
-0.072620
-0.149124
0.112434
0.197895
-0.139892
0.007263
0.112686
-0.086291
-0.370514
0.363218
0.236058
-0.228377
0.000017
0.097022
-0.089342
-0.553257
0.584215
0.214309
-0.283750
0.020565
0.058134
-0.053899
-0.484004
0.575072
0.154145
-0.228515
0.008169
0.028958
-0.034535
-0.292682
0.318571
0.101334
-0.161021
-0.009716
0.028369
-0.047583
-0.108298
0.140977
0.098936
-0.056175
-0.003653
-0.018604
-0.032920
0.038457
-0.004423
0.109732
-0.047753
-0.006342
0.018023
-0.035515
-0.068745
0.079529
0.132966
-0.123105
-0.009909
0.050896
-0.018021
-0.232811
0.252870
0.139835
-0.181970
-0.015037
0.041275
-0.001438
-0.367699
0.405877
0.099050
-0.198951
0.020482
0.018139
0.031829
-0.335103
0.392669
0.042476
-0.159782
0.009425
-0.000863
0.013310
-0.209067
0.216089
0.042136
-0.111749
0.003941
0.000518
-0.033807
-0.070639
0.100707
0.079972
-0.051003
0.006769
-0.010111
-0.002084
0.008843
0.006612
0.013556
0.005546
-0.000739
-0.014133
-0.020448
-0.009807
-0.020873
-0.021652
-0.016728
0.026243
0.013523
-0.014639
-0.021388
-0.010928
-0.001405
0.028596
0.004282
0.062476
0.121259
0.192770
0.163065
0.070377
0.003651
-0.028464
-0.068463
-0.137869
-0.167053
-0.109301
0.004761
0.009848
-0.030178
-0.054675
-0.066745
-0.093693
-0.143479
-0.139973
-0.097193
0.018692
0.044255
0.056906
0.105538
0.114675
0.086567
0.004525
0.015620
-0.023777
-0.017261
-0.019157
-0.008207
0.005995
0.002931
0.005677
-0.016652
-0.052339
-0.070099
-0.079483
-0.065414
-0.030660
0.063957
0.086320
0.091425
0.095467
0.073178
0.053712
0.077476
0.060044
0.179570
0.359525
0.513414
0.471507
0.290190
0.132806
-0.099019
-0.204861
-0.334873
-0.394342
-0.254905
-0.033283
0.016880
-0.085781
-0.166021
-0.253164
-0.360374
-0.414228
-0.340581
-0.204629
0.077118
0.130032
0.182463
0.222338
0.212794
0.140066
0.033391
0.011962
-0.012621
-0.012020
-0.016935
-0.007358
-0.010475
-0.003588
-0.019733
-0.020542
-0.046577
-0.056711
-0.085118
-0.073310
-0.040395
0.035721
0.053783
0.040320
0.025462
0.007353
0.021003
0.075397
0.020906
0.135103
0.269036
0.386862
0.333586
0.202374
0.100906
-0.083160
-0.136912
-0.223213
-0.262613
-0.175661
0.001365
0.037233
-0.067459
-0.104017
-0.155247
-0.240075
-0.299839
-0.242198
-0.158989
0.035177
0.098868
0.131307
0.158153
0.142340
0.107563
0.003021
-0.004527
0.018401
0.006086
0.028699
0.028601
-0.002038
-0.025863
0.004478
-0.002129
-0.014371
0.021810
0.015695
0.011956
0.002133
0.001052
-0.004528
-0.000418
0.020375
0.019750
0.011065
-0.014254
-0.005692
0.000217
-0.026448
0.040857
0.096767
0.072527
0.009687
0.005290
-0.001152
-0.017900
0.101796
0.196274
0.166559
0.043025
-0.011312
-0.025166
-0.030012
0.096740
0.165962
0.116226
-0.002328
-0.009647
-0.003769
0.009413
0.060491
0.053282
0.019323
-0.017578
0.023202
0.011265
0.002580
0.000289
0.019271
-0.024126
-0.028159
0.016905
0.008503
0.002356
0.007738
0.025129
-0.004807
-0.007885
0.003451
-0.002030
0.018672
0.018068
0.034201
0.004584
-0.021148
-0.015110
-0.003516
-0.006617
0.054516
0.118771
0.070553
-0.011198
-0.007520
0.004242
0.015387
0.123876
0.223291
0.165380
0.044413
-0.017717
-0.007109
0.015382
0.131711
0.208269
0.143143
0.012053
-0.008851
0.003323
0.034499
0.080861
0.095560
0.041248
-0.008327
0.024829
-0.007427
-0.012105
-0.012239
0.026205
-0.001242
-0.010690
0.006281
-0.017635
-0.022102
-0.017561
0.011271
-0.010391
-0.027354
-0.000001
-0.034491
-0.007483
-0.007959
0.022280
-0.001984
-0.036027
-0.015233
-0.030234
-0.014602
0.044574
0.110691
0.075321
0.003331
-0.007761
-0.023191
-0.002396
0.099039
0.179988
0.140195
0.031071
-0.014509
-0.039572
-0.013320
0.087228
0.155936
0.102405
-0.017003
-0.002883
-0.019899
0.004866
0.051422
0.070790
0.023365
-0.036950
0.007892
0.007125
-0.000620
-0.004589
0.000856
0.005902
0.007368
0.003196
-0.001814
-0.002000
-0.002726
0.004992
0.013755
0.011120
-0.002456
-0.002859
-0.000858
-0.000190
0.011629
0.018743
0.016609
0.000716
-0.004019
0.000784
-0.001740
0.013406
0.028027
0.021740
-0.010837
-0.016346
-0.008323
-0.010731
-0.005113
0.008780
0.011140
-0.011855
-0.017565
-0.012361
-0.012820
-0.008334
-0.005743
-0.004775
-0.005523
-0.011184
-0.011179
-0.015122
-0.008913
-0.005791
-0.002209
0.011952
0.009815
0.001253
-0.001735
0.003662
0.006099
0.007115
0.005001
-0.000493
-0.003632
-0.005780
0.002240
0.010263
0.009543
-0.002647
-0.004148
-0.003611
-0.004582
0.004605
0.013756
0.015848
0.000707
-0.005688
-0.001990
-0.006034
0.006626
0.023941
0.018572
-0.009955
-0.015987
-0.010206
-0.013158
-0.008288
0.005139
0.008484
-0.011228
-0.017829
-0.014628
-0.013817
-0.010377
-0.007396
-0.008740
-0.005138
-0.011670
-0.011529
-0.014675
-0.008821
-0.007845
-0.006412
-0.003849
-0.001298
-0.008247
-0.010261
-0.004985
-0.005100
-0.008373
-0.008044
-0.011807
-0.012873
-0.015218
-0.009104
-0.004055
-0.008202
-0.010316
-0.009692
-0.008663
-0.011688
-0.006388
-0.001113
-0.002775
-0.005151
-0.008599
-0.005019
-0.012404
-0.003557
0.007781
-0.000970
-0.012688
-0.014234
-0.010084
-0.015980
-0.014336
-0.005368
-0.006225
-0.014552
-0.015254
-0.012629
-0.015092
-0.013424
-0.015561
-0.019572
-0.009257
-0.012321
-0.012559
-0.017531
-0.012641
-0.016276
-0.018562
0.003793
0.005643
-0.022220
-0.028656
-0.037415
-0.034555
0.001753
-0.005265
0.001352
-0.050355
-0.036480
0.002424
0.017431
0.021309
-0.007169
0.009889
0.047381
0.136901
0.159497
0.062338
0.015904
0.025958
0.037149
0.054074
-0.009687
-0.123058
-0.125218
-0.033144
-0.004332
-0.047932
-0.120660
-0.143789
-0.032113
0.069566
0.037316
0.000038
0.010336
0.056123
0.132083
0.117264
0.059764
0.010240
-0.015390
0.024732
0.010260
-0.008640
-0.041777
-0.067198
-0.032752
-0.007762
-0.026658
-0.005242
-0.008382
0.011516
0.040768
0.041699
0.003932
0.033313
0.055064
0.097285
0.154331
0.142372
0.039239
0.025714
0.116524
0.234133
0.309417
0.229530
0.018624
-0.101827
0.073333
0.103047
0.041129
-0.219409
-0.472014
-0.420990
-0.213221
-0.059421
-0.200560
-0.414499
-0.551237
-0.319772
-0.023898
0.045312
-0.047210
-0.079517
-0.008775
0.150224
0.246021
0.216800
0.129824
0.018244
0.083176
0.142748
0.151838
0.109659
0.051186
0.038618
-0.015160
-0.029800
-0.015932
-0.029502
-0.004705
0.019715
0.016638
-0.016289
0.007482
0.027816
0.044010
0.100979
0.089486
0.013933
0.000571
0.073799
0.195376
0.250104
0.194785
0.009120
-0.084809
0.069898
0.105083
0.062023
-0.144705
-0.335358
-0.312947
-0.158209
-0.021318
-0.137117
-0.305745
-0.404337
-0.210552
0.015278
0.039517
-0.050686
-0.069902
-0.001434
0.114715
0.185172
0.161976
0.077199
-0.029392
0.040754
0.095746
0.097180
0.058970
0.027127
0.017100
-0.027937
0.017388
0.042559
0.026998
0.046855
0.046572
0.013282
0.000486
0.054239
0.077190
0.086551
0.100330
0.091478
0.063712
-0.007099
0.024799
0.052011
0.079886
0.084169
0.060818
0.057761
0.030521
0.032731
0.034585
0.023801
0.049517
0.051294
0.041602
-0.006370
-0.016522
-0.014526
-0.046206
-0.025684
-0.043992
-0.028997
0.005106
-0.035250
-0.055864
-0.082216
-0.046427
-0.060197
-0.054652
0.039796
-0.048827
-0.098798
-0.137550
-0.142277
-0.131365
-0.092184
0.001198
0.055859
0.104566
0.100192
0.137021
0.128317
0.076227
0.069049
0.137112
0.181222
0.201367
0.220245
0.191589
0.160767
0.043847
0.084955
0.132218
0.169766
0.175483
0.146108
0.128417
0.050110
0.058610
0.069884
0.056064
0.079090
0.094070
0.076004
-0.031980
-0.052087
-0.061440
-0.116428
-0.098816
-0.093166
-0.074753
-0.057541
-0.122309
-0.160943
-0.211402
-0.201350
-0.183499
-0.167412
-0.061989
-0.172847
-0.230477
-0.301964
-0.318823
-0.285727
-0.226061
-0.073606
-0.010241
0.037439
0.029510
0.058877
0.061245
0.009391
0.011525
0.087944
0.127292
0.145381
0.156790
0.139420
0.099040
0.001801
0.057681
0.098155
0.131670
0.129744
0.101901
0.081523
0.011539
0.043148
0.048223
0.032432
0.054975
0.067193
0.048784
-0.027439
-0.014303
-0.027241
-0.071628
-0.054863
-0.045038
-0.034286
-0.023257
-0.052630
-0.075378
-0.103582
-0.081127
-0.077993
-0.090467
-0.032591
-0.106754
-0.141968
-0.196393
-0.212847
-0.195288
-0.171794
-0.020590
-0.036645
-0.028377
-0.033921
-0.024416
-0.004136
-0.010632
-0.065700
-0.069987
-0.045228
-0.041079
-0.054204
-0.047764
-0.049987
-0.036002
-0.061029
-0.036342
-0.012743
-0.022332
-0.038564
-0.045282
0.000305
-0.042675
-0.031868
-0.013241
-0.002922
-0.021882
-0.058064
0.002921
-0.038535
-0.029616
-0.016556
-0.017771
-0.027961
-0.051015
0.008292
-0.017300
-0.009933
0.000019
0.000549
-0.010572
-0.025204
0.013066
0.015563
0.026704
0.022149
0.022504
0.009730
-0.009992
0.039930
0.044559
0.043734
0.033936
0.034120
0.042623
0.037381
-0.010234
0.015762
0.030745
0.031510
0.016836
0.028080
0.035477
-0.004883
-0.024402
-0.014918
0.003789
0.006319
0.011633
0.026524
0.033803
-0.030822
-0.049729
-0.031583
-0.000322
0.018777
0.025371
0.021058
-0.072265
-0.103951
-0.095307
-0.075947
-0.034540
0.009267
0.019785
-0.048596
-0.095035
-0.101687
-0.090656
-0.054877
0.007406
0.029503
0.024891
-0.015165
-0.042591
-0.042679
-0.020604
0.025629
0.022895
0.047366
0.036111
0.020126
0.010542
-0.003683
-0.007114
-0.002379
0.047220
0.058617
0.055495
0.030366
0.021897
0.030224
0.002412
0.005254
0.011102
0.029277
0.029847
0.023507
0.039214
0.050880
0.001425
-0.019353
0.000476
0.040250
0.060231
0.073596
0.024328
-0.055038
-0.091573
-0.080723
-0.055851
-0.003789
0.052529
0.013126
-0.047999
-0.099613
-0.100672
-0.082613
-0.040877
0.040766
0.034911
0.037913
-0.011674
-0.040400
-0.040598
-0.018921
0.050361
-0.010745
-0.010955
-0.005329
-0.009510
-0.016544
-0.012247
-0.008491
-0.000383
0.009667
0.007130
0.001978
-0.006620
0.005153
0.005907
-0.005246
0.002020
0.002503
-0.001464
-0.004000
0.004110
0.002393
-0.004264
-0.008047
0.009094
0.027772
-0.000583
-0.001323
-0.001803
-0.005283
-0.007967
0.035453
0.097720
0.047611
0.002213
0.001231
-0.004544
-0.010511
-0.004860
0.023031
0.003517
-0.013237
0.002447
-0.009514
-0.009843
-0.021343
-0.022576
-0.019302
-0.004274
-0.004709
0.002855
-0.003726
0.002846
-0.000552
-0.004402
0.000747
0.001847
0.005716
0.007684
0.001947
-0.004330
-0.009025
0.005497
0.006974
-0.003733
-0.004034
-0.011745
-0.019781
-0.017375
-0.002797
-0.001306
0.000094
-0.010535
0.000051
0.015809
-0.011165
-0.012082
-0.007643
0.002935
-0.004581
0.037565
0.102570
0.046338
-0.006888
-0.003377
0.008279
-0.001817
0.006441
0.037578
0.010717
-0.013005
0.004495
0.007604
0.003506
-0.005098
-0.004329
-0.004463
0.003262
0.003058
0.000358
-0.003661
0.003616
0.003174
0.000570
0.003115
0.000235
0.002238
0.004580
0.002280
0.000149
-0.006913
0.001693
-0.001735
-0.002796
-0.003974
-0.005381
-0.008771
-0.007501
-0.001341
-0.006926
-0.002288
-0.012044
0.002058
0.018701
-0.004954
-0.012881
-0.015641
-0.002416
-0.010900
0.030221
0.090453
0.038166
-0.013203
-0.014502
-0.001195
-0.014265
-0.002408
0.026760
0.002480
-0.023355
-0.011893
-0.003828
-0.012914
-0.017154
-0.015534
-0.014894
-0.011741
-0.016791
-0.033629
0.004834
0.065117
0.028389
-0.035279
-0.026426
0.003880
-0.035158
0.036776
0.066466
-0.057559
-0.106846
0.007999
0.015477
0.036767
0.077362
0.004411
-0.207818
-0.063213
0.093468
0.018356
0.055043
0.014950
-0.169052
-0.173134
0.175698
0.118874
-0.040291
-0.008203
-0.054076
-0.133621
0.072832
0.182241
-0.019308
-0.074272
-0.012387
-0.019879
-0.014534
0.100707
0.004763
-0.056077
0.019739
-0.010671
-0.011034
0.004749
0.015965
-0.031262
0.000249
0.060244
-0.005498
0.043332
0.114737
-0.008288
-0.108659
-0.052062
0.027413
-0.008974
0.083327
0.070700
-0.209327
-0.244831
0.020391
0.059332
0.072928
0.095644
-0.108299
-0.442189
-0.097394
0.248384
0.093295
0.050589
-0.063459
-0.381715
-0.295673
0.403651
0.357045
-0.016289
-0.060801
-0.169484
-0.221597
0.225151
0.509737
0.088875
-0.167042
-0.037474
-0.043057
0.065074
0.306356
0.137105
-0.130085
-0.125586
0.012588
0.016628
0.074262
0.093562
-0.057061
-0.108461
-0.039971
-0.012507
0.001943
0.055916
-0.007627
-0.055249
-0.016422
0.042887
-0.024718
0.051454
0.057083
-0.126893
-0.146931
0.042072
0.050237
0.030726
0.070724
-0.045516
-0.291695
-0.043278
0.190972
0.031031
0.040000
-0.020114
-0.242612
-0.193115
0.334368
0.256198
-0.045914
-0.034704
-0.094507
-0.144938
0.191084
0.374897
0.026247
-0.167539
-0.018221
-0.012080
0.080809
0.246535
0.068890
-0.146085
-0.111090
0.030612
0.027549
0.053710
0.058958
-0.084153
-0.126218
-0.028385
-0.000289
0.009479
-0.004031
0.020504
0.019495
0.006405
0.002057
-0.002703
-0.000995
-0.002038
0.033773
0.036537
0.006615
-0.022755
-0.019818
0.003134
0.014316
-0.002543
0.005322
0.036477
-0.001802
-0.015746
0.023467
-0.009741
-0.130824
-0.120206
0.008079
0.037948
-0.012976
0.013980
0.004465
-0.053418
-0.072124
0.022932
0.015292
-0.022745
-0.001692
0.008483
0.008150
0.013416
0.022369
-0.009458
-0.012589
-0.019755
-0.021315
-0.009264
0.009279
0.005359
-0.004472
-0.000576
-0.007070
-0.019065
0.009696
-0.007629
-0.017525
0.003805
0.003667
0.000017
-0.009346
0.012666
-0.004001
-0.015575
-0.016021
-0.013489
0.012398
-0.006367
-0.074833
-0.085429
-0.001470
0.010840
0.008131
0.027424
-0.052608
-0.263691
-0.283259
-0.061044
0.042461
-0.004289
0.021414
-0.007700
-0.129083
-0.163541
-0.006568
0.034745
-0.010945
0.006419
0.015735
0.000754
-0.006164
0.013571
-0.002523
0.007520
-0.002944
0.000283
0.019647
0.026850
0.008781
0.002103
0.001502
0.009156
-0.002694
0.031295
0.023202
0.005363
0.016392
0.022099
0.027516
0.017006
0.053225
0.041576
0.029870
0.019652
0.001923
0.042820
0.012015
-0.051116
-0.059187
0.015482
0.031071
0.038185
0.062881
-0.041424
-0.238042
-0.262898
-0.067587
0.054457
0.021933
0.037900
-0.016042
-0.134179
-0.180953
-0.041734
0.025224
-0.005969
0.022356
0.011349
-0.004164
-0.025091
-0.016989
-0.008066
0.022423
0.016650
0.017092
0.050482
0.044626
0.009355
0.007886
-0.010994
-0.004886
0.010829
0.043356
0.067146
0.051831
0.062896
-0.018146
-0.031373
-0.062050
-0.043061
0.024027
0.034698
0.082424
0.000789
-0.012593
-0.089477
-0.167374
-0.114188
-0.051535
0.050816
0.008568
0.012159
-0.016461
-0.106641
-0.174743
-0.125369
-0.050685
0.035830
0.071928
0.057712
0.017672
-0.037273
-0.066500
-0.068306
0.020928
0.099909
0.115016
0.077918
0.044549
0.011326
-0.049817
-0.087470
-0.024672
0.036107
0.060282
0.020797
0.040434
0.007914
-0.004492
-0.000492
-0.001800
0.057786
0.117891
0.135392
0.148945
-0.005073
-0.060307
-0.165135
-0.147634
-0.029720
0.069285
0.139897
0.026139
0.003235
-0.170674
-0.347749
-0.320828
-0.156031
0.040349
0.039542
0.084804
-0.005228
-0.207996
-0.375834
-0.328404
-0.168015
0.080778
0.204618
0.202365
0.113814
-0.052114
-0.156067
-0.156947
0.012863
0.181515
0.247764
0.221612
0.118495
0.030590
-0.081494
-0.129232
-0.008221
0.100416
0.160692
0.094997
0.108962
0.036464
-0.033400
-0.003850
-0.001511
0.028163
0.054074
0.055249
0.092845
-0.006789
-0.035849
-0.114817
-0.108948
-0.015712
0.037649
0.095664
0.026049
0.020975
-0.099965
-0.225310
-0.195235
-0.085910
0.048875
0.033894
0.081243
0.023994
-0.130808
-0.242596
-0.200844
-0.114837
0.053618
0.150140
0.146308
0.073640
-0.031809
-0.100128
-0.121203
-0.020956
0.132236
0.181276
0.146532
0.074567
0.017389
-0.076222
-0.142723
-0.030391
0.050532
0.098952
0.052503
0.073750
-0.003826
0.007774
0.014294
0.014960
0.017013
0.014910
0.011691
-0.000095
0.008546
0.023150
0.029861
0.028950
0.013926
0.005758
-0.005531
0.002443
0.019211
0.035042
0.031433
0.006115
-0.002931
-0.013497
0.001627
0.015177
0.026495
0.024433
-0.001514
-0.010119
-0.013730
-0.002733
0.000958
0.010938
0.016667
-0.003219
-0.009624
-0.010553
-0.000084
0.000426
0.003257
0.005440
-0.014214
-0.015297
-0.016773
0.007203
0.005641
0.002457
0.000690
-0.014587
-0.016557
-0.020848
-0.003886
-0.000342
-0.002974
-0.001711
-0.003023
-0.005124
-0.014278
-0.001328
0.007660
0.012023
0.010464
-0.005104
-0.010546
-0.018484
-0.006746
0.005826
0.019468
0.015358
-0.010689
-0.019024
-0.024632
-0.008827
0.002650
0.015539
0.013488
-0.013117
-0.019958
-0.020616
-0.009835
-0.008376
0.004129
0.010427
-0.010443
-0.016453
-0.014484
-0.007093
-0.008597
-0.003949
-0.000491
-0.020014
-0.019728
-0.017963
-0.001151
-0.002208
-0.004710
-0.005792
-0.019013
-0.019567
-0.019678
0.000679
0.001562
-0.002442
-0.002562
-0.004785
-0.008522
-0.016046
-0.001348
0.003725
0.007557
0.004877
-0.008208
-0.013774
-0.020328
-0.007818
-0.000432
0.011931
0.008960
-0.012084
-0.017601
-0.023228
-0.012505
-0.004923
0.008498
0.008410
-0.011774
-0.016891
-0.018165
-0.014425
-0.014260
-0.000347
0.007899
-0.006697
-0.011664
-0.009690
-0.010210
-0.012423
-0.007021
-0.001681
-0.016621
-0.015879
-0.012880
-0.007612
-0.007880
-0.008049
-0.008201
-0.016896
-0.018133
-0.017541
-0.023808
-0.007831
0.017327
0.045365
0.001841
-0.026521
-0.027186
-0.030697
0.037762
0.024406
-0.052005
0.015907
0.003463
-0.027419
0.016737
0.045098
-0.119114
0.128600
0.071387
-0.152438
0.034024
0.025032
-0.103982
0.047782
0.264990
-0.380089
-0.013762
0.097053
-0.014248
-0.015848
0.212489
-0.241816
-0.246514
0.339922
-0.059855
0.011764
0.060896
-0.053957
-0.205450
0.225440
0.074596
-0.073293
-0.014189
-0.013727
-0.065832
0.033859
0.044603
-0.032698
0.034761
0.001992
-0.035015
-0.000578
0.069496
0.005968
-0.035922
-0.013105
-0.006320
-0.010044
-0.018315
-0.016599
0.045867
-0.023208
-0.019086
0.026772
-0.028778
-0.140069
0.321063
0.087837
-0.243518
0.033270
0.044592
-0.155462
0.223498
0.446702
-0.652842
-0.086567
0.179058
-0.023506
-0.002839
0.353048
-0.422912
-0.524311
0.482649
0.013636
0.002891
0.077226
-0.076237
-0.360688
0.261293
0.223425
-0.098875
-0.002944
-0.028652
-0.073536
0.039365
0.106507
-0.024342
-0.019639
0.040458
0.009315
-0.027488
-0.010074
-0.018226
0.000888
0.054833
0.020922
0.009272
-0.045185
-0.074129
0.049015
0.054274
0.019376
0.024118
-0.041594
-0.214274
0.209044
0.150146
-0.133288
0.010690
0.025031
-0.178188
0.125318
0.444406
-0.390296
-0.008068
0.089534
-0.063953
-0.035867
0.323303
-0.207120
-0.291672
0.393885
-0.107642
-0.030208
0.075640
-0.012339
-0.193115
0.243811
0.080840
-0.158211
0.027465
0.024109
-0.001388
0.071250
0.006214
-0.109048
-0.021895
0.001964
-0.001962
-0.007678
-0.013794
-0.016687
-0.010167
-0.005967
0.006422
0.001285
-0.012263
-0.021836
-0.023768
-0.015390
-0.009459
0.004303
0.010107
0.004906
-0.014707
-0.018967
-0.018798
-0.005421
0.008395
0.005172
-0.003995
-0.033223
-0.038355
-0.016201
-0.013229
0.001983
0.002362
0.001596
0.015213
-0.000710
-0.014562
-0.017027
-0.002883
-0.008354
0.009597
0.092163
0.084801
-0.001924
-0.026697
-0.010756
-0.016663
-0.019536
0.026543
0.026090
-0.008946
-0.015988
0.004124
0.010082
0.004670
0.000038
-0.002985
-0.001924
0.001614
0.010580
0.015014
0.004828
0.001228
0.001503
0.001444
0.006798
0.007775
0.021382
0.015417
0.006063
0.009350
0.004178
0.014109
0.010659
0.017122
0.006952
-0.018766
-0.018041
0.005001
0.011956
0.002676
0.008510
-0.001999
0.011922
-0.000624
-0.004808
0.006799
0.001284
-0.001437
0.004214
0.085278
0.082126
0.007421
-0.001614
-0.007104
-0.008546
-0.014841
0.031123
0.032176
-0.000841
0.004301
-0.001793
0.002428
0.000040
-0.002073
-0.002405
-0.004009
0.001367
0.001444
0.003153
-0.008218
-0.007677
-0.006062
-0.007248
-0.001236
0.000580
0.007876
0.001783
-0.002380
0.001990
-0.004880
0.003759
0.007015
0.006506
-0.005230
-0.027047
-0.023341
-0.002842
0.000916
-0.003186
-0.001033
-0.013321
-0.004496
-0.013494
-0.016320
-0.005935
-0.006762
-0.012375
-0.010893
0.057717
0.055967
-0.013449
-0.020590
-0.015079
-0.018860
-0.028134
0.010860
0.008970
-0.020052
-0.014761
0.046916
0.008120
0.000991
-0.003612
0.004790
0.021125
0.039343
0.026748
-0.007676
-0.011382
-0.031804
-0.036483
-0.012849
-0.005920
0.054274
0.008633
-0.004604
-0.069281
-0.102325
-0.093170
-0.039335
0.032005
-0.040201
-0.109244
-0.283073
-0.365676
-0.344942
-0.183328
0.054092
-0.016061
-0.110145
-0.340969
-0.443578
-0.381973
-0.224073
0.073024
0.011213
-0.052302
-0.261202
-0.368394
-0.305289
-0.186379
0.087066
0.009967
-0.039366
-0.142681
-0.184258
-0.161834
-0.081472
-0.055285
-0.037533
-0.023658
0.017096
-0.010679
-0.020819
-0.026022
-0.038745
0.004973
0.010088
0.072081
0.065789
0.043775
0.035046
-0.056012
0.009569
0.040013
0.132954
0.144716
0.120277
0.101821
-0.028035
0.051811
0.130715
0.277101
0.320887
0.296888
0.244039
-0.046116
0.044794
0.133829
0.320249
0.377844
0.342553
0.276942
-0.059030
0.018190
0.107751
0.268973
0.309062
0.285137
0.230406
-0.063373
0.010493
0.062645
0.183874
0.220719
0.191879
0.190551
0.013134
0.016475
0.035592
-0.006839
0.006703
-0.001690
-0.003456
0.018214
-0.009207
0.006901
-0.040994
-0.010957
-0.034657
-0.037244
0.005052
-0.020687
-0.018174
-0.065109
-0.027823
-0.046030
-0.055167
-0.005550
-0.026605
-0.021014
-0.020055
0.046341
0.026657
-0.057386
0.001782
-0.027563
-0.033050
0.001143
0.081805
0.038043
-0.051047
-0.007426
-0.041346
-0.040449
-0.024640
0.039496
0.011498
-0.078121
-0.013491
-0.020620
-0.032974
-0.067212
-0.025761
-0.058413
-0.095079
0.005548
0.004215
-0.002229
-0.006075
-0.006423
-0.001060
0.008602
0.000705
-0.004755
-0.011819
-0.007944
-0.006487
-0.004164
0.001010
-0.003781
-0.012213
-0.014304
-0.009841
-0.005728
-0.007676
-0.007750
-0.005299
-0.010255
-0.004333
0.004717
0.012171
0.004336
-0.003911
-0.001288
-0.004628
-0.004312
0.005759
0.011007
0.002063
-0.007083
0.001786
0.003697
0.000355
0.000963
-0.000446
-0.003819
-0.004250
0.007856
0.004869
0.002569
0.003434
0.000038
-0.000785
0.005039
0.009453
0.006949
0.000815
-0.003784
-0.005170
-0.001830
0.007474
0.003690
-0.005181
-0.012310
-0.008879
-0.008680
-0.007574
-0.002996
-0.000900
-0.010732
-0.015595
-0.013088
-0.010358
-0.012381
-0.011662
-0.004526
-0.010187
-0.008270
-0.000723
0.006548
-0.001318
-0.008391
-0.001232
-0.006940
-0.007401
0.002955
0.006861
-0.003733
-0.009889
0.004432
0.001895
-0.003259
-0.001998
-0.003505
-0.007219
-0.006617
0.011627
0.004017
0.001644
0.003613
0.000710
-0.000746
0.003883
0.006316
0.004152
-0.000238
-0.002733
-0.004456
-0.003818
0.003404
0.001388
-0.005476
-0.012198
-0.007755
-0.007563
-0.011158
-0.008733
-0.002781
-0.010971
-0.014962
-0.011669
-0.011369
-0.016719
-0.018995
-0.007030
-0.011850
-0.007777
-0.001591
0.002899
-0.006453
-0.016043
-0.008151
-0.011759
-0.009794
-0.001173
0.000787
-0.009066
-0.016949
-0.005122
-0.004859
-0.008515
-0.005951
-0.007471
-0.011833
-0.012938
0.002765
-0.005462
-0.007558
-0.003488
-0.004394
-0.007506
-0.003133
0.018419
-0.022935
-0.014821
-0.049724
-0.004860
0.053469
0.028749
0.010557
-0.022781
-0.119734
0.036002
0.112443
-0.003704
0.002470
0.018305
-0.164973
0.004191
0.250405
-0.137698
0.010585
0.021529
-0.041259
-0.108188
0.309151
-0.136483
-0.063516
0.233562
-0.105630
-0.048251
0.101835
-0.006564
-0.172272
0.414937
-0.080934
-0.138570
-0.020374
0.044091
-0.087633
0.205687
0.059626
-0.233663
0.036849
0.032568
0.048765
0.044953
0.034474
-0.142590
-0.050449
0.038238
0.013538
-0.004465
0.009876
-0.015417
-0.008672
0.017825
0.009597
-0.004433
-0.007559
-0.051859
0.105390
0.047738
-0.085246
-0.000782
0.019966
-0.109114
0.169319
0.246846
-0.381110
0.003982
0.084801
-0.018233
0.021535
0.384054
-0.506667
-0.285308
0.399910
-0.053829
-0.012754
0.170700
-0.200768
-0.515369
0.549363
0.083636
-0.140974
0.005062
0.016009
-0.242892
0.213274
0.248184
-0.219566
0.024194
0.009793
0.004764
-0.006868
0.105999
-0.092966
-0.052531
0.019085
-0.034953
0.017338
0.057775
0.034586
-0.016936
-0.048464
-0.052631
-0.016448
0.034725
-0.021053
0.082822
0.018012
-0.136075
-0.003361
0.041551
-0.043016
0.130622
0.184811
-0.375022
-0.051659
0.100681
0.016356
0.060126
0.321285
-0.482246
-0.319365
0.317397
0.019710
0.005743
0.149458
-0.202628
-0.499398
0.413236
0.077444
-0.032075
0.014945
-0.011860
-0.259267
0.118515
0.183080
-0.139617
0.085647
-0.036799
-0.061594
-0.059725
0.086338
-0.004910
0.039003
0.010027
-0.010140
-0.006985
-0.017014
0.015753
-0.006921
-0.008186
-0.001038
-0.015631
0.021975
0.024087
0.012705
-0.043233
-0.034095
0.008855
0.002118
0.049715
0.034174
-0.013387
-0.073299
-0.076438
-0.017152
0.010251
0.049614
0.039222
0.010475
-0.038446
-0.056735
-0.020190
0.018911
0.037679
0.013295
0.026532
-0.022104
-0.038540
-0.002305
0.015737
0.022106
-0.004103
0.032533
0.009199
-0.015063
0.012823
0.021265
0.009930
-0.007903
0.010614
0.010368
-0.004202
0.000369
0.020868
0.008964
0.003018
0.020886
-0.004674
0.002942
0.015251
-0.002057
0.012001
0.006050
-0.019830
-0.083288
-0.062500
0.001266
0.004542
0.032339
0.004752
-0.056099
-0.117447
-0.111779
-0.023430
0.008464
0.030911
0.015648
-0.021171
-0.074872
-0.085412
-0.032798
0.011508
0.021424
-0.001405
0.012895
-0.042260
-0.058470
-0.004459
0.017174
0.011248
-0.012813
0.020941
0.000063
-0.021244
0.009074
0.032852
0.011552
-0.002575
0.012731
0.013735
0.005347
0.003579
0.009262
-0.002674
-0.000399
0.023148
0.007432
0.015349
0.035175
-0.021065
-0.024531
-0.021330
-0.023960
-0.069841
-0.049522
0.007612
-0.020653
-0.009498
-0.023447
-0.050544
-0.091738
-0.089091
-0.016033
-0.020651
-0.018028
-0.021716
-0.018456
-0.042580
-0.059453
-0.022946
-0.018887
-0.027001
-0.034778
0.004430
-0.026431
-0.043774
-0.002467
-0.019251
-0.027144
-0.033176
0.012193
0.001233
-0.019236
0.010490
0.000986
-0.024821
-0.023830
0.001600
0.009480
0.007306
0.007898
-0.017541
-0.022420
-0.021230
0.002406
-0.001093
0.001988
0.014433
-0.004642
0.000197
0.005129
0.008658
-0.000291
0.013692
0.029147
0.026412
0.026899
0.059794
0.046353
0.030096
0.031439
0.063286
-0.013138
-0.003198
0.011826
-0.065491
-0.112394
-0.103945
-0.026759
0.030226
0.023507
0.033954
-0.053877
-0.107740
-0.097549
0.002588
0.017056
0.034034
0.039457
-0.038294
-0.082831
-0.048891
0.052301
0.033832
0.016735
0.004688
-0.018020
-0.025356
0.014842
0.098171
0.047198
0.011886
0.028317
-0.039499
-0.000266
0.017974
0.019497
0.039583
0.000558
0.002860
-0.075463
-0.048144
-0.029778
-0.032927
0.071779
0.024354
0.006085
-0.121354
-0.126110
-0.096643
-0.057938
0.008403
-0.044563
-0.103107
-0.305811
-0.359430
-0.301357
-0.220785
0.052302
-0.008538
-0.094928
-0.325142
-0.394499
-0.331591
-0.229295
0.052682
-0.002984
-0.065480
-0.281907
-0.306686
-0.266826
-0.200428
0.052223
0.001856
-0.039141
-0.195763
-0.209568
-0.176080
-0.150211
-0.035768
0.001229
-0.002229
0.020365
0.006441
-0.016693
-0.029982
-0.021626
0.005660
0.003507
0.064949
0.050658
0.028999
0.008394
-0.087047
-0.056196
-0.054889
0.087007
0.113118
0.071982
0.002551
-0.015244
0.047066
0.083173
0.347947
0.464759
0.407105
0.244907
-0.065456
-0.021586
0.048028
0.372570
0.504780
0.425749
0.228012
-0.078905
-0.030383
0.045699
0.292440
0.377017
0.309218
0.131158
-0.079925
-0.011476
0.048187
0.204340
0.218444
0.158215
0.062064
0.090174
0.061456
0.034293
-0.028532
-0.020846
0.014183
0.047356
0.079446
0.055850
-0.021023
-0.102414
-0.063394
0.007312
0.047856
0.032281
-0.031011
-0.121593
-0.172640
-0.076731
-0.006431
0.021472
0.007504
-0.068962
-0.123210
-0.095444
0.001438
0.032825
0.042369
-0.029473
-0.058115
-0.061500
-0.035663
0.056686
0.036741
-0.011747
-0.032787
-0.028926
-0.036670
0.003944
0.050834
-0.025618
-0.127813
0.027060
0.026970
0.038972
0.071718
0.047207
-0.048630
-0.159359
-0.104938
-0.093162
-0.072921
-0.015793
-0.003105
0.013701
0.013779
-0.090982
-0.069930
-0.030622
0.053383
0.095300
0.104033
0.082981
-0.085282
-0.046762
0.032758
0.143340
0.197834
0.182212
0.137291
-0.045591
0.020784
0.110383
0.249137
0.282014
0.245240
0.172701
-0.036529
0.045474
0.135970
0.242433
0.279166
0.242253
0.160170
-0.041465
0.042509
0.099667
0.167272
0.178926
0.144850
0.089710
-0.039288
0.009085
0.034295
0.097749
0.088381
0.079896
0.030831
0.027471
0.019018
0.032008
0.070215
0.011513
-0.024945
-0.046233
0.012055
0.022724
0.054561
0.046938
-0.044699
-0.101464
-0.121404
0.039506
0.070100
0.103553
0.027879
-0.105808
-0.179870
-0.160155
0.065812
0.046076
-0.002646
-0.141287
-0.296072
-0.317259
-0.238725
0.061733
0.027490
-0.069349
-0.228227
-0.301522
-0.259384
-0.155164
0.046732
0.013513
-0.080598
-0.207280
-0.238547
-0.145047
0.007283
0.029039
-0.025894
-0.100041
-0.160667
-0.149813
-0.016952
0.130681
0.023690
-0.012715
-0.006649
0.015585
-0.005798
-0.025212
0.017321
0.010097
-0.034040
-0.022258
0.040669
-0.047459
-0.037218
0.040914
-0.024776
-0.038275
-0.021444
0.080819
-0.113948
-0.025483
0.083884
-0.014123
-0.023708
0.018323
0.072750
-0.141495
-0.012716
0.091174
-0.007797
-0.051758
0.098473
0.052899
-0.142332
0.017092
0.061159
-0.013088
-0.054761
0.105325
-0.011412
-0.097622
0.038980
0.031766
-0.017807
-0.030915
0.073564
-0.050219
-0.040001
0.041563
-0.002603
0.028032
0.001657
0.054184
0.110216
-0.043418
-0.093241
0.028750
-0.009479
-0.013497
0.087164
0.155032
-0.162019
-0.167373
0.070925
-0.020822
0.020562
0.132124
0.165730
-0.339039
-0.211111
0.146607
-0.004902
0.066669
0.190885
0.091190
-0.443755
-0.197370
0.194187
0.000621
0.034696
0.234813
0.002799
-0.449793
-0.097791
0.199109
0.006135
0.004194
0.185784
-0.093639
-0.336741
0.006142
0.143070
0.011113
0.005961
0.077811
-0.141699
-0.195358
0.024527
0.069761
-0.008276
-0.003255
0.061137
0.099203
-0.051466
-0.096771
-0.002855
-0.015324
-0.005329
0.092544
0.148515
-0.136380
-0.139607
0.053980
-0.040021
0.024504
0.122557
0.160783
-0.270850
-0.176640
0.096677
-0.034376
0.050412
0.162836
0.102378
-0.331508
-0.152091
0.155170
-0.001060
0.034637
0.211735
0.017545
-0.350059
-0.087059
0.159980
0.009110
0.010806
0.172588
-0.055567
-0.266356
-0.007166
0.106183
0.015528
0.006287
0.078201
-0.135754
-0.179928
-0.003340
0.052547
-0.026024
-0.027096
-0.017469
-0.026254
-0.047037
-0.039107
-0.032210
-0.011750
-0.009034
-0.003048
0.007905
-0.022699
-0.004241
-0.016093
-0.006206
0.002308
0.080985
0.255060
0.094503
0.003308
0.000065
-0.016069
-0.017811
0.078627
0.259201
0.060107
-0.015210
-0.007694
-0.031364
-0.033617
-0.023384
-0.032809
-0.052747
-0.010886
-0.011348
-0.017524
-0.026110
-0.032641
-0.025918
-0.042757
-0.021643
-0.027751
-0.020512
-0.023109
-0.030331
-0.020923
-0.030499
-0.025902
-0.037193
-0.006651
-0.009061
-0.014812
-0.022303
-0.029704
-0.016092
-0.009128
-0.003390
-0.009046
-0.042709
-0.047020
-0.054317
-0.006261
-0.005424
-0.000244
-0.012061
0.005627
0.141550
0.010783
-0.023642
-0.003315
0.004591
-0.018054
0.030186
0.178046
0.003622
-0.026518
-0.007000
-0.001247
0.000075
-0.003603
-0.022569
-0.036773
0.009348
0.001309
0.005526
0.010493
0.007625
0.015605
0.000910
0.009509
-0.007055
0.002789
0.010609
0.003865
0.016126
0.006575
0.007241
-0.004706
0.010827
0.009948
0.014704
0.015290
0.013830
0.026174
0.028554
-0.002519
-0.003922
-0.027269
-0.033172
-0.033532
0.014951
0.011869
-0.002978
-0.012852
-0.010847
0.100096
-0.005581
-0.015736
0.007289
-0.004936
-0.034371
-0.008616
0.108221
-0.035262
-0.039298
-0.011832
-0.004935
-0.014609
-0.023662
-0.053833
-0.053722
0.003779
0.000367
0.010709
0.001799
-0.003480
0.003396
-0.003135
0.008547
-0.002131
0.010356
0.004569
-0.005938
0.002122
0.001965
0.012424
0.009361
0.014412
-0.001717
0.030386
-0.009585
-0.050360
-0.034559
0.100877
-0.016975
-0.008916
0.007636
0.024158
-0.063930
-0.117347
0.009381
-0.008144
0.004624
0.030461
0.103082
-0.010662
-0.106123
-0.046356
-0.002625
-0.003480
0.044390
0.123060
0.043370
-0.092053
-0.067957
-0.006561
-0.020746
0.059179
0.110658
0.048237
-0.065804
-0.058732
-0.017762
-0.031590
0.005140
0.058818
0.033480
-0.037494
-0.043197
0.023525
-0.039230
-0.007934
0.063251
0.049792
0.024294
0.011375
0.008262
0.009766
0.066192
0.061272
-0.085629
-0.118863
0.035255
-0.048530
0.003221
0.082641
0.148078
-0.106963
-0.259606
-0.134142
-0.043163
0.032413
0.161148
0.302185
0.012591
-0.272855
-0.240715
-0.068657
-0.007895
0.192795
0.382087
0.142944
-0.246274
-0.308365
-0.090341
-0.049456
0.187917
0.384540
0.206480
-0.143434
-0.269044
-0.104051
-0.099903
0.051330
0.240675
0.169851
-0.060520
-0.178681
-0.037099
-0.097587
-0.002632
0.174964
0.161237
0.053128
-0.052177
0.034310
-0.001044
0.050428
0.064848
-0.049402
-0.094266
0.007359
-0.003877
0.005323
0.070421
0.142635
-0.044289
-0.170010
-0.086326
-0.016893
0.004484
0.109479
0.247000
0.037575
-0.187000
-0.163368
-0.067040
-0.046866
0.124030
0.284216
0.131536
-0.151711
-0.199329
-0.073930
-0.070021
0.123862
0.277292
0.165400
-0.078223
-0.162229
-0.091095
-0.123965
0.010096
0.170642
0.136925
-0.024278
-0.106970
-0.023310
-0.113738
-0.027260
0.121027
0.135160
0.061687
-0.027457
-0.012334
-0.021020
-0.016816
-0.007588
-0.005537
-0.014601
-0.014524
-0.003561
-0.014716
-0.015267
-0.006872
-0.010774
-0.018412
-0.012695
-0.002784
-0.011845
-0.012748
-0.010095
-0.012062
-0.012945
-0.009710
-0.011388
-0.016348
-0.018945
-0.020794
-0.026676
-0.020314
-0.013806
-0.009879
-0.020294
-0.005805
0.006527
-0.011414
-0.013206
-0.010916
-0.016478
-0.014645
0.029172
0.061198
0.014547
-0.017330
-0.016446
-0.014225
-0.017339
0.003481
0.020975
-0.012953
-0.031853
-0.022353
-0.007524
-0.007709
-0.004913
0.004179
0.008161
0.001565
0.002187
0.004748
0.003397
0.003133
0.011396
0.007634
-0.001111
0.006195
0.008288
0.009990
0.008052
0.010351
0.007832
0.006098
0.010098
0.003051
0.008001
0.001861
-0.004333
-0.008296
0.000218
0.008200
0.002350
-0.000449
0.007014
0.017837
0.001749
0.002650
0.011956
-0.001109
0.008403
0.047706
0.076515
0.031988
0.001194
0.008984
0.001603
0.009601
0.032183
0.048994
0.015320
-0.005788
0.004934
-0.015019
-0.013939
-0.012699
-0.006023
-0.001117
-0.007011
-0.006439
-0.005238
-0.005710
-0.008827
-0.003011
-0.006930
-0.014951
-0.009068
-0.004353
-0.004282
-0.005526
-0.003089
-0.006674
-0.010703
-0.006578
-0.005876
-0.003841
-0.009438
-0.015073
-0.019482
-0.011475
-0.005668
-0.006194
-0.011100
-0.007818
-0.000986
-0.012789
-0.008625
-0.000901
-0.012251
-0.005191
0.024021
0.048515
0.012343
-0.015140
-0.008541
-0.013157
-0.008606
0.009120
0.025759
-0.002734
-0.020892
-0.010665
-0.013454
0.013858
0.028540
0.048472
0.051995
0.019797
-0.002644
-0.021936
-0.061094
-0.095390
-0.109235
-0.083795
-0.033880
-0.014605
0.039393
0.082607
0.111311
0.067885
0.016965
-0.033332
0.006708
-0.031355
-0.047289
-0.056045
0.044481
0.160194
0.148911
0.054901
0.018620
0.012172
-0.041606
-0.205123
-0.306347
-0.243883
-0.113440
-0.004911
0.004653
0.103889
0.277488
0.315174
0.207993
0.111485
0.005858
-0.004868
-0.068917
-0.142545
-0.157261
-0.092344
-0.013328
0.011401
0.026024
0.027822
0.050282
0.050391
0.026224
0.004586
-0.002773
-0.055120
-0.115779
-0.154010
-0.142986
-0.073214
-0.029906
0.054450
0.142267
0.223315
0.250661
0.170159
0.075164
0.057985
-0.081845
-0.146527
-0.171022
-0.028041
0.135325
0.134838
0.026888
0.010621
-0.007644
-0.133472
-0.419337
-0.572790
-0.441438
-0.215171
0.019884
0.062885
0.238306
0.498578
0.550500
0.368681
0.142837
0.023634
-0.002714
-0.081112
-0.155832
-0.166804
-0.085893
0.009191
-0.016757
0.007705
0.009211
0.028724
0.021737
-0.000541
-0.024668
0.001157
-0.042997
-0.100323
-0.119465
-0.100107
-0.044569
-0.001426
0.044651
0.129822
0.187541
0.188374
0.112229
0.033456
0.060273
-0.056649
-0.100270
-0.127645
0.010849
0.161281
0.164253
0.051256
0.008174
0.002629
-0.112291
-0.333815
-0.463755
-0.337031
-0.174271
0.004262
0.048963
0.177541
0.368914
0.410968
0.271634
0.098335
0.018146
-0.003745
-0.080413
-0.131776
-0.148381
-0.086750
-0.017111
-0.007068
-0.014384
0.037932
-0.003840
-0.010503
0.015076
0.005678
0.002494
0.003906
0.048490
-0.014174
0.020612
0.019420
0.010105
0.024987
0.017382
0.030843
-0.041706
-0.007029
0.028339
0.026701
0.017431
-0.024139
-0.032498
-0.092436
-0.077807
-0.067733
-0.052991
0.005043
-0.024652
-0.056209
-0.100565
-0.103241
-0.095196
-0.074388
0.017685
0.019385
-0.035246
-0.135688
-0.071217
-0.079286
-0.012717
0.009508
0.026236
0.034305
-0.059579
-0.037293
-0.013489
0.038434
0.021185
0.005287
0.042796
-0.011589
-0.010977
0.031301
0.032531
0.018040
-0.009577
0.012822
-0.042895
-0.020957
-0.000634
0.016000
0.034483
-0.003852
-0.000851
-0.073835
-0.060749
-0.002052
0.013828
-0.006787
-0.064750
-0.089722
-0.155063
-0.144952
-0.124636
-0.104691
-0.012373
-0.079276
-0.125024
-0.164359
-0.167039
-0.153648
-0.122163
0.029218
-0.018619
-0.078924
-0.168142
-0.121926
-0.127154
-0.059067
0.032171
0.012731
0.016431
-0.073797
-0.066770
-0.047628
0.009408
-0.002333
-0.020301
0.004090
-0.014771
-0.011669
0.016856
0.003520
-0.013827
-0.033993
-0.012976
-0.050506
-0.017918
-0.003355
-0.018192
0.013402
-0.021197
-0.007573
-0.053367
-0.016698
0.024440
0.000888
0.003497
-0.057819
-0.061127
-0.067297
-0.049719
-0.057244
-0.095834
-0.006594
-0.071221
-0.085385
-0.064724
-0.071571
-0.086872
-0.104557
0.009052
-0.022219
-0.057737
-0.091241
-0.034482
-0.066029
-0.051715
0.012999
-0.000966
0.010958
-0.037803
-0.027494
-0.025046
-0.011270
-0.020156
-0.078176
-0.099036
-0.145808
-0.158690
-0.134708
-0.149532
-0.005163
-0.078274
-0.151906
-0.222640
-0.222009
-0.197513
-0.165651
0.019688
-0.056327
-0.120633
-0.159756
-0.180209
-0.144240
-0.100842
-0.034937
-0.040474
-0.065036
-0.080422
-0.076315
-0.062018
-0.062668
-0.001753
0.052133
0.076316
0.128725
0.156109
0.130607
0.083808
0.006355
0.082326
0.142485
0.220758
0.236868
0.221802
0.158705
0.045414
0.136072
0.162738
0.227157
0.247778
0.241359
0.216742
-0.008316
-0.033579
-0.053358
-0.080535
-0.090583
-0.084334
-0.073808
-0.016177
-0.045906
-0.060716
-0.092194
-0.083694
-0.079318
-0.068645
-0.019997
-0.038499
-0.029394
-0.031718
-0.058385
-0.060065
-0.040647
0.012332
-0.000639
0.014575
0.010305
0.017055
0.010116
-0.007418
0.024861
0.021412
0.038465
0.049423
0.057774
0.044668
0.026898
0.031269
0.038750
0.045329
0.064517
0.066782
0.070542
0.051231
0.054907
0.060730
0.055190
0.067481
0.081369
0.083745
0.089791
0.021856
0.114388
0.161293
0.239104
0.236721
0.241838
0.223115
0.023228
0.130575
0.202333
0.300287
0.322840
0.295742
0.229381
-0.010258
0.073020
0.122602
0.208977
0.211692
0.176275
0.140979
0.044849
0.057171
0.051791
0.054663
0.055378
0.065284
0.075412
-0.016735
-0.072167
-0.113356
-0.176851
-0.210679
-0.178454
-0.118125
-0.038900
-0.125843
-0.180965
-0.264060
-0.305813
-0.273036
-0.220390
-0.095483
-0.181662
-0.235657
-0.308577
-0.329350
-0.335936
-0.295481
-0.012672
-0.023145
-0.010476
-0.033276
-0.013566
0.047629
0.029073
-0.004786
-0.024582
-0.073315
-0.068816
0.034713
0.083091
0.023900
0.003559
-0.076589
-0.117073
-0.000568
0.170649
0.108911
-0.021496
-0.035217
-0.102042
-0.038292
0.248801
0.250580
-0.003348
-0.113177
-0.024501
-0.049997
0.110483
0.291888
0.073401
-0.145615
-0.109428
0.029334
0.029619
0.149023
0.122826
-0.116045
-0.144929
-0.041897
0.024089
0.015217
0.069725
-0.050450
-0.153207
-0.064613
0.015909
0.038863
0.018586
-0.004205
-0.108718
-0.043814
0.065822
0.025206
0.024229
-0.044094
-0.153835
-0.186106
0.030532
0.133692
0.024902
-0.006925
-0.170506
-0.226309
-0.005520
0.321420
0.219190
-0.020622
-0.086326
-0.198894
-0.061580
0.404731
0.464411
0.022752
-0.206309
-0.044477
-0.053694
0.219135
0.494021
0.145354
-0.260942
-0.235693
0.038135
0.072692
0.255488
0.186629
-0.209080
-0.287583
-0.089093
0.028367
0.036010
0.095298
-0.105916
-0.267366
-0.124577
0.050902
0.044623
0.036474
0.030850
-0.068126
-0.032100
0.033430
-0.002536
0.043043
0.009348
-0.085058
-0.152707
-0.000105
0.066919
0.007250
0.025235
-0.089869
-0.174617
-0.066797
0.179015
0.123765
-0.020525
-0.044856
-0.138623
-0.083206
0.218358
0.290362
-0.002038
-0.112769
-0.030415
-0.046142
0.123353
0.298812
0.064227
-0.183100
-0.113994
0.000950
0.039377
0.167404
0.093573
-0.179868
-0.180105
0.002798
-0.012428
0.015869
0.061935
-0.101798
-0.180270
-0.037199
0.120382
-0.003557
0.001084
-0.000766
0.000146
-0.002452
-0.006023
-0.009874
0.006469
0.006484
0.000393
0.010160
0.011543
0.006894
-0.001128
0.007941
0.016559
0.014550
0.024188
0.019200
0.019102
0.016379
0.001729
0.015379
0.006510
0.002786
0.000565
0.007779
0.007808
0.007060
0.015536
-0.003670
0.015946
0.024404
0.002516
0.008768
0.012342
0.016353
-0.001281
0.061824
0.099687
0.026605
0.006260
-0.011354
-0.012301
-0.028659
0.003763
0.036396
-0.002310
-0.022846
-0.001274
-0.000517
-0.003334
-0.005805
-0.005578
-0.003902
-0.000307
-0.000032
-0.005106
-0.015451
-0.013570
-0.008804
-0.008646
-0.007307
-0.002658
-0.000673
-0.009209
-0.008825
-0.011999
-0.008219
-0.002583
-0.014211
-0.007934
-0.023375
-0.035867
-0.036816
-0.028297
-0.022050
-0.007745
-0.005428
-0.027392
-0.005160
0.006282
-0.022898
-0.014664
0.005902
0.005885
-0.008097
0.064917
0.108574
0.025318
-0.002696
-0.008603
-0.009921
-0.023190
0.019065
0.056589
0.005753
-0.022338
0.003757
0.004511
0.006545
0.000978
0.002135
0.000513
0.001872
-0.000710
-0.004262
-0.011384
-0.014170
-0.009095
-0.012307
-0.012475
-0.003419
-0.003609
-0.006929
-0.006614
-0.008458
-0.010243
-0.008469
-0.017898
-0.009842
-0.016982
-0.025699
-0.023144
-0.024072
-0.028017
-0.008991
-0.004209
-0.018223
0.006214
0.023197
-0.011366
-0.013743
0.003129
0.004538
-0.003567
0.066472
0.113555
0.028479
-0.006444
-0.008315
-0.008945
-0.017697
0.023239
0.062410
0.008142
-0.026662
0.008655
0.038219
-0.012247
-0.054271
-0.039935
-0.016997
-0.003478
-0.004561
0.013876
0.084542
0.074376
-0.018170
-0.058293
0.007213
0.010916
-0.041410
-0.055629
0.085371
0.198086
0.057426
-0.025884
0.002508
0.031937
-0.072505
-0.247493
-0.075014
0.130959
0.072879
-0.023001
0.009183
0.097646
0.024827
-0.209882
-0.163713
-0.000356
0.028309
-0.015738
0.019451
0.158748
0.162514
-0.008959
-0.065808
-0.008927
0.005210
-0.033675
-0.054479
0.014309
0.069123
0.025441
0.000309
0.046211
0.024139
-0.024445
-0.020602
-0.023861
-0.025728
-0.034248
0.006675
0.143219
0.211053
0.118515
0.002673
-0.004577
-0.046469
-0.145878
-0.163337
0.093639
0.405066
0.265841
0.069058
-0.001325
-0.040463
-0.295573
-0.628776
-0.310362
0.175578
0.205882
0.029100
0.106749
0.182448
-0.117596
-0.575610
-0.424005
-0.055605
0.052036
0.029814
0.151234
0.335775
0.184584
-0.121183
-0.176495
0.004091
-0.009898
-0.026456
0.034682
0.135916
0.149114
0.033042
-0.003040
0.040306
0.014770
-0.024294
-0.034114
-0.011290
-0.008800
-0.039730
-0.009980
0.101494
0.149085
0.044785
-0.051467
-0.043960
-0.028300
-0.098506
-0.101886
0.113316
0.322882
0.151483
-0.002848
0.011888
0.000476
-0.176348
-0.410382
-0.162441
0.169182
0.149246
-0.000241
0.073455
0.152200
-0.026862
-0.392652
-0.274164
-0.005021
0.013139
-0.013528
0.067632
0.245278
0.152612
-0.078535
-0.139817
-0.015864
-0.030754
-0.054079
-0.011874
0.076641
0.112480
0.005733
0.073785
0.058577
0.053471
-0.015258
-0.010539
-0.015321
0.009079
0.000384
-0.024004
-0.014603
-0.098490
-0.134363
-0.134468
-0.115433
0.022164
0.002946
0.016490
-0.094931
-0.135715
-0.127658
-0.077024
0.011295
0.001910
-0.010945
-0.126491
-0.142347
-0.132247
-0.082673
0.016618
-0.006567
-0.051757
-0.109147
-0.107663
-0.100713
-0.070630
0.017025
-0.008400
-0.027500
-0.090966
-0.096477
-0.070837
-0.051590
0.014048
-0.020401
-0.026311
-0.090655
-0.082630
-0.042371
-0.015118
0.028165
0.031661
0.022955
0.016270
0.023437
0.030401
0.056006
0.016139
0.019573
0.034228
0.021318
-0.012260
-0.002762
0.001190
0.020833
0.052847
0.072021
0.016099
-0.033185
-0.036926
-0.002938
0.006481
0.046147
0.036876
-0.029634
-0.059504
-0.065981
-0.031097
0.015007
0.032941
-0.018893
-0.032008
-0.046460
-0.054634
-0.034316
0.014576
0.017702
-0.011111
-0.024366
-0.049860
-0.043909
-0.031997
0.012185
0.005229
-0.020557
-0.043078
-0.058505
-0.037231
-0.014880
-0.052158
-0.048703
-0.050398
-0.016601
-0.007173
-0.002616
0.011017
-0.026324
-0.020896
0.002963
0.060167
0.056330
0.067498
0.051577
-0.045377
-0.012941
0.026077
0.064937
0.067698
0.068566
0.054302
-0.047722
0.002255
0.025965
0.055555
0.068066
0.060517
0.042521
-0.029568
0.012010
0.001970
0.072233
0.074735
0.055971
0.034058
-0.025856
0.012543
0.025409
0.076012
0.055031
0.042673
0.013158
-0.027418
-0.000431
0.004177
0.033481
0.016480
0.008885
-0.008492
0.011006
0.046753
0.090130
0.074943
0.021820
-0.026359
-0.028573
0.059548
0.056551
0.060099
0.002703
-0.055595
-0.091494
-0.056015
0.045336
-0.010004
-0.054024
-0.135313
-0.163393
-0.100956
-0.031586
-0.021236
-0.115434
-0.153254
-0.189431
-0.121965
-0.045828
-0.006025
-0.041233
-0.094189
-0.087977
-0.048127
0.068914
0.092969
0.077843
-0.052789
-0.058654
0.009746
0.089954
0.142313
0.121491
0.082382
-0.027392
0.019138
0.081212
0.089063
0.103646
0.067450
-0.032194
0.076018
0.079473
0.126363
0.086565
0.008242
-0.038086
-0.014939
0.114613
0.067099
0.049986
-0.054586
-0.135940
-0.122372
-0.039520
0.067330
-0.054728
-0.142533
-0.275080
-0.274583
-0.120293
0.013296
-0.051008
-0.225447
-0.300355
-0.348512
-0.223672
-0.045860
0.050589
-0.061773
-0.165728
-0.151721
-0.083732
0.074094
0.154488
0.151495
-0.037697
-0.063627
0.041692
0.142697
0.202455
0.199779
0.161003
0.004638
0.043659
0.126998
0.148595
0.143007
0.114921
0.012860
0.007166
0.011175
0.053258
0.062998
0.009233
-0.026392
-0.006982
0.054648
0.046068
0.051282
0.012041
-0.064894
-0.066006
-0.003220
0.045228
-0.011534
-0.036584
-0.128057
-0.158899
-0.072939
0.017322
0.002931
-0.091674
-0.127036
-0.190548
-0.138786
-0.034115
0.025810
-0.009524
-0.078887
-0.097185
-0.072234
0.026349
0.089277
0.077766
-0.000599
-0.042807
0.011617
0.075835
0.118252
0.124322
0.089940
-0.009760
0.010846
0.047959
0.051687
0.052841
0.045823
-0.037451
0.034619
0.048336
0.073879
0.079702
0.036112
-0.008198
-0.030003
0.034100
0.052451
0.068286
0.058833
-0.005686
-0.043239
-0.048209
0.047196
0.068796
0.080431
0.026896
-0.036452
-0.054567
-0.062940
0.065638
0.077858
0.029679
-0.034256
-0.083510
-0.091313
-0.061773
0.048363
0.035675
-0.025725
-0.064037
-0.098137
-0.064624
0.004885
0.012112
-0.002700
-0.036311
-0.058128
-0.069080
0.008722
0.058618
-0.004653
-0.020971
-0.047495
-0.065650
-0.055541
0.019513
0.034973
0.017300
0.005851
0.012146
0.005044
-0.001087
-0.002040
-0.007713
0.000412
-0.005636
0.004312
-0.001796
-0.014669
-0.004574
0.003151
-0.001381
0.002907
0.021500
-0.007476
-0.010361
0.010963
-0.000318
0.009410
0.013602
-0.009885
-0.030145
-0.026505
-0.019051
-0.017989
-0.000221
-0.014651
-0.039315
-0.031156
-0.027091
0.000456
0.025164
-0.010762
-0.017010
-0.010827
0.002710
0.004180
0.053554
0.049758
0.007534
0.010603
0.007391
0.002008
0.002743
0.034632
0.000595
-0.032295
-0.066580
-0.076891
-0.079289
-0.042173
0.001223
0.016257
-0.054148
-0.080162
-0.070315
-0.053141
-0.011024
0.045821
0.062541
-0.078788
-0.086341
-0.049393
-0.017987
0.049565
0.093707
0.067155
-0.056786
-0.041571
-0.013293
0.044307
0.099606
0.088409
0.045715
-0.043180
-0.030797
0.005991
0.074375
0.076176
0.040379
0.004539
-0.027655
-0.006226
0.051945
0.089840
0.054039
0.022735
-0.043170
0.006203
0.036557
0.067341
0.065555
0.023170
-0.016465
-0.098063
0.011449
-0.002784
0.012831
0.026040
0.004086
0.008335
-0.002459
0.006659
-0.013195
-0.034064
-0.073126
-0.065033
-0.015356
-0.009800
-0.012247
-0.022474
-0.053361
-0.092693
-0.110810
-0.070841
-0.038819
0.043722
0.058228
0.137474
0.159028
0.092075
0.053542
0.054064
0.051935
0.074997
0.119454
0.207157
0.214114
0.156521
0.080834
-0.026072
-0.056561
-0.096848
-0.109589
-0.105351
-0.047392
-0.002301
-0.024703
-0.048438
-0.053134
-0.065047
-0.076040
-0.050013
-0.034198
-0.017887
-0.035699
-0.018343
-0.014181
-0.024975
0.012562
0.003166
-0.007888
-0.063141
-0.124365
-0.189303
-0.176696
-0.087620
-0.047855
-0.015207
-0.045053
-0.096464
-0.180404
-0.213945
-0.143470
-0.086489
0.112149
0.178778
0.341666
0.386311
0.261948
0.159794
0.100414
0.092661
0.176245
0.293971
0.455452
0.458831
0.324696
0.170781
-0.087470
-0.144566
-0.221201
-0.232759
-0.196430
-0.090731
-0.013073
-0.070239
-0.136513
-0.176716
-0.224196
-0.241378
-0.162443
-0.087531
0.002874
-0.006287
0.008649
0.015629
0.007817
0.026765
0.027205
0.013038
-0.028568
-0.066538
-0.090664
-0.099153
-0.041819
-0.017952
-0.019427
-0.043001
-0.090627
-0.136848
-0.162689
-0.111643
-0.059201
0.063145
0.109669
0.209034
0.228183
0.141444
0.073982
0.061381
0.066398
0.124809
0.202968
0.312503
0.307550
0.217150
0.121466
-0.068788
-0.106183
-0.155045
-0.161548
-0.149625
-0.072370
0.013305
-0.041365
-0.073889
-0.091128
-0.114010
-0.139956
-0.078939
-0.023954
0.001062
0.016567
0.021900
0.002259
-0.000360
-0.006738
0.001017
-0.017112
0.015848
0.063470
0.047238
0.010077
-0.006282
0.002934
0.019589
0.015276
0.048024
0.067818
0.045476
0.009729
0.012996
0.044563
0.029894
0.003052
0.032299
0.068227
0.053301
0.039271
0.033779
-0.010609
-0.048668
-0.022711
-0.010231
0.025686
0.045004
-0.003818
-0.027954
-0.057385
-0.039397
-0.040888
-0.003977
0.045377
-0.014533
0.010030
0.012931
-0.008326
-0.010640
0.005428
0.030125
0.023596
0.009424
0.018178
0.011374
0.023329
0.025848
0.037730
-0.011616
-0.019722
0.030327
0.025373
0.005165
0.003932
0.027120
0.017395
-0.033902
0.003663
0.034749
0.022223
0.002759
0.027011
0.032950
-0.030880
-0.062722
-0.024283
0.019945
0.025321
0.029080
0.028668
-0.063130
-0.110969
-0.076917
-0.051989
0.001068
0.034287
-0.000921
-0.060034
-0.093938
-0.075710
-0.066673
-0.016036
0.031167
0.011350
0.003629
0.012819
-0.003398
-0.002422
0.016548
0.031190
0.025928
-0.010396
-0.000681
-0.004080
0.016204
0.013586
0.022752
-0.021733
-0.065538
-0.023523
-0.025193
-0.039845
-0.040956
-0.025713
0.005787
-0.065464
-0.034163
-0.008959
-0.026203
-0.043512
-0.023965
0.018752
-0.062920
-0.084260
-0.050333
-0.025942
-0.033913
-0.041094
0.038046
-0.066280
-0.097716
-0.063976
-0.064307
-0.040685
-0.026181
0.027146
-0.046855
-0.071137
-0.047418
-0.054534
-0.036826
-0.012554
0.051032
0.024597
0.039229
0.023951
0.015346
0.007477
-0.002262
0.001031
-0.028585
0.007118
-0.011163
0.036985
-0.038007
-0.005052
0.001811
0.010094
-0.022570
-0.027255
0.122776
-0.116950
0.035075
-0.026159
0.087236
-0.154762
0.035863
0.175652
-0.208967
0.083461
-0.031485
0.123962
-0.265001
0.161254
0.159143
-0.301000
0.124474
0.003648
0.078616
-0.215102
0.220287
0.047885
-0.219793
0.114262
0.019626
0.019891
-0.106894
0.156712
-0.033803
-0.079973
0.048006
0.011358
-0.027827
-0.028850
0.088611
-0.059330
-0.038090
0.010896
-0.004209
-0.035239
-0.010550
0.024202
0.101197
-0.049711
-0.010106
0.018697
-0.002575
-0.077799
0.050900
0.224533
-0.204202
0.033028
-0.013478
0.067027
-0.271888
0.198457
0.318045
-0.399471
0.114207
-0.026374
0.085170
-0.449140
0.417501
0.314539
-0.577163
0.153161
0.009836
0.025327
-0.362663
0.503964
0.124503
-0.474663
0.156784
0.027579
-0.045124
-0.175713
0.344003
-0.028898
-0.211582
0.093923
0.005566
-0.062925
-0.020732
0.190811
-0.047935
-0.078273
0.020487
-0.005425
-0.035045
0.010488
0.003567
0.085037
-0.045410
-0.026000
0.023257
-0.005551
-0.042141
0.008201
0.180319
-0.175802
0.024400
-0.019875
0.072638
-0.194456
0.117880
0.241258
-0.302646
0.081920
-0.038225
0.116634
-0.331070
0.273136
0.235846
-0.418872
0.144611
0.008932
0.059095
-0.284318
0.331828
0.097174
-0.334627
0.145949
0.023517
-0.024199
-0.161630
0.236945
-0.025694
-0.145226
0.063703
0.022135
-0.039029
-0.020264
0.154157
-0.015732
-0.055332
0.002287
0.004870
0.008097
0.009493
0.008311
0.008175
0.007763
0.005337
0.003664
0.009404
0.008494
0.007773
0.006571
0.007399
0.006827
0.010799
0.013171
0.011353
0.016256
0.009481
0.004186
0.010434
0.011691
0.016519
0.029483
0.039677
0.026170
0.013700
0.015067
0.005887
0.006810
0.015708
0.025409
0.014999
0.003793
0.011002
0.005693
0.003326
-0.002242
0.000897
-0.001112
0.000447
0.006799
0.004528
0.003631
0.002976
0.001437
0.003317
0.005469
0.003416
-0.004878
-0.010766
-0.010642
-0.011441
-0.009744
-0.006561
-0.008240
-0.012710
-0.014119
-0.014394
-0.014970
-0.013119
-0.011193
-0.012143
-0.007334
-0.008147
-0.003339
0.004888
-0.001605
-0.010774
-0.006252
-0.001306
0.001960
0.023764
0.039525
0.024081
0.003421
0.000067
-0.003789
-0.004129
0.012407
0.029015
0.015832
-0.005399
-0.002413
-0.002015
-0.006918
-0.009863
0.000169
-0.003479
-0.008150
-0.004161
-0.001607
-0.005544
-0.005542
-0.004078
-0.002022
-0.002874
-0.005364
-0.002365
-0.006860
-0.003482
-0.000522
0.001297
0.001522
-0.005036
-0.012259
-0.010261
-0.006470
-0.003595
-0.003190
-0.007180
-0.013174
-0.008016
-0.003998
0.005962
0.017068
0.009775
-0.004876
-0.005607
-0.004313
0.002923
0.031061
0.050301
0.033470
0.007182
-0.001401
-0.008102
-0.004296
0.019088
0.039418
0.025543
-0.000981
-0.005792
-0.007712
-0.009927
-0.006630
0.005972
0.003386
-0.005624
-0.008333
-0.008332
-0.012576
-0.009678
-0.006255
-0.003125
-0.007366
-0.012258
0.023168
0.026033
-0.014804
0.002613
0.033465
0.003074
-0.022045
-0.011073
0.032373
-0.001789
-0.069356
0.049134
0.069786
-0.034210
-0.013280
0.001326
0.077759
-0.077784
-0.121311
0.157186
-0.005369
-0.002534
-0.050025
0.110447
0.132850
-0.272804
0.018571
0.133150
0.039062
-0.077707
-0.073617
0.266515
-0.052344
-0.212453
0.111853
0.029625
0.021757
-0.136439
0.055102
0.154909
-0.147570
0.044013
0.006065
0.050364
-0.035897
-0.080915
0.085933
-0.044966
0.001079
0.017410
0.026331
-0.047022
-0.032829
0.033076
0.049636
-0.015378
-0.001893
0.071742
-0.011641
-0.191850
-0.032890
0.160642
-0.004839
-0.007044
0.068195
0.183560
-0.180516
-0.386171
0.194071
0.110931
-0.032957
-0.043980
0.332624
0.267001
-0.633803
-0.160100
0.233099
-0.007715
-0.160160
0.055362
0.604053
-0.146551
-0.457059
0.117571
0.013055
-0.065184
-0.194984
0.263762
0.267005
-0.266882
0.008035
-0.007288
0.027742
-0.108513
-0.035628
0.194156
-0.030319
-0.008641
-0.018717
-0.000806
-0.062178
-0.039831
0.005576
0.027316
-0.005624
-0.004339
0.059356
-0.003139
-0.137209
-0.027357
0.111199
-0.035451
-0.004988
0.044541
0.151879
-0.120490
-0.267778
0.165245
0.043282
-0.013607
-0.050948
0.227405
0.202721
-0.460377
-0.076511
0.167837
0.003000
-0.137187
-0.008501
0.418102
-0.113655
-0.323462
0.111718
0.021341
-0.035068
-0.163147
0.170465
0.208059
-0.201043
0.018047
0.003543
0.021065
-0.075855
-0.051806
0.133523
-0.044337
-0.043487
0.035524
-0.035176
-0.048624
-0.048097
-0.049234
-0.046425
-0.026104
-0.011252
-0.069515
-0.100357
-0.104491
-0.086264
-0.105189
-0.080098
0.004157
-0.051421
-0.049805
-0.049660
-0.072631
-0.083232
-0.063007
0.017570
0.008436
0.023418
0.051883
0.016546
-0.008530
0.004975
0.029055
0.052835
0.070757
0.095230
0.094414
0.069161
0.069508
-0.005405
0.030707
0.055280
0.081992
0.091249
0.054613
0.050187
-0.023740
0.028724
0.060787
0.074059
0.062865
0.065581
0.063345
-0.018656
-0.138292
-0.180409
-0.202967
-0.208142
-0.182137
-0.139686
-0.068358
-0.166649
-0.238645
-0.259643
-0.254516
-0.245159
-0.198930
-0.027898
-0.099424
-0.117372
-0.137357
-0.167177
-0.150148
-0.126221
0.027522
0.022304
0.044120
0.070111
0.030379
0.007186
0.005750
0.096859
0.134321
0.170926
0.199661
0.198120
0.168559
0.146449
0.070042
0.130236
0.172813
0.200781
0.207040
0.174986
0.154644
0.032909
0.095859
0.148953
0.179569
0.167339
0.169733
0.152110
-0.015113
-0.099620
-0.121935
-0.121228
-0.134605
-0.118123
-0.102901
-0.030181
-0.094382
-0.142325
-0.156688
-0.145049
-0.133522
-0.122257
-0.007638
-0.052337
-0.066891
-0.077862
-0.088573
-0.076796
-0.074703
0.014529
0.019696
0.037921
0.059398
0.037212
0.013364
0.011811
0.055195
0.090238
0.116987
0.144391
0.145768
0.117676
0.106522
0.008652
0.072885
0.107265
0.134547
0.143449
0.109250
0.094978
-0.047108
0.031512
0.068473
0.094664
0.080179
0.085760
0.073652
-0.004593
0.015511
0.009399
-0.037240
0.005012
-0.026829
0.024648
0.006523
-0.015124
0.065219
-0.079517
0.040666
-0.013062
0.022558
0.016954
-0.059632
0.137477
-0.144062
0.028336
0.088497
-0.036439
0.028640
-0.099666
0.174695
-0.089681
-0.203792
0.269642
-0.106486
0.036209
-0.087103
0.087871
0.141987
-0.381371
0.274955
-0.078905
0.007414
-0.009812
-0.049834
0.197834
-0.254279
0.127527
-0.017731
-0.002964
0.027411
-0.046243
0.108456
-0.106512
-0.008376
0.024183
-0.009148
0.009492
0.005139
-0.086995
0.029015
-0.018263
0.023064
0.004550
0.004571
0.079491
-0.172756
0.063202
0.018756
0.006639
0.008827
-0.048921
0.232479
-0.280857
-0.032702
0.195511
-0.048177
0.023137
-0.149768
0.358993
-0.191271
-0.418520
0.445371
-0.101166
0.030390
-0.160522
0.266170
0.162065
-0.671024
0.409177
-0.034685
0.010612
-0.074714
0.045658
0.288528
-0.476991
0.170430
0.035585
0.004023
-0.021482
-0.007155
0.165167
-0.192821
-0.024758
0.057524
-0.018684
0.013881
0.029815
-0.037973
0.078249
-0.001380
-0.008447
-0.013514
-0.024791
0.072940
-0.116904
0.090211
0.007598
-0.032817
0.000518
-0.071243
0.183447
-0.193390
0.044492
0.140281
-0.100131
0.018214
-0.150130
0.268327
-0.103081
-0.238628
0.369605
-0.158320
0.039727
-0.152939
0.149994
0.162497
-0.446017
0.361884
-0.102979
0.002550
-0.069036
-0.019708
0.241216
-0.316785
0.178099
-0.016547
0.000622
-0.023134
-0.023306
0.143730
-0.117069
-0.000206
0.046952
-0.009150
-0.001819
0.001885
-0.010958
0.006112
-0.017042
-0.010903
-0.003324
-0.017066
-0.005535
-0.062357
0.024679
0.047109
0.007391
0.021230
0.004215
0.082023
-0.066132
-0.191526
0.001645
0.070372
0.021874
-0.058013
-0.015519
0.316956
-0.067761
-0.202529
0.049179
-0.010244
0.049790
-0.262765
-0.011891
0.346778
-0.085104
-0.085248
-0.026795
0.091119
0.075281
-0.274038
0.052401
0.096155
-0.028746
-0.007453
-0.029088
0.093166
-0.006104
-0.089331
0.020178
-0.008895
0.002440
0.004688
0.033402
-0.006508
-0.018976
-0.011616
0.021726
0.010691
-0.013683
0.021609
-0.104011
-0.059234
0.047795
0.030894
0.021404
0.023337
0.222221
0.011648
-0.363525
-0.109137
0.070249
-0.006011
-0.145045
0.085626
0.704324
-0.001798
-0.394293
-0.007876
-0.006609
-0.052875
-0.475025
0.124680
0.685662
-0.065387
-0.148096
0.004053
0.109736
-0.066017
-0.481409
0.161937
0.223622
-0.020227
-0.001784
-0.011563
0.111676
-0.079510
-0.129411
0.058312
0.030247
0.007138
0.014470
0.005665
0.000146
-0.001309
-0.018507
0.003910
0.013248
0.000645
-0.009928
-0.058554
-0.001847
0.048854
0.002791
0.003206
0.012929
0.148634
-0.017210
-0.249905
-0.045596
0.062677
-0.007636
-0.109771
0.038012
0.508372
-0.029786
-0.272525
0.047204
-0.005575
0.018163
-0.357568
0.068258
0.502658
-0.087143
-0.093014
-0.013703
0.108148
-0.000095
-0.357326
0.114149
0.139531
-0.023205
-0.003534
-0.018947
0.089651
-0.047446
-0.104029
0.044671
0.044523
-0.010700
-0.007434
-0.002268
-0.001961
-0.004493
-0.009738
-0.015134
-0.012372
-0.010853
0.001796
0.009375
-0.007140
-0.008229
-0.012369
-0.011806
-0.001220
0.036956
0.041379
0.004997
-0.000874
-0.007382
-0.012784
-0.006880
0.042383
0.048775
0.002491
-0.011451
-0.005039
-0.012213
-0.022057
0.001564
0.015858
-0.008833
-0.016701
-0.014878
-0.008065
-0.018210
-0.013135
-0.007331
-0.013673
-0.014184
-0.016782
-0.003638
-0.009938
-0.007871
-0.006534
-0.009672
-0.010435
-0.021272
0.010142
0.013941
0.011991
0.012708
0.012101
0.011034
0.005535
0.014063
0.014774
0.018341
0.022566
0.008935
0.011490
0.010728
0.012745
0.023703
0.051581
0.051515
0.019287
0.017114
0.016154
0.010931
0.019821
0.059052
0.061307
0.017179
0.008443
0.020472
0.012793
0.007280
0.023349
0.036392
0.012926
0.007535
0.012249
0.011711
0.007330
0.007554
0.013214
0.008852
0.008425
0.008984
0.013886
0.014922
0.018220
0.018271
0.018581
0.015637
0.009461
-0.000344
0.000276
-0.002078
-0.000789
0.000009
-0.002178
-0.007468
-0.004954
-0.008362
-0.002505
0.001541
-0.010692
-0.008082
-0.010693
-0.009303
-0.003122
0.022017
0.021374
-0.006445
-0.007239
-0.010547
-0.012268
-0.009561
0.028048
0.028536
-0.010690
-0.017621
-0.007783
-0.008209
-0.020087
-0.005059
0.007379
-0.012000
-0.016532
-0.013855
-0.008194
-0.018520
-0.019470
-0.012711
-0.013823
-0.013102
-0.015148
-0.006687
-0.013051
-0.010729
-0.008843
-0.004859
-0.008314
-0.014142
-0.052798
-0.008568
-0.000399
0.007539
0.003480
-0.010389
-0.005667
-0.038280
0.022414
0.020265
0.063185
0.075682
0.053452
0.028168
-0.051970
0.020940
0.035156
0.091594
0.079897
0.063596
0.030574
-0.018096
0.059397
0.093516
0.168172
0.157323
0.134887
0.114614
-0.020279
0.050560
0.092945
0.123185
0.140454
0.120522
0.092297
-0.047005
0.031485
0.060874
0.085126
0.120193
0.095984
0.065541
-0.055180
0.023876
0.058073
0.083860
0.092612
0.067816
0.049678
0.013949
0.012630
0.020284
0.008039
0.005053
-0.006772
0.011265
0.019944
0.026732
0.015640
0.029544
0.032669
0.024516
0.016197
0.007536
0.026723
0.020797
0.029825
0.001251
0.006339
0.003104
0.002240
0.019786
0.010144
0.027973
0.007715
-0.002060
0.017642
0.006470
0.013766
0.019824
-0.007213
-0.003705
-0.007557
0.008103
-0.004596
0.000391
-0.000862
-0.024884
-0.005076
-0.015027
-0.001987
0.001624
0.003866
0.009572
-0.016539
-0.021993
-0.023746
-0.000859
0.034810
-0.012796
-0.003406
-0.031012
-0.011547
-0.015894
0.016117
0.022742
-0.030085
-0.052274
-0.064327
-0.045620
-0.033269
-0.013620
0.033017
-0.020651
-0.051176
-0.073252
-0.078545
-0.056427
-0.028073
-0.002955
-0.080156
-0.125163
-0.139459
-0.150381
-0.140145
-0.084960
0.025146
-0.063009
-0.085458
-0.142429
-0.122368
-0.109689
-0.077243
0.042562
-0.034535
-0.056617
-0.116725
-0.094940
-0.099380
-0.080645
0.073647
-0.007294
-0.021785
-0.084073
-0.088294
-0.089260
-0.063523
-0.001367
0.011685
0.000340
-0.038263
-0.014098
0.016237
-0.013005
-0.005910
-0.024097
-0.013334
0.064312
0.086241
0.024368
-0.015265
-0.015274
0.036235
0.103932
0.052226
-0.111084
-0.095840
-0.011753
0.002772
-0.047698
-0.185225
-0.297538
-0.131408
0.002025
0.007014
-0.002145
0.001472
0.041267
0.237146
0.320528
0.136463
0.065487
0.044561
0.046407
0.091887
0.046701
-0.126709
-0.123204
-0.033406
-0.007195
-0.021077
-0.041959
-0.087816
-0.011606
0.041462
0.020527
0.016755
-0.017300
-0.019698
-0.024194
0.033047
0.054910
0.002468
0.025152
0.011436
0.085380
0.213875
0.171118
0.013025
-0.040842
-0.019621
0.084768
0.146060
-0.065158
-0.340991
-0.273919
-0.083665
-0.064989
-0.165155
-0.444426
-0.650912
-0.347576
-0.001772
0.069010
-0.053943
-0.050051
0.080633
0.482248
0.666479
0.396415
0.178936
0.069877
0.152848
0.288298
0.233771
-0.062546
-0.158159
-0.091905
0.006919
-0.011640
-0.085738
-0.207700
-0.147950
-0.032545
-0.017986
0.006289
-0.008356
-0.037864
-0.047687
0.022963
0.034477
0.011238
0.013894
-0.002515
0.011794
0.140168
0.151734
0.017828
-0.029022
-0.016545
0.066373
0.140094
0.007061
-0.204900
-0.184838
-0.066764
-0.031455
-0.103239
-0.303490
-0.464213
-0.231773
-0.022329
0.044077
-0.031251
-0.042050
0.042675
0.347313
0.483816
0.264447
0.132774
0.048392
0.092558
0.195824
0.151156
-0.087444
-0.152014
-0.085338
0.037187
-0.012483
-0.079544
-0.137375
-0.084359
-0.003369
0.001300
