0.086888
0.013565
-0.027768
0.047396
-0.005394
0.035481
-0.009053
0.021583
-0.031913
-0.085058
-0.185373
-0.021585
-0.029842
-0.073676
-0.053961
-0.022229
0.003224
-0.079489
-0.016093
-0.028472
-0.063145
-0.009671
-0.001385
0.003177
-0.007078
0.034955
0.007550
-0.011232
-0.049722
0.013940
0.100733
-0.003566
-0.025991
0.003301
-0.022884
0.003780
-0.035144
0.007307
-0.024674
0.025273
-0.167094
0.024644
0.096436
-0.011368
-0.063329
-0.102349
-0.020255
-0.040249
-0.004513
0.053310
0.029742
-0.028729
-0.019782
0.007512
0.015430
-0.028883
-0.001716
-0.056405
0.003033
-0.081744
-0.048362
-0.007669
-0.021323
-0.016737
-0.261902
0.020579
-0.009341
0.007887
0.035949
0.007951
-0.006062
0.014580
-0.012331
0.049183
-0.240413
-0.000029
-0.012959
-0.005076
0.058308
-0.265103
-0.016043
-0.088381
-0.009100
-0.112782
-0.108735
0.018779
0.016885
-0.005082
0.031750
0.043339
0.020728
0.007872
-0.013302
-0.016200
-0.082942
0.008005
0.000502
0.006644
0.019438
0.002546
0.018387
-0.005757
0.040846
0.026101
-0.172250
0.017902
-0.250053
0.006235
0.013473
0.051800
0.020214
0.011693
0.016036
-0.055373
-0.002248
0.090845
0.008948
0.009300
0.019552
-0.100196
0.010867
-0.064599
0.052287
-0.060596
-0.057613
0.006885
0.014402
0.014523
0.065908
-0.030248
0.005070
0.001870
0.008408
-0.009156
0.000184
-0.047497
-0.005418
-0.021192
-0.021576
-0.109898
-0.149490
0.056800
-0.033837
0.082505
0.031806
0.012329
0.018904
0.078879
0.027809
0.006370
0.019103
0.008089
-0.156614
0.210649
0.035388
-0.000342
-0.211288
0.017948
0.034129
0.022642
-0.047676
-0.017622
0.013852
0.004179
-0.086764
0.019215
0.035114
0.030972
0.018434
0.012126
-0.001122
-0.007789
-0.134738
0.123583
0.017128
-0.038965
-0.002050
-0.017727
0.001708
-0.219763
-0.005475
-0.127967
0.016284
0.015951
0.009890
-0.014312
-0.044060
-0.029803
-0.059682
0.009976
-0.003658
-0.265598
0.025213
-0.006661
0.025099
-0.022190
-0.006960
0.031632
0.007905
-0.027177
0.080183
-0.050609
-0.020589
-0.004722
-0.030912
0.051667
0.046513
-0.020321
0.031985
0.059126
0.021278
-0.018599
-0.023488
-0.006060
0.052862
0.011393
0.027648
0.060165
0.006838
0.036344
0.017911
0.014375
-0.013823
0.033905
-0.016081
0.018424
-0.009260
0.004870
0.013719
-0.001683
-0.028196
0.001577
0.019395
0.038932
-0.002105
0.020097
-0.028369
0.030663
0.016097
0.034204
0.040235
0.000606
0.026473
-0.008010
-0.012853
-0.028601
-0.004142
-0.014117
0.040227
-0.002633
0.021108
0.002647
-0.010442
0.037753
0.021184
-0.002194
-0.069839
-0.004565
-0.015063
-0.037879
-0.068118
-0.029643
0.032636
0.009926
-0.099593
0.055277
0.029418
-0.038463
-0.063653
-0.309027
-0.009994
0.022707
-0.165080
0.040892
-0.055816
-0.011493
-0.085773
-0.039780
-0.328391
0.018800
0.031191
0.076345
0.040202
-0.034245
-0.027974
0.029414
0.055030
-0.006323
-0.002002
-0.026598
-0.084839
0.035662
0.001458
0.068916
-0.088239
-0.071365
0.018898
-0.056997
-0.044488
-0.044189
-0.085430
0.270957
0.035564
-0.084461
-0.045839
-0.039630
0.030440
0.151037
-0.013475
-0.067736
-0.036126
0.005839
-0.029824
-0.039878
0.029680
-0.002372
-0.017743
-0.042669
-0.106205
-0.051635
-0.032875
-0.006985
0.013245
-0.031074
-0.014795
0.018211
0.009321
0.023414
0.002986
0.005665
-0.025520
0.007796
0.024932
0.032923
0.013993
-0.007090
0.011130
0.168819
-0.007293
-0.023688
0.025075
-0.048960
0.036187
0.006861
-0.038737
-0.099287
0.015642
0.008580
-0.080461
0.023668
0.068532
0.003869
-0.006533
0.010375
0.003076
0.004959
-0.046362
0.042317
0.021284
0.028062
0.014320
-0.010523
0.089992
0.003587
0.029448
0.070218
0.027399
0.020031
0.011851
0.003587
-0.010236
-0.052068
0.004533
-0.039706
0.007201
0.037979
0.007647
-0.023892
-0.027206
-0.004339
0.008727
0.001227
-0.002568
-0.023335
0.013978
0.040722
0.002406
0.005412
-0.011790
-0.036488
0.007011
0.097825
0.030287
0.054916
-0.119083
-0.004772
-0.013774
-0.092092
-0.042253
0.039217
-0.057463
-0.177001
-0.020010
0.166617
-0.015304
0.040815
0.030274
-0.006952
0.014519
-0.009449
0.012000
-0.000187
0.012853
-0.034702
-0.077154
-0.005642
-0.036258
-0.005785
-0.006741
-0.015458
-0.027196
-0.086925
-0.007320
-0.013351
-0.277567
-0.006465
0.056943
0.012803
-0.030362
-0.029827
0.003584
0.096901
0.020183
0.073110
-0.026592
0.073838
0.009911
-0.049721
0.018961
0.065122
0.000730
-0.017343
-0.025784
0.035582
0.033963
0.014873
-0.026392
-0.009938
0.069661
0.049063
-0.008052
0.046151
0.069462
-0.015893
0.006279
-0.041300
-0.021797
0.015514
-0.038574
0.045261
0.024277
-0.157430
0.063131
0.020941
-0.065596
-0.016535
-0.145427
0.051223
-0.002565
-0.026751
-0.174145
0.000450
-0.038869
0.015622
0.058542
-0.007099
0.084636
-0.024432
0.005106
-0.012411
-0.001788
0.000193
-0.092559
0.015814
-0.024468
-0.013273
-0.135948
-0.098606
-0.076645
0.034345
-0.120448
-0.012898
0.022601
0.063493
-0.198145
0.112755
-0.012294
0.045362
0.022831
-0.019971
-0.035629
-0.042698
-0.049841
-0.065677
-0.003586
-0.032893
0.046118
0.013334
0.041010
-0.021527
-0.055312
-0.037432
-0.200110
0.004703
0.006925
0.001210
-0.016170
0.013293
0.000201
0.000748
0.043996
-0.218241
0.104864
-0.149125
-0.133596
0.047738
0.083854
-0.167595
0.016410
0.071355
0.055500
0.126693
-0.034658
-0.005785
0.033024
0.008505
0.106376
0.092532
0.022103
-0.006543
0.022943
0.047302
0.075484
0.016385
-0.114650
0.014018
0.018053
0.009671
-0.063515
0.036392
0.003029
-0.013828
0.036406
-0.005470
0.092983
0.005210
-0.109203
0.044399
-0.021912
0.060921
-0.006028
-0.135750
-0.018419
0.084877
0.001001
0.058210
0.010381
-0.106969
0.004597
-0.273822
0.069868
-0.152260
-0.313009
0.001057
-0.022171
-0.012465
0.047953
-0.004434
0.005398
-0.003214
-0.049355
0.027501
0.013005
0.041373
0.001714
-0.104085
0.054355
-0.088555
-0.051169
0.040614
0.007727
0.032515
0.012307
0.033580
0.041657
0.106350
0.016347
-0.002830
0.052235
0.010042
-0.002371
0.031995
0.026888
0.004028
0.008150
0.030882
0.028058
0.008769
-0.065461
-0.006345
0.000714
0.006650
-0.034467
0.022979
-0.015567
0.010364
0.066090
0.003195
0.030312
-0.001845
-0.063139
0.033376
-0.064432
0.004146
0.000033
-0.014915
-0.011883
0.052605
0.008662
-0.019113
0.030730
0.015073
0.005361
-0.041210
0.032882
-0.005112
-0.045489
0.007836
0.006801
-0.048472
-0.035245
-0.009983
0.005223
-0.009076
0.011077
0.027245
0.010008
0.016534
-0.000149
0.058570
-0.018345
-0.064841
0.024560
-0.001095
-0.080790
-0.028704
0.034769
-0.093862
0.044112
-0.136181
0.193996
0.020314
-0.027729
0.009281
-0.038646
0.036861
0.003075
0.021212
-0.043709
0.050684
0.004105
0.004757
0.061041
-0.000667
0.000268
0.008845
0.053299
0.017958
-0.021878
-0.007901
0.015587
-0.007915
-0.108427
0.010424
0.038561
-0.023201
0.003003
-0.077451
0.016114
0.032295
-0.005075
-0.044624
-0.009247
0.007488
-0.003219
0.188992
0.016716
0.039210
0.040191
0.232474
0.035491
0.019459
0.005642
0.004510
0.030266
-0.001411
0.027951
0.038751
0.027505
0.018950
0.052123
0.106973
0.007358
-0.030458
-0.036637
-0.026815
-0.002760
-0.015525
0.025671
-0.011866
-0.022782
0.013152
-0.015885
0.044805
-0.017336
0.023635
-0.033261
0.069471
-0.046328
0.043707
0.112731
0.011815
0.007542
0.146986
0.002441
0.028621
-0.023850
0.007021
-0.054739
0.069871
-0.001555
0.163252
0.004361
0.007483
0.001361
0.023257
-0.012054
0.007550
-0.037135
0.133741
-0.001709
-0.007361
-0.001256
-0.029214
0.021137
0.036355
0.014759
0.015894
0.109368
-0.002991
0.012304
-0.003370
0.066162
-0.030759
-0.001161
0.012134
0.014605
0.000872
-0.007492
0.008816
0.006009
0.023960
-0.005777
0.012934
0.001903
0.009499
-0.010468
-0.019573
-0.013999
-0.029125
-0.022700
0.040096
-0.010900
-0.013010
0.012046
0.022284
-0.001824
0.034361
-0.017921
-0.024174
0.048625
0.002621
-0.025859
0.029666
0.007436
0.003046
-0.012048
0.011082
0.009716
0.005827
-0.034512
0.006982
-0.035681
0.001791
-0.025663
-0.003036
-0.056183
0.031958
-0.021778
0.002602
0.013811
0.003749
-0.016268
-0.011428
-0.001970
0.002503
0.008591
-0.022238
0.005764
-0.000620
-0.001574
-0.002444
-0.015571
-0.015246
0.009554
-0.026977
0.036490
-0.026244
-0.012519
0.007626
0.042385
-0.032299
-0.386305
0.034839
0.002644
-0.014691
0.001095
-0.003775
-0.004340
-0.004652
0.001493
0.070903
0.049211
0.035134
-0.050793
-0.013530
0.021459
-0.247190
0.011028
0.025964
-0.067684
-0.047067
-0.039101
-0.082051
-0.058371
-0.006190
0.043508
0.038474
-0.014747
-0.003272
-0.016463
-0.009535
-0.158406
0.007513
-0.012165
0.013457
0.002935
0.001509
-0.010474
-0.005769
-0.020973
-0.037935
0.028622
0.003830
-0.174000
-0.000496
0.010207
-0.037310
-0.018306
0.021178
0.012902
-0.125702
-0.031318
0.108816
-0.001027
-0.069177
-0.021430
0.031551
0.006980
-0.082206
0.031570
0.005851
-0.037456
-0.007511
-0.034030
0.006168
0.107773
-0.005264
0.023073
0.061631
0.041662
0.069418
0.017886
0.034648
0.052371
-0.102633
0.109917
0.036814
0.086081
-0.009532
0.080571
0.072444
0.038456
-0.015384
0.011415
-0.048503
0.108501
0.130425
0.049857
0.032864
0.202550
0.002999
0.035752
0.040997
0.074816
0.117626
0.061727
0.023190
-0.014127
0.032699
0.092510
0.031063
0.018201
0.064196
0.072039
0.114485
0.120587
0.044708
0.135437
0.023761
0.088744
0.004137
-0.041643
0.037524
0.020931
0.092801
0.036010
0.064821
0.022553
0.151269
0.046090
0.122047
0.026407
0.102373
-0.049636
0.040895
0.064468
0.027878
0.084653
0.093519
0.010022
-0.013448
-0.007307
-0.010738
-0.013768
-0.009418
-0.005915
-0.043526
-0.008259
0.005679
-0.204992
0.000107
0.024212
-0.001479
-0.078604
0.005711
0.024444
-0.070104
0.043424
-0.143146
-0.126203
0.040478
0.003746
-0.005376
-0.016071
0.085813
-0.023303
-0.002204
-0.130608
0.002675
0.069492
-0.006061
-0.034548
-0.015333
0.029488
-0.002094
-0.040612
-0.010179
0.002653
0.004442
-0.193549
0.001344
-0.212558
-0.009515
-0.051236
0.086006
-0.006346
-0.165435
-0.002286
0.011037
-0.021189
-0.028931
-0.015897
0.029687
-0.036592
-0.111289
0.003341
-0.064134
0.043865
-0.108112
-0.060023
-0.016502
-0.022062
0.028743
-0.114871
-0.015759
0.006271
-0.017031
0.012034
-0.014635
-0.008175
-0.008929
-0.025666
-0.035855
-0.204677
0.025036
-0.008308
0.060202
-0.000046
-0.147504
-0.003603
0.206830
0.027964
-0.069731
-0.227047
0.032294
0.019162
0.005736
-0.006842
0.047475
0.012472
0.008270
-0.159364
0.004987
0.026362
0.026815
-0.092062
-0.001603
0.004334
0.011092
-0.091959
0.019009
0.005274
-0.005712
-0.051702
-0.008076
0.041280
0.003751
0.013775
0.134359
0.018367
-0.110259
0.000089
-0.043101
0.031618
-0.031110
-0.006304
0.063226
-0.005379
-0.128490
0.016595
-0.101534
0.074423
-0.143593
-0.042194
0.006317
0.019403
-0.012195
-0.003947
0.031308
0.020123
-0.015998
0.024436
0.027100
-0.010969
0.057258
0.016568
-0.119552
-0.054322
-0.112017
-0.027964
0.057598
0.067986
0.228028
0.036643
-0.063689
-0.029683
-0.072644
0.030872
-0.095589
-0.034613
0.005133
-0.098222
0.025336
-0.003051
0.014974
0.103490
0.019978
0.143847
-0.004243
-0.101692
-0.008882
0.031070
-0.002473
-0.143238
-0.002121
0.024244
0.015696
0.008255
0.014701
-0.102650
0.004803
-0.114661
0.009376
0.041093
0.209003
-0.007233
0.177163
0.018186
-0.098573
-0.020140
0.006483
-0.022226
0.033227
0.001118
0.070354
0.109921
0.047375
-0.069700
0.000287
0.006449
-0.096101
-0.405558
0.038526
0.005199
-0.016497
-0.002048
-0.019114
-0.006242
0.048988
0.041287
0.035101
0.067866
0.082355
-0.044669
-0.015691
-0.076929
-0.168699
-0.012857
0.041770
0.020135
0.043968
0.090852
0.015252
-0.039733
-0.013562
-0.037685
-0.006827
-0.042534
-0.012396
-0.113158
-0.015218
0.081852
0.003779
-0.014083
-0.000554
-0.007481
-0.000041
-0.022242
0.010882
-0.005640
-0.024006
0.050715
0.001785
0.005113
0.010384
0.110519
-0.054592
0.011243
-0.081651
0.005256
-0.079773
0.003343
-0.057321
0.026258
0.096973
-0.032406
0.104189
-0.014810
-0.121492
-0.002453
0.010560
-0.236303
0.002715
-0.033127
0.034629
0.008231
-0.001720
0.012869
0.007282
0.007355
-0.014919
-0.008844
0.024017
0.039142
-0.061638
0.014503
-0.186234
-0.018874
-0.001277
-0.268093
0.038434
-0.003472
0.036705
-0.029596
0.003513
0.009717
-0.256642
0.075540
-0.000892
-0.209923
0.054634
-0.026084
0.005481
-0.009130
0.025649
0.097126
-0.000057
-0.143482
-0.000744
0.015374
0.005732
-0.072810
0.018433
0.013748
0.024158
0.008055
-0.024381
0.049612
0.010367
-0.087717
0.077392
0.006897
-0.059254
0.008867
-0.051778
-0.043442
0.101716
0.026101
-0.068839
-0.045331
0.011601
0.002491
0.042030
0.155078
-0.038404
-0.012304
-0.013408
0.006483
-0.078335
-0.021603
-0.026220
-0.012757
0.004750
0.003210
-0.001069
-0.009733
-0.027734
-0.055307
-0.016764
-0.089603
0.046695
0.108975
-0.008606
0.043544
-0.058105
0.002327
-0.073492
0.108353
-0.040376
-0.027566
0.196468
-0.019754
-0.004585
0.070397
-0.061839
-0.036491
0.002293
-0.012378
-0.009929
-0.011118
-0.009928
0.004715
-0.004814
-0.000913
-0.004619
0.013366
-0.027200
0.063881
0.050388
-0.086686
0.010395
-0.116356
-0.014875
0.041926
0.024363
-0.004454
0.028012
-0.000565
0.054249
0.004602
0.048118
0.017145
0.090357
-0.033592
0.003233
-0.005201
-0.011627
-0.005636
0.022902
0.016505
-0.029117
0.008587
0.147622
0.093859
0.001269
-0.008032
-0.019371
0.043739
0.006764
-0.016956
-0.008407
0.020518
-0.038998
-0.298852
0.041212
0.076430
-0.065189
0.066570
-0.023514
-0.027035
0.066302
-0.001386
0.106049
-0.244361
-0.030074
-0.001287
-0.001186
0.031635
-0.010126
-0.029123
0.001802
0.065979
0.021670
0.044731
-0.005225
-0.045838
0.012787
0.018955
0.005353
-0.033991
0.013434
0.032153
0.042072
-0.217951
0.015765
0.064950
0.003056
0.004523
0.080071
0.042362
0.136033
0.006605
0.087179
-0.011125
0.037757
-0.003126
-0.114049
-0.030841
-0.256814
0.007830
-0.063105
-0.034255
-0.363768
0.012177
0.010824
-0.009026
0.016758
-0.162226
-0.005439
0.000628
0.005678
0.023121
-0.001028
0.006039
0.009009
0.032432
0.005534
-0.073826
0.052325
-0.064825
0.026465
0.093820
-0.038915
0.012715
-0.319910
0.023496
0.060730
-0.058585
-0.004911
-0.075260
0.006647
0.097794
0.004038
0.009784
-0.007819
-0.012975
0.018725
-0.107799
-0.006365
0.011717
-0.016076
0.004753
0.005214
0.009390
-0.008328
0.027956
0.030608
-0.074432
-0.009786
-0.271412
-0.002280
0.006263
-0.029937
0.031475
0.004024
-0.003083
-0.070056
-0.001706
0.001228
0.018102
0.007823
0.025398
0.052848
-0.003319
0.148817
0.038212
0.075202
0.020657
0.014969
0.030147
0.122272
0.081632
0.006346
-0.003800
-0.021802
-0.000718
-0.003050
0.023194
-0.047603
-0.023023
-0.003022
-0.004829
-0.038120
-0.015493
0.109926
0.020519
0.053125
0.044550
-0.011601
-0.028026
-0.023044
-0.030813
-0.049639
-0.000756
0.023930
0.141480
0.149959
0.080893
-0.004616
-0.025115
0.100685
-0.017729
0.024323
0.035522
-0.011898
-0.017756
0.004497
0.028882
0.007084
-0.036890
-0.028205
-0.004692
-0.028821
-0.062958
-0.019189
-0.021544
0.041597
0.036530
-0.011083
-0.018785
0.118328
0.048491
0.039656
-0.020296
-0.095502
0.085199
0.053141
0.014000
-0.042923
-0.241154
0.018719
0.000879
0.024808
-0.014476
-0.026002
0.014547
0.017950
-0.024316
0.013569
-0.000001
-0.030778
0.003704
-0.059278
-0.052827
-0.012560
-0.023508
0.104136
0.081926
-0.061309
-0.005860
-0.006564
-0.012035
0.038990
0.101234
0.058098
0.016999
-0.055476
-0.193136
0.000184
-0.092014
0.071888
0.051477
-0.019987
0.029386
-0.066964
-0.137540
0.004931
0.014626
-0.036342
-0.045538
-0.007533
0.023884
-0.046912
-0.011381
-0.020623
-0.011028
0.004613
0.050889
-0.031102
0.078666
-0.064793
-0.034462
0.010526
-0.025482
0.016607
0.040882
-0.267596
-0.008755
-0.059720
0.000087
-0.026089
0.000471
0.032413
-0.365255
0.012133
0.056666
0.010177
-0.054661
0.077458
0.000465
0.027286
0.003871
-0.018038
-0.005959
-0.014672
-0.004766
-0.016507
0.050504
0.009990
0.094233
0.096070
0.009053
0.015505
0.024246
0.107909
0.032375
0.108440
-0.002710
0.007768
-0.459566
0.001021
0.077141
-0.000971
-0.019366
-0.001836
0.024553
-0.000150
-0.000015
-0.013864
-0.024902
-0.016222
0.000805
0.005795
0.016231
-0.003221
0.021458
-0.021360
0.005542
-0.015501
-0.028037
-0.032587
-0.167179
0.004830
-0.003173
0.034484
0.005955
-0.047282
0.001135
-0.007849
-0.013191
-0.010837
-0.012233
0.035839
0.018129
-0.520805
0.005030
-0.007975
0.028515
-0.122695
0.035723
-0.010877
-0.001321
0.024075
-0.028778
-0.009157
-0.011053
0.021678
-0.019246
-0.011006
-0.006164
-0.010106
-0.007097
0.034870
-0.084611
0.013390
0.003316
-0.081250
-0.028146
0.005581
-0.028924
-0.091650
-0.015954
-0.181179
0.006275
0.004893
0.023179
-0.002911
-0.001778
-0.216643
-0.017624
-0.002314
0.014250
-0.030518
0.006308
0.003614
0.004303
-0.000460
-0.024962
0.002525
0.030924
-0.001114
-0.002997
-0.026995
-0.061007
-0.003151
-0.006459
0.003281
-0.004092
-0.053504
-0.018404
0.006157
0.005515
0.032751
-0.005610
-0.016226
-0.003824
-0.066566
0.003711
-0.017291
-0.003221
0.019240
0.048827
-0.007768
0.035646
-0.008872
0.001804
0.010064
0.099346
-0.019508
-0.019326
0.036532
0.040454
0.009033
0.017630
-0.014282
-0.005588
-0.101733
0.032037
0.032328
-0.254238
-0.023854
-0.033176
0.027014
0.000931
0.017587
0.037254
-0.005959
0.058627
0.052820
0.037656
0.014719
0.087777
-0.000502
0.045431
-0.028926
-0.018070
-0.022905
-0.108778
0.004500
0.007329
-0.019263
-0.011585
-0.000428
-0.012486
-0.032604
-0.004656
0.046656
0.063465
0.003156
0.051780
-0.018640
-0.003744
0.002183
0.056086
-0.077005
-0.016827
-0.089292
-0.008874
0.000253
0.042925
0.012045
0.030337
0.032588
-0.011082
-0.377520
-0.029359
-0.083354
-0.329259
-0.003249
-0.022491
0.076800
0.036639
0.013632
-0.026100
0.026655
0.034254
-0.040754
-0.014036
-0.046215
-0.028862
0.000020
-0.190333
0.017539
0.020903
0.020983
-0.006649
-0.058325
0.004768
0.135525
0.032115
-0.363043
0.061287
0.019379
-0.176641
-0.006608
0.018887
0.024244
-0.027854
-0.003411
0.014570
-0.049047
-0.028313
-0.000548
0.062903
-0.010051
-0.050654
0.001009
0.071746
0.018694
-0.067410
-0.050974
-0.168071
0.009717
-0.130736
-0.013487
-0.013324
-0.028031
0.044918
-0.048771
-0.012784
0.088358
-0.024405
-0.024480
-0.038699
0.039570
-0.023371
0.009533
-0.004076
0.016814
0.085375
0.003208
0.073887
-0.007798
-0.035822
-0.048991
-0.011215
-0.010889
-0.008259
-0.032357
0.001643
0.012592
-0.008019
0.008454
0.007854
0.029272
-0.004926
0.004012
0.018007
-0.003248
-0.326821
0.016371
0.023875
0.043754
-0.007563
0.040882
-0.080255
-0.035858
-0.039272
-0.005142
-0.094884
0.065952
0.016542
0.005065
-0.337702
0.013196
0.094500
-0.003313
-0.026937
-0.011119
0.013092
0.001502
-0.043193
0.001247
0.011311
0.049611
-0.055029
0.007394
0.040721
-0.001768
0.094909
-0.015634
0.021005
-0.529467
-0.001316
0.017363
-0.020710
-0.183196
0.006181
0.006903
0.019237
-0.077071
-0.001417
-0.008683
0.031506
0.089970
0.001362
-0.002260
-0.022876
-0.171899
-0.106430
0.108223
0.021170
-0.000813
0.019596
-0.058504
-0.035136
-0.065173
0.096277
0.072896
-0.111043
-0.011600
-0.018775
0.186809
0.019371
-0.023102
0.056996
-0.071630
-0.023064
-0.072793
0.077793
0.034738
0.101289
-0.022788
-0.001087
0.052606
-0.013633
0.012447
-0.068047
-0.132387
-0.049049
0.015715
0.096780
0.013244
0.016138
-0.030762
0.056386
-0.134485
-0.020855
-0.016646
-0.043826
-0.021050
-0.124131
0.038764
-0.028102
-0.394886
0.044517
-0.066358
0.040181
-0.027903
-0.000594
-0.074782
0.026920
0.008091
0.014440
0.195759
0.030484
-0.005718
0.147689
0.189228
-0.007103
0.046955
-0.000787
-0.024955
-0.002066
-0.002448
0.025097
0.030065
0.002004
0.022276
0.055221
0.065544
0.021005
0.013527
-0.005622
0.019170
-0.005520
-0.104198
-0.012666
-0.003715
-0.066708
0.016471
-0.032002
0.018455
0.049053
-0.040969
-0.080811
0.049461
-0.010493
-0.046051
0.032109
0.010361
0.017093
0.116235
-0.024912
0.019360
-0.001074
0.012640
-0.064212
0.053409
0.012000
0.132967
-0.049597
0.022201
-0.005067
0.005806
0.011935
0.009867
0.009208
0.079518
-0.005832
-0.004275
0.002805
-0.015087
-0.006452
0.006132
0.014578
-0.045071
0.091936
0.031186
0.010899
0.040294
0.002930
0.027167
0.010271
0.011598
0.035075
0.000487
0.054837
0.037031
-0.001376
-0.010880
-0.026993
-0.005768
-0.000910
-0.002272
0.027673
0.032675
0.067970
0.132613
0.012617
-0.096886
-0.102415
0.047186
-0.033303
0.071705
0.012869
0.065296
0.023384
0.047651
0.002000
-0.014287
-0.084876
-0.455014
-0.018317
-0.009230
-0.052605
-0.005838
-0.105956
-0.020986
-0.016987
-0.000055
-0.044755
-0.005672
-0.033247
-0.002473
-0.012128
-0.015780
0.071041
-0.010787
0.036001
0.011918
0.115350
-0.097501
-0.165034
-0.098518
0.002375
-0.054503
-0.004466
-0.107957
0.004101
-0.016505
0.012405
0.015333
-0.007990
0.013080
0.076136
0.002110
0.039440
0.003738
-0.043295
0.029461
0.137645
0.066137
0.021739
0.027562
-0.038674
-0.024512
-0.042503
-0.051709
0.046733
-0.049350
0.015740
0.015509
0.037791
0.152488
0.106878
0.034606
0.042898
0.017413
-0.055714
-0.027486
-0.194439
-0.082050
0.244241
-0.017106
0.049909
-0.070537
-0.018231
0.023296
0.085463
-0.061832
0.047539
0.023827
0.045874
0.031202
-0.011007
-0.033364
0.023728
-0.097868
-0.008708
0.014198
-0.068429
-0.000862
0.071432
0.029176
-0.147702
-0.368205
-0.042468
0.090035
0.027328
0.126400
-0.005216
-0.045551
0.013191
-0.064233
-0.001775
-0.240285
0.034186
0.031686
-0.022316
-0.203038
0.083764
0.040723
-0.009790
-0.049775
0.040363
0.019222
-0.006633
0.001537
0.041381
0.019602
0.009046
-0.036017
0.017930
-0.021008
0.028480
-0.151631
0.008846
0.012596
-0.012388
0.022890
0.006881
0.019632
-0.052776
0.011012
0.048697
0.078289
-0.039299
0.003131
0.023922
-0.015126
0.006861
-0.010077
-0.269496
-0.016895
0.010746
0.009274
-0.248761
-0.018010
-0.003333
-0.003062
-0.364175
-0.000893
-0.013457
0.034196
0.091759
-0.003202
0.100661
-0.018763
0.060969
0.006423
-0.009070
-0.009934
-0.004733
-0.012578
0.038629
-0.017005
-0.004306
0.127082
-0.012616
0.015176
-0.004118
-0.023812
0.004861
0.023153
-0.064751
0.001445
-0.003003
-0.104042
-0.010287
-0.001663
-0.006137
-0.025677
0.050423
-0.028346
0.004872
-0.026170
-0.003838
-0.037048
0.028406
0.025975
-0.003920
-0.065993
0.034544
-0.000322
-0.042187
0.086198
0.010354
-0.077447
0.026382
0.012998
-0.171319
0.010859
0.033048
0.086291
0.000845
0.006203
-0.020071
-0.001814
-0.020609
0.007883
-0.003888
0.002991
-0.047944
0.017856
0.008591
0.009151
0.005042
0.007252
0.007758
-0.018106
-0.018101
0.002479
0.105237
0.020850
-0.041267
-0.030042
0.005990
0.011373
0.036682
-0.061330
-0.001825
0.027959
-0.018779
0.066327
0.007763
0.000031
-0.117634
0.015332
0.009516
0.009845
-0.011937
0.036197
-0.088251
-0.002386
-0.011197
-0.037614
0.030644
0.026696
0.008980
0.030935
0.042039
0.080116
0.017353
-0.136131
0.098684
0.002722
-0.333425
-0.009942
0.026227
0.063678
0.045265
0.061822
0.042041
0.057064
0.022015
-0.004037
-0.056616
0.057446
-0.011420
-0.011151
-0.297440
0.000476
0.044833
-0.007676
-0.215096
-0.006041
0.015044
-0.006292
-0.178855
-0.005370
0.022646
0.032519
-0.007975
-0.021178
0.067937
-0.011991
0.062581
-0.029908
0.061850
-0.352308
-0.008059
0.027926
0.027063
0.026435
-0.005836
0.013603
0.017369
0.048923
-0.012537
-0.005460
-0.021795
0.088356
-0.032046
-0.003508
-0.020006
-0.081635
-0.043342
-0.013546
0.020094
-0.032363
0.008164
-0.047110
-0.007485
0.131911
-0.024664
-0.032110
0.048274
-0.005680
0.046001
-0.050784
0.001269
-0.014222
-0.024080
0.048564
-0.003741
-0.052921
0.017720
-0.003176
-0.072537
-0.015753
0.023949
-0.050463
0.077609
0.008882
-0.005401
0.131941
-0.009489
-0.002597
-0.005256
-0.004903
-0.042625
0.012207
0.005579
0.050681
0.037388
-0.024518
0.036187
-0.029247
0.058083
-0.004191
-0.005962
0.028380
0.015962
-0.030727
-0.004011
0.019099
0.054781
-0.004563
-0.033879
-0.006378
-0.056973
0.021435
0.003319
-0.002709
0.040455
0.019993
0.000486
0.005279
-0.073123
0.020868
-0.047842
-0.017165
0.006949
0.015741
0.013279
0.023423
-0.001348
0.025761
-0.010112
-0.031344
0.030788
-0.064800
-0.085995
0.001348
-0.077789
-0.018092
-0.024717
0.072863
0.045689
0.058180
0.019323
-0.177937
0.053723
-0.003603
-0.132790
-0.248962
0.001449
0.005655
-0.058259
-0.007339
-0.037051
0.006272
-0.009748
0.005201
0.038280
0.002000
-0.007784
-0.002405
0.027669
0.025394
0.029519
0.018581
0.043290
0.010607
-0.068350
0.040192
0.007505
-0.052325
0.021269
-0.117895
0.021373
-0.032613
0.011199
-0.203836
0.013147
0.024623
0.005702
-0.019023
-0.011717
0.001083
-0.040946
-0.005652
0.029744
-0.112607
0.053033
0.020566
-0.014581
0.019488
-0.078869
0.009934
-0.003489
0.010643
-0.016287
0.002233
0.019967
0.047306
0.038829
-0.090126
-0.012707
0.036285
0.013932
-0.071019
-0.010358
-0.007765
0.025946
-0.006762
-0.011479
-0.000258
-0.015346
-0.317940
-0.010185
-0.006701
-0.030368
-0.036160
-0.108042
-0.012838
0.018049
0.010065
0.017002
0.002261
0.028168
-0.047972
-0.006398
0.017604
-0.029318
0.030490
0.035750
0.001891
0.040836
0.003392
-0.076427
-0.041767
0.001483
0.003997
-0.028063
-0.136261
0.001496
-0.060118
-0.010352
0.017672
-0.011680
-0.012435
-0.257509
-0.006116
0.016280
-0.004086
-0.019463
0.052504
0.041296
0.049968
0.027894
0.021799
0.131695
-0.040226
-0.005115
0.010419
0.000607
0.013093
0.069106
0.005053
0.020924
-0.117362
0.003960
0.000298
-0.044526
0.060224
-0.199491
0.002236
0.036295
0.014243
0.007701
-0.016908
-0.004964
-0.006012
-0.002560
0.003038
0.001848
0.021940
-0.016205
-0.002391
-0.024359
-0.005935
-0.008814
0.002633
-0.007560
-0.016882
-0.022879
-0.057913
-0.006831
-0.006392
0.011795
0.008552
0.010705
-0.080611
-0.634629
0.031055
0.002638
0.007069
-0.000328
-0.037934
0.006147
0.000670
-0.025926
0.010184
0.013423
0.021900
-0.049149
0.016535
-0.016671
0.013341
0.091075
0.035656
-0.022841
0.019571
-0.003238
0.023622
0.011772
0.011525
0.003225
0.001346
0.021100
-0.001274
-0.138542
0.030741
0.097976
-0.017874
-0.103902
-0.088979
-0.022444
-0.492487
0.003278
0.104781
-0.049533
0.052976
-0.002629
0.010426
-0.060285
0.020287
-0.012147
-0.001939
-0.022347
-0.004159
0.053912
-0.016004
0.111035
0.000106
-0.000028
0.003448
0.052322
-0.008332
-0.006869
-0.010444
-0.194841
0.005762
-0.187959
0.006238
0.011046
0.035577
-0.007921
-0.128052
0.009769
0.123443
0.005278
-0.043526
-0.034176
0.027044
0.000294
-0.009306
-0.004651
0.017406
0.067880
0.045350
0.030973
0.004793
0.012993
-0.078793
-0.010530
-0.000127
0.002194
0.008257
0.002474
-0.000303
0.005863
0.007453
0.011596
-0.004795
0.004976
-0.008632
-0.011500
-0.016634
-0.004476
0.003061
-0.014483
0.009839
-0.000134
0.000818
0.002121
-0.011780
-0.016269
0.013089
0.005607
0.004981
0.004116
0.005742
-0.010565
0.012505
0.006586
0.008545
-0.005662
0.003809
-0.015937
0.015522
-0.000921
0.023419
-0.018420
0.003443
0.009117
0.003476
0.008017
0.002979
-0.006724
0.023865
-0.004057
-0.011775
0.001367
-0.004067
0.005405
0.010918
0.002349
-0.017502
0.013065
-0.003375
0.002766
-0.002437
0.008730
-0.006458
-0.006796
0.002910
0.008961
-0.017178
0.056210
-0.030626
-0.000795
0.016572
0.025694
-0.002582
0.003697
-0.018058
-0.025183
0.003780
-0.039245
0.024486
-0.027100
0.070703
0.027998
0.034665
0.029917
-0.052847
-0.024449
-0.022577
0.006255
0.059835
0.050272
0.000726
-0.054984
0.169637
-0.009003
0.000871
-0.075153
0.018045
-0.030314
0.006490
-0.005713
-0.005314
0.017125
0.002695
-0.021914
0.007649
0.037082
0.050445
0.003177
0.029504
-0.004428
-0.009387
-0.037982
0.101680
0.018211
0.000946
-0.009922
-0.014710
-0.017909
-0.050312
-0.013729
0.121941
0.005251
-0.004377
-0.002537
-0.068957
-0.036834
-0.025210
-0.018424
0.006158
0.010322
-0.034812
-0.008994
0.066696
-0.003474
0.018912
-0.438160
-0.052807
0.002838
-0.018445
-0.002004
0.068188
-0.005818
0.038182
0.008010
0.003836
-0.016311
0.000963
0.017295
0.086750
-0.371180
0.032199
0.005745
-0.026773
-0.003526
0.003904
-0.061636
0.069041
-0.013170
-0.018896
0.022085
-0.027487
-0.006312
-0.017739
-0.030986
0.006864
-0.063785
0.005408
0.011070
-0.019505
-0.095061
-0.097092
-0.071882
-0.007706
-0.028940
0.009022
0.105185
-0.065604
-0.010599
0.067126
-0.008152
-0.030387
0.015163
-0.027136
-0.009900
-0.015652
0.008675
0.010206
-0.012404
-0.009617
-0.036305
0.077053
-0.038108
-0.007305
0.014136
0.020417
0.090479
0.043999
0.010681
0.026448
-0.717496
-0.041251
-0.001241
0.043577
0.005670
-0.023732
0.052643
0.022200
0.030581
-0.117670
0.044653
0.031558
-0.028637
0.021035
-0.090655
0.004760
0.039900
0.001928
-0.051178
0.014903
-0.000522
-0.037895
-0.061161
-0.000904
0.004335
0.015024
-0.029678
0.001992
-0.024509
0.012730
0.021558
0.010855
-0.019575
-0.004873
0.003854
-0.074563
0.034509
0.008682
0.033792
0.012098
-0.013753
-0.108259
0.269536
0.033155
-0.003016
0.017856
-0.046014
-0.033536
-0.018348
-0.007563
-0.007847
-0.002553
0.002065
0.009567
-0.037405
-0.003106
0.034899
0.002639
0.067137
0.020749
-0.077992
0.053844
0.008564
0.041701
-0.001222
-0.009454
-0.006295
-0.036081
0.047030
-0.005193
-0.111884
-0.116870
-0.078021
0.012030
-0.036438
-0.163364
0.011891
-0.324674
-0.132094
-0.209950
0.087280
0.053384
-0.002016
-0.004677
0.101323
0.130318
0.007304
0.000652
-0.090514
0.011728
-0.007114
-0.007318
0.017821
0.011062
0.001667
-0.000777
0.001035
-0.025074
-0.008146
-0.007745
-0.062005
0.014559
-0.071587
0.004577
-0.029558
-0.014524
-0.013105
-0.129543
0.017591
-0.103430
0.019515
0.100790
-0.017508
0.081595
0.001295
0.150197
-0.006065
0.043517
0.132173
0.114911
-0.008198
0.003392
-0.005833
0.032788
0.009961
0.000284
0.011285
-0.023436
-0.001621
0.003759
0.029984
0.058684
0.009029
-0.030355
0.006379
-0.020695
0.002939
-0.060447
0.006231
-0.014184
-0.028252
-0.052565
0.005185
0.103344
-0.028053
0.003973
-0.075327
0.026707
0.011995
0.053561
0.082099
0.005640
0.012292
0.104895
-0.013565
-0.003194
-0.009649
0.004694
-0.061604
0.020190
0.015078
0.015397
0.029664
0.003149
0.001798
-0.014753
-0.081039
0.007354
0.019124
0.048467
0.010719
0.001049
0.003877
-0.002926
0.008689
0.030135
0.010479
-0.002305
0.045760
0.008002
0.006028
-0.004259
-0.042684
-0.041034
0.009239
0.007742
-0.015704
0.009575
0.120247
0.045151
-0.005310
0.005167
0.074466
-0.042445
-0.025741
0.006131
-0.040125
0.016046
0.003421
-0.122840
-0.117992
0.112866
0.031852
-0.010074
0.023508
-0.041170
-0.080175
-0.087356
-0.024751
-0.192081
-0.044190
-0.019191
-0.004823
0.125941
0.004387
-0.010254
0.091116
-0.012511
0.078354
0.000397
0.042970
-0.011933
-0.079999
-0.025179
0.079183
-0.036178
-0.114496
-0.121943
-0.029914
0.023490
-0.001276
-0.011693
-0.271036
-0.213360
0.030034
0.004015
-0.021667
-0.056127
0.007875
0.097758
-0.015391
0.008060
-0.001269
0.015736
0.001610
0.128291
0.027903
0.024521
0.069906
-0.004211
-0.079347
-0.124846
0.033848
0.044547
0.004006
-0.011123
0.003746
0.018347
-0.015184
-0.039478
0.033014
0.049700
-0.074846
-0.029119
-0.128467
-0.098648
0.012096
0.005464
-0.009649
0.070781
0.005681
0.044978
-0.032589
-0.281632
0.108439
-0.017148
0.068596
-0.015497
-0.016041
-0.003863
0.032612
-0.012881
0.055059
-0.012584
0.051186
-0.001606
0.022812
-0.010833
0.050920
-0.026156
0.017557
-0.005292
-0.034109
-0.044959
-0.024044
-0.000355
-0.055506
-0.002216
-0.029650
-0.018797
0.011314
0.091031
0.001978
0.018266
0.009119
-0.545490
-0.002872
-0.015131
0.000247
0.074686
-0.123587
-0.004326
0.044524
-0.017081
-0.010964
-0.139607
0.018333
-0.006253
0.025810
0.030229
-0.063576
0.007893
0.011697
-0.004622
0.167090
-0.014985
0.018045
-0.027262
0.018356
0.103480
0.004752
-0.024556
0.034443
0.003056
-0.008431
0.005212
0.018926
0.010029
0.117956
0.014572
-0.012890
-0.004993
0.002601
0.047535
0.012216
0.006444
-0.034719
0.030545
-0.018950
0.030584
0.002236
0.007564
0.020024
0.004841
-0.021488
-0.033218
-0.007904
0.053511
0.021148
0.029284
-0.004674
-0.088506
-0.031345
0.037830
0.050819
0.023458
0.010799
-0.025069
0.012196
-0.005543
0.015107
-0.039773
0.045248
0.016869
-0.047178
0.026988
-0.004166
0.056743
0.015809
0.002678
0.065202
0.023001
-0.004506
-0.000316
0.015018
-0.000807
-0.009849
-0.000201
0.018061
-0.001605
-0.000283
-0.229231
-0.250809
0.059977
0.055812
0.027475
0.024740
-0.019241
0.087085
-0.055181
-0.003881
-0.243539
-0.069594
0.011726
-0.139347
0.178933
0.054380
-0.002007
0.082703
-0.004448
-0.001605
-0.003407
0.036412
-0.018274
0.005880
0.001463
0.039128
-0.000598
-0.000509
0.013835
-0.011784
0.006443
-0.013104
-0.008781
-0.418856
0.039287
-0.004653
0.060034
-0.006707
-0.112455
0.005533
0.004685
-0.021438
-0.018109
0.036486
-0.008293
0.006075
0.047590
0.151899
0.063183
0.016817
-0.010825
0.003559
-0.340299
-0.120946
0.014382
0.000537
0.012737
-0.010656
0.000786
-0.006115
0.001320
0.036402
0.057310
-0.012977
0.046754
-0.065030
-0.041020
-0.069845
-0.037167
-0.000690
0.035332
0.032028
0.010918
0.054638
-0.194022
0.024631
-0.011247
-0.162839
-0.492135
-0.024302
0.010671
0.001090
0.017384
-0.028915
-0.003892
0.047802
0.009014
0.005474
0.011505
0.039956
0.013832
-0.003309
0.026393
0.036469
0.032631
-0.045263
0.019259
0.012622
0.010095
0.035154
-0.022457
0.016816
-0.087995
0.000961
-0.024534
0.001735
-0.260939
0.025693
0.065469
0.001781
-0.001402
0.199011
0.019399
0.010282
-0.000628
-0.000967
-0.069604
-0.071086
0.036707
-0.000336
0.024556
-0.035998
0.023379
0.008334
-0.040909
0.061023
0.036633
0.022035
0.078043
0.044037
-0.011968
-0.052978
-0.022871
-0.006654
0.048877
-0.001933
0.046909
0.037742
-0.102587
-0.024424
0.009702
-0.128928
0.117461
0.015384
-0.011950
-0.041413
0.019508
-0.209681
0.001548
-0.000726
-0.000313
-0.008741
0.003998
0.022679
-0.010182
-0.008274
0.000480
0.071221
0.027096
0.031318
0.005660
0.020039
0.084255
-0.030270
-0.014438
-0.013072
-0.058744
-0.019200
-0.232743
-0.002180
-0.130684
0.019084
0.023158
0.003062
0.026024
-0.652101
0.023917
0.008598
0.026458
-0.011834
0.017509
0.056715
0.038052
-0.028491
0.015584
-0.003172
-0.007238
-0.012213
0.033209
-0.008636
-0.042992
0.052123
0.036963
-0.010112
-0.026506
0.036663
0.064174
-0.015295
-0.005166
-0.034687
-0.035939
-0.041940
-0.083657
-0.060119
-0.014760
-0.226829
-0.142818
-0.005163
-0.019499
0.003159
0.000329
-0.055871
-0.017803
-0.011477
-0.011964
-0.054327
-0.005239
-0.013303
-0.031497
-0.077682
-0.021759
0.027082
0.017608
-0.021482
-0.013548
-0.040693
-0.128758
-0.028385
0.061401
-0.012400
-0.163170
0.008330
-0.107905
0.011417
0.111149
0.006993
-0.027833
-0.013556
0.007161
-0.055516
-0.011997
0.001544
-0.019982
-0.024069
-0.047290
-0.031434
0.014492
-0.005276
-0.009810
0.037174
0.006542
-0.006037
-0.017232
-0.019687
-0.021175
0.003823
-0.050743
-0.062962
-0.024643
-0.038145
0.010412
-0.014812
-0.003722
-0.026888
0.010574
-0.021047
-0.123429
0.023985
-0.004483
0.169138
0.030512
-0.017995
0.006617
0.007239
-0.077450
0.043579
-0.001702
-0.004396
0.020220
0.012080
-0.005156
-0.000980
-0.016513
-0.002750
-0.004770
-0.005570
-0.002620
0.019436
0.010504
0.059265
0.026848
0.017850
-0.024079
0.019418
0.078106
0.021876
0.057633
-0.003919
-0.065286
-0.009206
-0.001586
-0.002968
-0.015871
0.017381
0.023445
-0.041606
-0.000594
0.002199
-0.002040
-0.046110
-0.017649
0.019566
-0.004853
-0.057098
0.030378
0.011049
0.087332
0.011744
-0.030863
-0.027765
-0.007903
-0.002089
0.011929
-0.044853
-0.036772
-0.021032
-0.105530
-0.010004
-0.065761
-0.023625
0.032461
0.004814
0.000937
-0.011994
-0.065528
-0.033571
0.012573
0.015517
0.060765
0.061875
-0.001651
-0.031492
0.009515
-0.041174
0.012219
0.005328
0.046310
-0.019127
0.033564
0.016697
-0.000856
-0.009182
0.006405
-0.022014
0.071234
0.012728
-0.000885
0.010045
0.012500
-0.035416
0.087571
-0.013816
0.033011
-0.017084
0.037557
0.003931
0.017120
0.149988
0.011559
-0.010683
-0.002933
-0.010401
-0.013113
-0.086995
0.016586
-0.015609
0.018848
0.051861
-0.030821
-0.012955
-0.015941
-0.036657
-0.011662
0.061010
0.025351
0.026151
-0.033542
0.107752
-0.070332
-0.017092
0.009001
0.060555
-0.038429
0.008598
-0.059581
0.021167
-0.005927
0.047446
-0.026508
-0.042729
-0.001009
0.140847
-0.033103
-0.087095
0.002329
0.054837
0.003172
0.024989
-0.003614
0.057315
-0.025110
-0.026142
-0.090848
0.060804
0.025467
-0.059806
-0.011464
0.047679
-0.028984
0.040609
0.135910
0.004771
-0.017951
-0.008626
0.063792
-0.032642
-0.053717
-0.017499
0.032751
-0.001916
-0.016060
-0.076348
-0.024946
-0.024428
-0.013022
-0.010176
0.015910
-0.075387
0.041200
0.016937
0.023829
0.006598
0.033339
-0.000277
-0.012789
0.049112
0.030658
-0.261556
0.001749
0.012677
0.026637
-0.048811
-0.081016
-0.018232
0.081252
-0.029605
-0.633379
0.044666
0.037081
-0.076212
-0.004554
-0.031612
0.012474
0.010928
0.012557
-0.042618
-0.012695
0.018391
0.019288
0.047777
0.000122
0.016863
0.007880
0.068273
-0.019140
-0.000544
-0.010879
-0.157457
0.021177
-0.145936
0.007987
0.027238
0.044314
0.000363
-0.093113
0.018080
0.037907
-0.000518
-0.078442
-0.037140
0.064897
0.031043
0.030664
0.025412
-0.015860
0.035438
0.080457
0.030011
0.026342
0.000878
-0.014505
-0.105019
0.012886
0.004066
-0.005041
-0.013406
0.001184
0.016902
-0.043304
0.022400
0.056039
-0.011012
0.035029
-0.126774
0.053451
0.009530
-0.048187
0.030607
0.048539
-0.054145
0.080380
-0.052502
-0.028668
-0.040585
0.014281
-0.006623
0.111526
0.024053
0.000290
-0.038114
0.003586
-0.191513
0.006048
0.021310
0.005755
-0.012376
0.006863
0.002598
-0.006191
-0.005725
-0.009251
-0.004046
0.016903
-0.289075
0.004740
0.068588
0.033093
-0.016871
-0.027724
0.005270
-0.106275
-0.022137
0.060488
-0.003054
-0.001098
0.013687
0.032400
0.008137
-0.179419
0.089955
0.005252
-0.092937
0.006465
-0.016994
-0.057898
-0.024118
0.049914
0.006410
-0.017094
-0.026517
-0.043351
-0.022394
-0.023971
-0.004139
-0.059296
0.027615
0.045490
0.049228
0.116802
-0.085069
-0.142134
0.039377
0.108963
0.067156
0.144057
0.039465
0.022853
0.133979
-0.013450
0.008597
-0.005020
-0.023037
-0.015607
-0.072522
-0.122394
-0.035467
0.011266
-0.141195
0.002092
-0.052884
-0.029711
-0.140982
-0.089078
-0.060123
-0.010307
0.002822
-0.018551
0.100795
0.008764
0.162728
-0.381859
-0.038372
-0.017121
0.005012
-0.026322
-0.012807
-0.125741
0.011861
0.054352
-0.004526
0.030621
0.008170
-0.101951
-0.045481
-0.058127
-0.112059
0.026578
-0.021112
0.051693
-0.028836
-0.015441
-0.000399
0.002270
0.012854
-0.011047
0.006702
0.022012
0.026630
-0.020477
-0.065443
0.012053
0.006499
0.036958
-0.132929
-0.019252
0.010677
-0.187647
-0.019024
0.261473
-0.119825
0.037812
0.025484
0.013340
-0.003614
0.056166
-0.012707
-0.001700
-0.017034
0.019349
-0.076522
-0.011565
-0.069502
-0.005808
-0.013407
0.011954
-0.074338
-0.007033
-0.007567
0.015676
-0.231487
0.005341
-0.245631
0.003713
0.015551
0.116373
0.011660
-0.106613
0.003639
-0.010846
-0.000058
0.047949
0.011134
0.048923
-0.014595
-0.144106
-0.000054
-0.173586
0.037659
-0.113931
-0.057922
-0.017002
0.011406
0.021501
-0.164051
0.021142
-0.001571
-0.017558
0.049640
0.018969
-0.005252
0.003000
0.002450
0.033167
0.060132
-0.042651
-0.086266
-0.053653
0.008379
-0.132647
-0.007272
0.067073
-0.008558
0.079575
0.027297
-0.190188
0.016453
-0.007612
-0.170034
0.027746
0.040645
-0.003437
0.037740
-0.000854
-0.376130
0.011879
-0.011998
0.002165
0.034555
-0.001118
-0.019583
-0.007130
0.005194
0.025702
0.042246
0.020176
0.006276
0.006956
-0.105160
0.076046
0.049190
0.026336
0.013991
-0.216196
-0.043814
-0.002561
-0.014046
-0.315096
0.013240
0.005661
0.013024
-0.038555
-0.099529
0.016856
-0.060919
0.004683
-0.014647
-0.107023
-0.007460
-0.021212
0.009971
0.040322
0.047904
0.036065
0.011302
0.032488
0.047960
0.392186
-0.093829
0.234286
0.043134
0.042892
0.030028
0.019647
0.060511
0.167047
0.033366
0.173782
-0.103314
-0.171221
0.051552
0.015643
-0.176402
0.092879
0.030332
0.054104
-0.011294
0.096313
0.028417
0.009011
0.226320
0.018330
0.041036
0.021996
0.218201
0.030808
0.048789
0.109958
-0.120418
0.022125
-0.031952
0.035039
0.056780
0.149721
0.079843
0.022790
0.046894
0.019096
0.014644
-0.060651
0.013019
-0.103316
0.047239
-0.078413
0.046773
0.002865
0.083362
-0.018101
0.177815
0.034551
0.049400
-0.086490
