1.4795
-1.12183
-1.06473
-1.87529
1.33358
2.05499
-1.1351
-0.956811
-2.65398
1.79115
1.733
1.81685
1.99067
5.2453
1.48689
3.38163
2.90445
0.707079
2.55848
0.665317
1.66082
1.62878
5.40651
-1.56264
2.51132
0.717017
-1.81681
-0.934836
1.75065
-1.36201
3.17146
-1.1748
1.7847
-0.39771
2.32954
-1.40687
1.58975
-2.04073
2.49752
2.8929
3.10653
-1.03376
1.60704
-0.411551
1.62964
6.35364
1.35401
2.14493
-1.0424
1.53244
-0.103476
3.64501
0.100882
1.23026
-1.36519
1.71156
-1.31136
1.66118
0.76038
2.1648
2.16325
-1.02662
0.938938
2.01077
