0.700802
0.943735
1.56434
0.807313
1.0738
0.855366
1.16392
0.560648
0.822866
0.291389
1.58305
0.287359
1.38106
1.9845
1.19609
1.03358
1.05417
1.61546
1.62526
0.333994
0.501423
1.67586
1.24104
2.77701
1.26015
1.12576
1.42937
0.559518
1.85339
0.688863
2.23126
0.45789
1.3084
0.533069
0.426841
2.63475
0.165571
1.67561
1.43591
1.0215
1.25494
1.43281
1.2084
1.34587
0.87263
1.9621
1.16029
0.100354
2.35608
1.71163
0.369338
1.11422
1.11766
1.07353
1.76634
2.20263
2.15956
1.05847
1.04858
1.41852
1.87526
1.18624
1.70992
0.113676
1.557
2.62858
1.97379
1.57569
0.691287
1.35939
1.23506
0.63673
0.496758
2.40212
1.13689
0.659732
0.966027
0.901377
0.692641
1.15075
1.46444
0.455641
1.46297
1.9764
1.47229
0.798603
0.739556
1.55612
1.77434
0.573887
0.605402
1.79424
2.0237
1.11648
0.46086
0.60833
1.07594
0.859655
1.45226
0.0908036
1.89883
0.181117
0.833252
2.57143
0.839292
0.712837
0.915959
2.40614
1.1439
1.38085
0.701031
1.84577
0.886639
1.11807
1.67158
1.00739
1.47084
0.799383
0.9024
1.00357
1.78826
1.72523
0.631618
1.93077
1.472
1.37077
2.52855
1.18259
1.2392
2.81995
0.585025
1.94271
1.97775
0.351063
0.618531
0.267041
2.52165
1.52271
1.12919
0.957596
1.00343
0.832435
0.983128
1.23803
1.17581
1.52555
1.12621
0.28376
0.940989
0.685952
1.25005
0.748239
1.539
0.625189
1.26575
1.34655
0.63628
0.436771
1.25934
1.44893
1.24314
2.50765
1.64902
0.805998
2.39059
2.29089
1.1533
1.82564
1.3536
2.23155
1.33234
2.25249
0.931236
0.268717
0.0860778
1.15863
1.88981
1.15565
1.10131
2.217
1.06626
1.10519
1.40599
0.380754
1.08289
1.64735
2.02521
1.41622
0.576873
1.70117
0.506965
2.25662
1.10573
1.30938
0.579705
1.11759
0.976799
1.59629
0.867505
1.3678
1.09889
1.75496
0.597046
0.676528
0.011003
1.51928
1.79231
1.18298
0.946259
1.20948
0.420163
0.913565
1.60042
0.953582
2.37677
1.01226
0.156513
1.22048
0.788398
1.28896
1.67793
1.71291
1.80089
0.316439
1.60484
0.200512
1.58384
1.06142
1.15272
0.847389
0.66907
2.11491
0.447673
0.459804
1.60759
2.24308
1.8472
1.54922
2.38204
1.33232
1.33349
0.839345
1.3212
0.674533
1.13729
2.17949
2.01688
0.766836
1.00051
1.17093
0.432935
0.437462
0.279696
1.89622
1.14906
0.176536
