-1.14439
1.4255
0.797335
2.20087
-1.53904
-1.73344
0.934024
-0.327216
0.167714
-0.246461
-0.661874
3.83893
1.46964
1.74984
0.83044
2.84482
0.861606
-0.204868
0.870687
-0.921275
5.91257
-0.933491
1.40251
-1.02369
1.86849
-1.57585
0.632014
-0.196367
0.68409
0.561184
0.654926
2.18622
-0.704942
-0.101414
-2.28551
-0.914685
-0.244429
0.581353
-0.959173
-0.646615
0.277126
-0.289966
1.08862
-0.473694
1.49752
-0.232279
0.390238
-0.0279855
0.484157
1.24286
1.43194
2.37479
1.28498
-0.746243
3.53218
0.505804
-0.285429
0.71388
-1.99759
0.598049
-1.58652
0.600605
0.194404
1.43722
