0.893608
1.82993
1.52512
1.04691
1.56216
0.860911
0.698786
0.822687
1.37761
0.824175
0.509218
1.5399
1.07349
1.32392
1.09454
1.5644
1.71566
0.585256
0.880967
1.29597
0.892985
1.09426
1.05527
0.627279
0.877629
1.26583
1.11936
1.10857
0.813922
1.86641
1.39575
1.54433
0.907759
1.36374
0.925184
1.02182
1.29141
1.14667
1.85994
1.55493
1.07741
1.41523
0.745101
0.889403
0.916505
1.12254
0.838424
1.12647
0.751204
1.33724
1.41879
1.26676
1.69329
1.94669
0.961273
0.748455
0.727533
0.83472
1.77373
1.22161
1.38423
1.82417
2.06609
0.883299
