0.0547257
-0.766023
-0.496275
-1.6546
3.60754
-1.10356
0.739
1.59153
0.00603206
-0.815923
0.352889
-2.41087
-1.85829
-0.133319
1.44009
-0.514177
-0.769593
0.823664
0.717738
-0.193275
-0.221994
0.397213
-0.0483696
0.558864
0.736814
0.288869
-0.586343
0.476874
0.611565
-0.567213
3.04082
-2.13175
0.429631
2.996
0.640897
-0.741393
0.452238
-1.08071
-1.13897
-0.752271
0.263961
-0.191595
-1.46847
-1.01478
0.694179
0.594441
0.432764
-1.16853
1.34036
0.211749
-1.45676
0.238543
-0.451836
-0.542352
0.198787
-0.846983
-0.297308
-0.54566
-0.527016
-0.325828
2.82273
-0.779374
-0.823297
1.24355
