2.13008
0.342959
0.217559
1.03474
1.44766
0.676963
0.717808
0.435761
1.60871
1.03463
0.854186
1.16852
0.376981
0.604469
-0.000654729
1.39204
0.457462
0.203193
0.379924
1.17157
1.7274
0.23094
0.378116
0.00401772
0.0172015
0.000230116
-0.00232407
0.998507
0.0794146
0.978945
-0.0168537
0.834578
0.592592
-0.00331029
-0.0120452
0.5304
0.198956
0.295982
0.31411
0.037868
0.000398065
0.795646
0.667488
0.284153
1.48739
0.00683545
0.89424
0.751683
0.0304573
0.441145
1.1492
1.01064
1.06487
1.0763
0.401634
0.119094
0.0189317
1.11509
1.36654
0.353746
0.490483
1.1829
0.81656
1.20645
0.00330759
0.266057
0.0135979
0.253033
2.08476
0.0560321
0.854483
1.66683
1.11196
0.472252
0.375989
0.41353
1.32151
-0.00331498
0.282541
-0.00130187
0.577067
1.47348
1.01843
0.334258
1.00324
0.750936
0.196791
0.174146
0.536636
0.717939
0.0043959
0.120613
0.00228173
0.978398
1.46648
0.8539
1.36773
1.76749
1.22845
0.892904
0.315928
0.832874
1.21051
0.785043
1.55832
0.567888
1.21557
0.101623
0.434005
0.00323701
0.495483
0.347866
1.17502
1.33692
1.22417
1.21181
0.00389106
1.61405
1.15205
0.0358008
0.385319
0.786381
1.80777
0.008807
0.0717615
0.847161
0.00980064
0.192668
1.07204
0.197517
0.97574
0.0622698
0.38388
0.0238429
1.38897
0.0700399
0.340712
0.755392
0.449531
1.29602
1.15378
1.18261
1.16583
1.03189
0.830437
0.00176481
1.26749
0.150504
0.696378
0.357375
0.999493
0.978
0.413841
1.36993
0.935958
0.169224
1.59371
1.28762
-0.00580558
0.344986
0.829529
0.0137026
0.485602
0.94225
0.216638
0.288452
1.10351
0.484327
1.04218
0.0906884
0.762304
0.425287
0.94714
0.00155448
0.688523
1.03939
0.216854
0.825023
1.21327
0.0353618
0.462285
1.00876
0.108691
0.855987
-0.00257127
0.147783
0.0130864
0.0147769
1.1469
0.107708
1.25064
0.382938
1.55926
0.663069
1.95728
0.695728
1.15878
0.942138
0.652448
1.14493
0.767999
0.0189383
1.11825
0.890944
0.0168277
0.789334
0.277647
0.48112
1.28642
0.921473
1.21823
1.31241
0.086866
1.44914
0.128007
0.959984
1.50312
0.467219
1.65579
0.904171
0.451653
0.478193
0.760547
0.016765
0.497693
0.837758
0.00417028
1.25389
1.07242
0.845783
1.22565
0.0195774
1.291
1.09547
0.949018
0.0693179
0.26232
0.741546
0.437501
1.0072
1.14601
1.06922
1.32469
0.8493
0.615871
0.0236728
0.789091
0.7357
1.37335
1.01208
1.2441
0.735002
1.20332
0.240372
-0.00643709
1.08971
