-0.331473
1.80891
-2.22059
-0.241443
-0.0759849
-0.172425
0.00665428
-0.279853
-0.152291
-0.0125767
-0.332044
-0.160617
-0.214803
-0.211855
1.84159
0.0968466
-0.130527
-0.000206161
-0.350963
-0.0705975
-0.387972
-0.221959
-0.225767
-0.35725
-0.0328333
-0.319748
-0.384755
0.0191785
-0.304947
-0.221575
-0.22018
0.0920376
-0.012729
-0.265245
-0.197803
-0.22679
-0.142307
-0.252923
-0.312644
-0.0833139
-0.0531729
-0.23403
-0.312431
-0.0615282
0.00795536
1.87835
1.42577
-0.318999
-0.197331
1.21623
0.00849728
-0.156738
-0.12747
-0.467456
-0.154241
-0.012918
-0.00553936
-0.129613
-0.231351
0.00444662
1.49732
-0.0410357
-0.229867
-0.0811934
