0.26081
0.572016
0.985029
0.388534
-0.00368978
0.234963
0.572035
0.126964
0.236802
0.514403
0.588867
0.693645
0.507775
0.712318
1.0023
0.0639045
0.191181
0.7381
1.09553
0.495907
-0.00263957
0.285793
0.873641
0.0154686
0.24872
0.176323
0.479633
0.00109116
0.443002
0.0128788
1.14574
0.0797966
0.958235
1.02823
-0.00276511
0.270489
0.000136413
0.66961
0.00666646
0.25743
0.513539
0.451437
0.37668
0.602895
0.808983
0.107072
0.137884
0.735193
0.944106
0.494882
0.123347
0.156812
0.139741
0.996154
0.682983
0.786929
0.701202
1.70547
0.436918
0.622535
0.216922
0.352774
1.76104
0.425853
0.103527
0.545772
0.705741
0.00188902
1.37566
0.0985007
0.139629
0.498763
0.425604
1.09715
1.67073
0.203513
0.251152
0.831136
0.192467
0.250376
0.698411
0.135832
2.33988
0.0211072
0.472451
0.243375
0.062257
0.114359
0.379877
1.49394
0.468313
0.389369
0.0565334
0.353086
0.694736
0.248999
0.316581
0.230796
0.531104
0.45322
0.295245
0.329043
2.28005
1.43145
0.112078
0.347559
0.457193
2.30401
0.383763
0.00406182
0.230879
0.110724
-0.00249586
0.00544938
0.0798426
0.0608396
0.550544
0.436496
0.688108
0.403659
0.55049
0.113941
0.399191
0.0823118
0.101389
0.0718247
0.814678
2.30112
0.353264
-0.00207027
0.272964
0.00378087
0.907689
0.568335
0.449564
0.974772
0.630601
0.269541
-0.000167392
0.826491
0.039176
0.384468
0.459227
0.529221
0.791324
1.23465
0.560407
0.132716
1.60421
0.70741
0.179491
0.953108
1.17978
0.346117
0.857918
0.00201365
0.255793
1.24893
0.234238
0.182037
0.73578
0.68136
0.509386
0.282961
0.38729
0.232734
0.197255
0.426963
2.11116
2.77941
2.73376
2.05609
0.324
0.671306
0.19208
0.363355
0.500791
0.257778
0.0726316
0.544917
0.0471565
0.934645
1.99004
0.503363
0.88484
1.46169
0.57779
0.279783
0.00379213
0.580078
-0.000133293
0.45388
0.43626
0.192911
0.459325
-0.000752524
0.639496
0.228737
0.0448247
0.279665
0.00367858
0.356668
0.0896029
0.511536
0.359504
0.522919
0.642531
0.0453344
-0.00077949
0.176912
0.509947
2.44158
0.705782
0.0471198
0.311003
0.277001
1.33879
0.528272
0.590795
1.36645
0.0728376
0.487683
0.189462
0.372815
0.243883
0.770761
-0.0054542
2.40569
0.235098
2.19229
0.613036
0.376907
0.226528
1.57322
0.778275
0.680983
0.350484
0.109265
0.752781
0.152877
0.705934
0.0437591
0.342642
0.439905
0.722329
-0.000776106
0.0566195
2.77896
1.73472
0.282828
0.982023
0.35065
0.122334
0.983967
1.27945
0.500832
0.0449807
0.551532
0.11018
0.858524
0.000756313
0.074762
1.0091
0.286185
0.637648
0.30892
0.461235
0.58595
0.101526
0.270186
1.00781
0.412671
0.592878
0.0300838
0.283197
0.715305
0.0291277
0.209742
0.37598
1.65657
0.501243
0.0151484
2.4783
1.11071
0.446799
1.32193
0.231357
0.33812
0.166595
0.856161
2.91329
1.93666
0.622911
0.106885
1.48072
0.603707
0.160488
0.52255
0.311597
0.187109
0.00332445
0.000688077
0.640495
0.188121
0.287622
0.250865
0.205937
0.00431383
0.217153
0.632872
0.929934
0.256795
1.90526
0.42265
0.125468
0.557466
1.55398
1.39559
0.19388
0.257246
0.364616
0.544622
0.318685
1.06924
0.726029
0.427762
2.50769
0.55929
2.81621
0.239479
0.00292736
1.47511
0.556361
0.35227
0.298685
0.918204
0.195468
0.0708536
0.693361
0.356074
0.448335
0.0925331
0.718336
0.501767
1.76129
-0.00394994
1.12096
0.685678
0.420515
0.668626
0.138784
0.605783
0.470671
0.509112
0.328541
0.231895
0.786168
1.86957
0.00638077
0.474949
-0.00550374
0.0893887
0.437596
0.0568458
0.128281
0.366836
0.0816933
0.751323
-0.00283504
0.675183
0.622673
0.180446
0.188703
0.490764
0.614746
0.542318
1.55839
0.476815
0.96115
0.681885
0.85612
0.0738418
0.484165
0.294601
0.0860007
0.181257
0.392277
1.3611
0.810349
0.2601
0.48837
0.209629
0.393055
0.48011
0.314747
0.0178544
0.588952
0.324841
0.495711
0.41385
0.327391
0.125429
0.179153
0.307672
0.000719176
0.107151
0.000429888
0.866882
0.138249
0.582372
0.430483
0.947986
2.78932
-0.000977823
0.468526
0.379257
0.322625
2.3903
0.462816
1.62547
0.349075
0.329864
0.221397
0.640078
0.153276
0.248351
0.465446
0.75867
0.496598
0.420076
0.363354
0.85034
0.360267
1.77867
2.59796
0.246166
0.823275
0.0883072
0.417723
0.0530394
1.00935
0.129002
0.633614
0.424836
0.740485
0.615999
0.841763
2.45191
0.0363108
0.940116
0.460029
0.373712
0.830885
0.237395
0.747181
0.200089
0.00228191
0.449717
1.01209
3.04261
0.322479
1.56454
0.00354616
0.414416
0.0516682
0.36884
0.815487
0.473308
0.310345
2.78643
1.73218
0.0125301
0.0210123
0.495855
0.474876
0.468569
1.35883
0.351337
0.00186791
0.611069
0.616766
0.536182
0.00011882
0.774935
0.764878
0.381854
0.0152179
0.273966
1.02954
0.489854
1.70259
-0.00260918
2.70575
-0.00403089
0.00694889
0.0136775
0.385354
0.536966
1.88777
0.467369
0.469675
0.843998
0.0696979
0.515262
0.892195
0.0661878
0.629295
0.547654
0.294936
0.686999
1.72042
0.000315117
