0.804325
0.631895
0.825543
0.646429
0.739756
0.852498
0.652484
0.703738
0.876015
0.708461
0.859668
0.759807
0.840707
0.952593
0.809525
1.22133
1.03965
0.634106
0.968194
0.802477
0.7935
0.913935
0.847764
0.759934
0.666376
0.846699
0.751178
0.918568
0.682703
0.851982
0.789453
0.540189
0.616178
0.779754
0.915457
0.936368
0.654625
0.836886
0.633824
0.733402
0.616353
0.767779
0.814576
0.987533
0.5087
0.850397
1.1275
0.925542
0.982544
0.843112
0.677571
0.918909
0.71628
0.91419
0.610622
1.20237
0.933738
0.944225
0.635101
1.0533
1.69559
0.749264
0.77978
0.77549
0.655292
0.958701
0.803172
0.957564
0.916265
0.693472
0.606613
0.63324
0.920374
0.882213
0.612948
0.941778
0.811198
0.834354
1.12846
0.69732
0.538155
0.60785
0.698747
0.770132
0.769791
0.917117
0.69615
0.904294
1.15835
0.705722
0.572815
0.886124
0.895957
0.697267
0.874866
1.08744
1.20626
0.590241
0.604865
0.492352
0.663513
0.498256
0.740989
1.31271
0.600405
0.631056
0.719845
0.710672
0.664616
0.406
0.617705
1.00352
0.860543
1.24436
1.00046
0.924875
0.848211
0.79481
0.883606
0.583175
0.825015
0.646217
0.619551
0.683568
0.915193
0.856704
0.604864
0.557901
