1.29932
1.34002
0.993352
1.01878
1.27084
0.818044
1.15147
1.14738
1.10101
1.04023
1.34969
0.711023
1.3299
1.06294
1.11155
1.38729
1.32134
1.05004
1.02036
1.57536
0.811271
1.24271
1.54119
1.29095
0.972587
0.72274
1.08033
0.929002
1.18107
0.751412
0.68169
1.02619
0.722365
1.14022
0.712111
1.30905
1.11764
0.732285
1.37356
1.54512
1.04136
0.846104
0.812735
0.878307
0.714193
0.693582
1.07135
1.28671
1.33993
0.729604
1.38284
1.07411
1.53012
0.723278
1.32442
0.806184
0.963924
1.02405
1.14609
1.16213
1.33443
1.12712
1.29649
1.32608
1.56644
1.30717
1.56847
1.2683
1.22014
1.26864
0.868027
0.738639
1.21232
0.757505
1.67799
1.46135
1.18751
0.992456
1.20251
1.25346
1.60235
0.90094
1.27325
1.09631
1.18383
0.776483
0.688906
1.23963
1.26009
1.44703
1.16188
1.22055
1.3849
0.897007
0.716887
1.26729
0.771367
0.837284
1.37284
1.42568
1.09458
1.19716
0.824813
0.880845
0.746661
1.14412
1.37319
1.44359
1.29898
1.03262
1.415
0.69726
1.26474
1.30703
1.24335
1.30542
0.964132
1.33952
1.69447
0.968678
1.04249
1.53502
0.860364
1.18062
1.38689
0.709057
1.13165
0.871033
