0.80431
0.917061
1.17386
0.740325
1.1643
1.40065
0.711099
1.26464
1.103
1.04479
1.48978
0.935726
0.612557
0.842656
0.725174
1.48453
0.761106
0.905299
0.764011
1.13269
1.02288
1.32794
0.866106
0.868359
1.10283
0.986462
1.18816
1.1206
1.09505
1.26234
0.816754
1.25103
1.1311
0.820692
1.43652
0.851127
1.04407
1.01865
1.29955
1.30211
1.06549
1.15019
0.837659
1.48776
1.60636
0.585478
0.751731
0.934864
1.57709
0.715571
1.10577
0.766788
1.02571
1.07567
1.04435
1.25237
0.676848
0.69707
1.74917
1.20556
1.26873
0.966595
1.56273
0.813566
0.819173
0.935321
0.654046
0.856637
1.12989
0.867222
0.711228
0.752275
1.17427
0.86341
0.916221
1.35699
0.952929
1.38022
1.35881
1.45543
1.32103
1.37528
0.696637
1.30426
1.05642
0.958196
0.708999
0.93181
0.811563
0.905556
1.36974
0.968821
1.35804
1.25479
1.05641
0.786353
0.9893
0.816887
0.787407
1.0156
1.47824
1.28984
0.753691
1.33628
0.842887
0.659682
0.709502
1.38058
1.30483
1.25688
1.00934
1.41415
0.856044
1.44281
1.48743
0.847196
1.19349
0.805701
1.0003
0.77813
0.843277
1.6149
0.81529
1.25985
0.75596
1.05227
0.672555
0.672951
0.660207
0.745874
1.15076
1.0005
1.15614
1.17746
0.808217
0.880041
1.1318
0.989522
1.13574
0.970408
0.946706
1.49891
0.604534
1.36424
0.613663
0.908607
1.21125
0.657386
0.679529
1.08564
1.35235
1.06637
1.42508
1.07973
0.886258
0.960383
0.764731
1.33707
1.19226
1.12572
0.891757
0.695098
1.62835
1.25363
0.722582
1.13374
0.917785
0.919677
0.835012
1.47783
0.927919
1.03852
1.24834
0.943934
0.827466
1.40342
1.52113
0.628192
1.01044
1.09336
1.11641
0.738132
1.36894
1.07948
0.809022
1.39571
0.780152
1.3667
1.32275
0.980557
0.874691
0.70045
1.2013
0.653274
0.963988
1.47639
1.41943
0.887676
0.962874
1.48689
1.06562
1.34137
0.992658
0.751816
1.383
1.34573
1.47813
0.951924
1.3428
1.03439
1.24466
1.11869
0.871839
0.92752
1.16403
1.30856
1.55418
0.64574
1.5201
0.900093
1.11489
0.727091
1.22759
1.30567
1.40904
1.19538
0.799294
1.4446
1.26009
0.833095
0.709077
0.79191
1.51314
0.799405
0.829686
1.17054
1.01128
1.28055
0.909954
1.53163
0.884
0.958961
1.26725
1.21068
1.21194
1.3492
0.630568
1.30693
0.899323
1.14332
1.21115
1.23799
1.44021
0.845786
1.21254
1.43013
