0.611424
0.805614
0.919685
1.47329
2.11679
0.55845
0.0836634
1.01043
0.628737
1.37259
1.05304
0.956987
0.861048
0.91026
0.843033
1.3277
1.03103
0.286871
0.839371
0.843238
0.747247
1.08835
1.11981
1.18725
0.468221
0.687004
0.592032
1.17226
0.631186
1.5268
2.12213
0.935856
0.746903
0.844248
0.56666
1.87
1.36762
1.2344
1.327
0.947052
1.23116
0.580769
0.774235
0.479157
0.395448
0.658262
1.24085
1.60397
0.670619
0.247586
1.531
0.41743
0.732039
0.871642
1.04706
1.0492
0.877724
0.900023
0.581391
0.600841
0.537016
1.28738
1.07198
1.24073
2.00898
0.605541
0.583781
1.26145
0.823848
0.842768
0.747016
1.18207
1.54943
0.903962
1.19341
1.88821
0.735856
0.98816
0.717938
0.505072
0.994054
1.68413
1.51183
0.564815
1.47008
1.35152
0.818102
1.05678
0.475624
1.36457
1.18496
0.691374
1.41353
0.312262
0.935553
1.00947
1.64803
0.864749
1.22876
0.792362
1.07656
0.738419
0.604149
0.154482
0.830368
1.21104
0.989957
1.49005
0.755203
0.126702
0.58968
1.49931
0.926477
0.765187
1.18138
0.863851
1.22749
1.55596
1.04358
1.1441
1.07622
1.07974
1.00011
0.375635
1.19135
1.08141
0.793104
1.27924
0.687256
1.25653
1.42198
0.446989
0.652517
1.43003
1.19234
1.00272
0.546456
0.553354
1.35104
1.20933
1.0209
1.56956
1.21516
0.952221
0.96151
1.06732
1.06379
1.03128
1.29742
0.657113
1.01844
1.05267
1.08174
1.27064
0.888871
0.907016
0.771951
1.32491
0.982477
0.617431
0.718093
0.669247
2.10146
0.408242
0.76877
0.301618
0.392654
0.923599
0.9622
1.22204
1.14716
1.82302
1.06666
0.846029
1.09947
0.653015
0.725191
0.719022
1.11846
0.630598
0.698344
0.637163
0.621232
0.722778
1.21595
0.914056
0.818871
1.08983
1.36262
1.07573
0.777082
0.606575
0.78824
1.81604
0.911057
0.868682
0.651048
0.674112
0.653927
0.81289
1.4271
0.338668
1.17638
0.89748
0.435125
0.915096
1.88865
0.714243
1.0211
1.00383
0.989041
0.985903
1.00474
1.03731
0.974788
0.672205
2.14882
1.49268
1.61165
0.981555
0.862677
1.10934
1.7801
0.827616
1.26298
0.578248
0.368629
0.685994
0.70936
1.09753
1.22459
0.406819
0.378627
0.659868
1.22297
2.1856
1.58158
1.14549
0.993422
0.442637
0.90531
2.36684
0.722072
0.786507
0.527102
0.581256
0.605887
1.33203
1.71908
0.207168
1.34394
0.943256
0.859972
1.04238
0.866867
0.484827
1.51928
0.738888
0.378055
0.48714
1.47702
0.550501
0.528968
0.200003
1.2508
1.15922
0.302918
1.11872
1.50157
0.695748
1.32893
0.970171
1.19498
0.0889999
0.916933
1.3068
1.29241
1.28404
0.351914
0.566826
0.536571
0.61482
0.53752
0.669651
0.832237
0.821631
1.10992
0.623934
1.30054
1.38519
1.52341
1.18642
0.770438
0.688707
1.10587
1.06634
0.562785
0.849767
1.59123
0.989336
0.623287
1.53007
1.19997
1.18917
0.993165
1.04473
1.18381
0.918002
1.52544
1.28213
0.990843
0.554459
0.981239
0.751243
0.561241
0.879393
1.45758
0.590137
0.903417
0.795727
1.10873
1.22745
0.815544
0.620411
0.68049
1.3917
0.929685
0.792259
0.892968
1.41129
0.295698
0.436649
0.957572
0.320282
0.909836
0.546344
1.02956
1.05353
0.61621
1.18728
1.97986
1.36693
1.20738
0.663961
0.612111
0.818816
1.142
0.488724
1.06854
0.444558
0.953674
0.211217
0.641963
0.895325
1.0889
0.226069
1.69439
0.833176
0.753802
1.01062
0.728942
0.586478
1.01553
1.32969
0.798832
0.585074
0.564002
0.865107
1.41793
0.623717
1.34833
0.473377
0.534002
0.730209
1.31446
1.00017
0.815621
0.385881
0.773461
1.14123
0.742838
0.909724
0.469911
0.729096
1.11592
0.907409
1.61825
1.19982
0.592148
1.07133
1.29969
0.110877
1.03832
0.990345
1.21565
0.720673
1.26973
0.457556
0.494638
1.49324
0.830025
0.780463
0.798468
0.843552
1.11555
0.960896
1.14483
1.50429
1.15061
1.2272
0.634272
0.760577
0.752509
0.735323
0.822927
0.726551
1.35878
0.584253
1.03316
1.75343
0.762036
1.65182
0.708468
0.892448
0.62118
0.647304
0.771591
1.11727
0.808639
0.623689
0.679422
1.30405
1.3854
1.89888
0.477053
0.481756
0.709911
1.194
1.60074
0.805726
0.860023
0.80668
1.2117
1.72983
0.837028
2.25747
1.00159
0.78658
0.736938
1.04503
0.432319
0.979039
1.05364
1.40189
1.00484
1.08776
1.96977
0.956273
0.494617
0.141838
1.69638
1.48797
0.4491
0.716855
0.643529
1.69112
1.34532
0.257331
0.972669
0.392919
0.994868
1.33545
1.3852
1.00626
0.436592
0.716464
0.985262
0.545685
1.14936
1.21511
2.23142
1.0186
1.59884
1.33664
1.24478
0.632412
0.394473
1.37747
0.585661
0.429611
1.34004
1.87637
0.414959
1.60292
0.989195
1.38593
0.493057
0.967625
0.911866
1.03314
0.982534
1.31576
1.22152
1.27579
1.78979
0.270992
0.985485
0.657312
0.934534
0.482033
1.3604
0.828312
1.42159
0.551494
0.692719
1.27939
0.379126
1.38398
1.01296
0.779608
1.0136
0.753701
0.603419
1.44048
0.509884
1.22711
1.0449
1.36587
0.920071
1.79763
1.00994
0.854286
0.728973
0.350395
1.57129
1.19584
0.728357
1.93979
1.05897
1.00591
0.635948
0.861753
0.270232
1.368
0.99443
0.719492
0.74951
0.707251
1.77423
0.894744
1.62916
1.0603
1.47447
0.463587
0.860128
0.281991
1.0088
0.782847
1.6006
0.780921
1.07946
0.199461
0.932732
1.13973
0.980741
0.747964
0.265427
0.984806
0.343921
0.375537
0.841511
0.909131
0.195535
1.1733
1.67659
0.44199
1.74276
1.50943
1.40179
0.578122
0.661621
0.541476
0.674095
0.642172
1.07914
0.489709
1.06279
0.929227
1.16324
0.430454
0.346841
0.964658
0.265678
0.850573
1.27851
1.21994
0.736148
1.66717
0.645728
1.18299
1.27128
1.12628
0.978731
0.742822
0.292447
0.906338
0.721736
0.923115
0.925371
1.65355
0.487744
0.894204
1.27146
0.588854
0.728739
0.801212
1.59894
0.757144
0.601251
1.61917
0.686065
0.754221
1.04927
1.32144
0.635951
0.906132
0.534873
0.797227
0.178481
2.2988
0.493815
1.33276
0.832466
1.78585
0.551719
0.864145
1.01139
0.564298
0.861543
0.871586
1.81277
1.5228
1.06258
1.23049
0.5157
1.34792
0.845502
1.08788
1.78531
0.155063
0.663275
0.618972
1.73242
0.7721
1.03521
1.10135
1.0877
1.49705
0.362277
1.00378
0.502512
1.29082
1.23147
1.04097
1.25881
1.01713
0.947979
1.36568
0.48463
1.48324
1.19592
1.21942
0.707029
0.567386
0.494915
1.16146
1.15244
0.213315
0.537267
0.559173
1.14542
1.7192
1.02909
1.07028
1.00115
0.649404
0.748607
0.981125
1.0429
0.875956
1.00606
0.799971
0.717042
0.726696
0.766078
0.670547
0.87123
0.932152
1.57313
1.43443
0.489577
0.503447
1.5195
1.58687
0.89639
1.45345
0.44873
1.04304
0.765476
1.31061
0.796971
0.725659
0.593005
1.54654
1.75217
0.948993
0.835936
0.821695
0.828699
0.748618
1.13983
0.78442
1.32793
0.351547
0.751735
0.886955
0.834099
1.10976
1.39615
0.39449
0.87863
1.11326
0.419297
0.742219
0.490567
0.777979
0.510418
0.934313
0.954557
0.459136
0.934549
1.80968
0.512544
0.702079
0.668246
1.87471
1.03782
1.0081
1.3285
0.921687
0.699313
0.578519
1.19312
0.844573
0.740905
0.792547
0.77834
1.20565
0.490127
2.02232
0.951196
1.46244
0.911737
1.14537
1.06871
0.749552
0.880385
0.501387
0.613466
0.779273
0.95365
0.92743
1.11822
0.378891
0.722712
0.81156
0.141705
1.11735
0.767347
0.170054
0.742799
1.08014
0.654301
1.60895
1.19935
0.28551
0.523441
0.811985
0.950833
1.9417
1.38782
0.819771
0.888838
0.676645
0.478781
0.567731
0.504693
0.724037
0.595506
0.289376
1.09817
1.00844
0.662666
0.544096
1.13061
1.12048
1.36412
1.58613
0.596292
0.818479
0.98032
1.2673
0.622875
1.56956
0.337651
0.805405
0.683345
1.17597
0.989333
0.32868
1.38758
0.0711335
0.722039
0.251263
0.973592
0.991434
0.799989
1.05256
0.825217
0.649754
1.61431
0.837346
0.622643
0.362814
2.3033
0.92946
1.14711
1.52941
1.4622
0.784061
0.920116
0.815096
0.834885
0.835216
0.895529
0.771795
0.768083
0.88425
0.710934
1.81147
0.664149
0.592775
1.26627
0.49706
1.27892
1.10617
1.9167
1.21329
1.70163
1.33871
0.514881
0.706638
0.857105
1.30873
1.39991
0.972876
0.914364
1.20663
0.843888
0.897175
0.686825
1.06327
1.09325
0.333836
1.57813
1.55285
0.903731
0.887464
1.27095
0.447386
0.963425
1.35181
0.311013
1.95755
0.820363
0.447378
0.97136
0.96051
1.16878
0.470016
0.685566
0.425238
1.26023
0.668047
1.49945
0.68746
0.506496
1.40929
0.464981
1.55535
1.04912
0.362496
1.21904
1.11316
0.935471
1.55783
0.91538
1.23098
1.00228
0.518879
0.844278
1.2359
1.02675
0.323246
0.4966
1.31734
1.56317
0.465735
0.660858
0.728805
1.11448
1.2179
0.660965
0.752726
0.634552
0.855157
0.416376
0.632805
1.39051
0.748215
0.965819
0.381182
1.29858
0.225287
0.773125
1.12707
0.658717
1.38293
0.340037
0.738748
0.642002
0.462189
0.781022
0.55047
0.725361
1.20291
0.971626
0.949826
0.644611
0.317971
0.7601
0.666965
1.01724
1.06547
1.49092
0.385887
2.14495
1.87349
0.899982
0.529125
0.832024
1.37482
0.30271
1.56718
0.937276
1.14293
0.91336
1.12383
0.526758
1.63132
0.936888
0.582349
0.242668
0.565075
0.572577
1.05185
0.722913
0.868692
0.356932
1.3073
0.619085
0.785541
0.965761
0.927616
0.849654
0.522998
0.982157
1.64107
0.82843
0.65917
0.507977
0.704701
1.38827
0.228501
1.78775
0.761541
0.646779
0.902655
0.700378
0.847044
1.61886
1.93832
0.914628
0.924214
1.29701
0.904565
0.614666
1.73385
0.925868
1.81957
1.01335
0.948163
1.00698
0.336039
0.87422
0.943136
0.630132
0.19296
0.431498
1.35383
0.554676
0.457715
1.02966
0.91689
