-0.916078
-0.914085
-0.788378
0.180294
-1.10606
-0.870471
-1.15893
-0.601063
-0.882951
-1.29267
-0.531771
-0.451679
-0.679104
-1.34929
-0.0460643
-0.573383
-0.245624
-0.937813
0.076329
-0.633403
-0.444206
-0.767278
-0.563848
0.375975
-0.318851
-0.485458
-1.09951
0.403858
-0.238505
-1.19795
-1.28369
-0.435129
-0.778125
-0.828046
-0.787947
0.531336
-0.522508
0.668114
-0.960467
-1.53191
-1.07827
-0.74645
-0.720513
-1.17334
-0.458665
-0.213823
1.85641
-0.801608
-0.194287
-0.695656
-0.555415
-0.682566
-1.03424
-0.35333
-0.897112
-0.915065
-0.918146
-0.466751
-0.362727
0.406043
-0.811272
-0.430519
0.819238
-0.639028
-0.336327
-0.965635
-0.664028
-1.0197
-1.03118
-0.671585
-0.276497
-0.866315
0.183563
-0.315327
-1.06669
-1.10402
0.311042
-0.559415
-0.892219
-1.04421
-0.583851
-0.149462
-0.772673
-0.811341
-0.527221
-0.8331
-0.16046
-0.57795
-0.948904
-0.743559
-0.774686
0.111557
-0.844615
-0.106857
-0.508817
-0.529172
-0.854427
-0.275125
0.325012
-0.805931
-0.90174
-0.0200616
-0.701812
-0.790446
-0.498068
-0.800023
0.400899
-0.889228
-0.262554
-1.17649
-0.214135
-0.724349
-0.20029
-0.862782
-0.32019
-1.39398
-1.33077
-1.37787
-0.97623
-1.37632
0.0588066
-1.23643
-0.699388
-0.831282
-0.268616
-0.672791
-0.390506
-0.0426514
-2.02917
-1.32696
-0.160297
-0.539363
-0.977295
-0.811758
-0.956199
-0.165397
-0.215032
-0.582356
-0.763325
-0.371853
-0.328635
-0.91198
0.17782
-0.829511
-0.292512
-0.817031
-0.963421
-0.758098
-0.959052
-0.681174
-0.638373
-0.708359
-0.509594
0.293279
-0.537936
-0.867379
-0.93922
-0.417895
-0.626544
0.307675
-0.470687
-0.892241
-0.631733
-1.03572
-0.566328
-0.821943
-0.776914
-1.13118
-0.863386
-0.506812
-0.685009
-0.885944
-0.881481
-0.764109
-0.524119
-0.564394
-1.38728
-0.541062
0.118458
-0.869819
-0.70637
-0.51177
0.308723
-0.481462
-0.624587
0.1161
-0.888102
-1.16263
-0.930621
-0.504165
-1.12502
-1.21162
-0.54782
-1.0401
-0.996093
-1.27622
-0.764258
-0.596404
-0.737225
-0.54033
-0.228138
-0.496823
-0.274083
-0.912951
-1.47577
-0.526613
-0.899399
-1.05419
-0.748923
-0.965709
-0.127007
-0.921285
-0.351719
-1.01413
-0.558866
-1.30395
-0.653055
-1.12069
-1.18214
-0.804194
-0.52703
0.0932562
-0.836326
-0.733097
-1.03614
-0.845615
-1.24182
-0.675601
0.129429
-0.678678
-0.85071
-0.99908
0.337291
-1.36285
-0.179487
-0.558072
-0.495886
-0.643388
-1.16102
-1.14136
-0.656028
-0.758134
-0.958648
-1.80514
-0.0685183
-0.634215
-0.626746
-0.763114
-0.584498
-0.783679
-0.412578
-0.499488
-0.359612
-2.54839
-0.450194
-0.221729
