0.31069
0.50392
-0.859324
-0.387216
0.0423746
-0.101947
-0.205516
-0.499402
-0.542133
-0.986952
-0.833111
-0.1928
0.0721856
-1.07073
-1.1336
-0.121797
-0.516232
-0.00441182
0.24139
-2.70338
-0.237167
-0.137099
-0.746222
-0.295554
-0.726683
-1.12794
0.24701
-0.560537
-0.171922
0.120092
0.0209498
-0.934066
-0.390595
-0.230693
-0.17545
-1.03357
-0.329454
-0.626011
-0.277168
-0.628781
-0.356129
-1.17156
-0.524177
-0.119545
-0.70619
-0.577245
-0.936522
0.532756
-1.21772
0.260498
-0.440279
-0.295044
-0.326735
-0.904662
-0.343725
-0.00755231
-0.508748
-0.908848
-0.663752
-0.241453
-0.580096
-1.30945
-0.142248
0.224952
-0.614813
-0.867014
-0.689639
-1.14588
-0.574103
0.383469
-0.298252
-0.496402
-0.608231
-0.494113
-0.120726
-0.599929
-0.078997
-0.966974
0.288883
-0.303588
-0.271014
-0.173448
-0.170426
-0.595787
-0.137084
-0.539702
-0.0567613
-0.339068
-0.383847
0.381739
0.181051
-0.266634
-0.517846
0.251689
-0.343303
-0.155597
-0.0507717
-0.781902
-0.580987
-0.119705
-0.922715
-0.626153
-0.836492
-1.24095
-0.14348
0.152667
-1.00443
-0.232352
0.503033
-0.504523
0.208675
-0.418227
-0.679565
0.253721
-0.358126
-0.599238
-0.976197
0.318233
0.0662051
1.04197
-0.823151
-0.052578
0.308684
-1.30117
-0.503321
-0.379739
-0.045457
-0.440901
-0.226869
-0.845884
-0.220119
-0.698946
0.133157
-0.223072
-1.12136
0.342195
-0.779883
0.156216
-0.684629
0.685435
-0.612736
-0.558288
-0.398181
-0.451777
-0.934333
-0.626456
-0.336768
-0.0608759
-0.399933
-0.64464
-0.378573
0.463293
-0.394283
-0.715814
-0.722011
0.157028
0.450784
0.250882
-0.892843
-0.428445
-0.515402
-0.649656
-1.02517
-0.88354
-0.583616
-0.420224
-1.55088
-0.596619
-0.118327
0.413567
-0.667533
-0.802625
-0.800315
-0.913487
-0.0371267
-0.968833
-1.05315
-1.07132
-0.664771
-0.681321
-0.989038
-0.868171
-0.227016
0.104331
0.0832417
-0.500055
-0.532924
-1.02063
-1.00295
-0.119134
-0.660414
0.0875626
-0.0901994
-0.518434
-0.510142
0.181932
-0.615677
0.0603098
-0.513624
-0.592645
-0.313886
-0.590107
-0.43211
0.827377
0.261333
-0.0999224
-0.329034
-1.44576
-0.0584475
0.163167
-0.62368
-0.141515
-0.246529
-0.60439
-0.356566
0.201934
-0.929042
0.122606
-0.490851
-0.855635
0.116591
-0.592238
0.045466
-0.458192
-1.1948
-1.28316
-0.361414
-0.767018
-0.179044
-0.602467
-0.292599
-0.453489
0.472318
-0.751546
-0.718198
-0.47875
-0.364767
-0.357006
-1.17327
0.291244
-1.02424
-1.33895
0.090308
-0.271427
-0.900455
-0.623471
-0.561881
-0.142849
-0.0260607
-0.234072
-0.122673
-0.433917
0.0172404
-0.702686
-0.211005
-0.144275
