-0.453664
-0.509675
-0.933803
-0.474524
-0.623054
-1.19139
-0.162466
-0.263526
-0.535892
-0.503875
-0.222888
-0.486158
-0.591364
-0.420232
-0.718884
-0.52309
-0.364818
-1.33739
-0.694091
-0.437656
-0.486985
-0.985535
-0.358972
-0.367698
0.167811
-0.460015
-0.425535
-1.55822
-0.357152
-0.609388
-0.713994
-0.360373
-0.607406
-0.685742
-0.657986
-1.01453
-0.575267
-0.243111
-0.506553
-0.682828
-0.265145
-0.48205
0.129084
-0.585427
-0.441485
-0.377685
-0.347281
-0.67663
0.108583
-0.0786931
-0.628337
-0.343374
-0.468178
-0.664384
-0.312406
-0.339675
-0.372694
-0.855672
-0.514603
-0.381198
-0.731997
-0.305617
-0.582414
-0.199291
-0.891636
-0.473948
-0.675269
-0.281275
-0.589254
-0.707644
-0.607871
-0.47396
-0.664871
-0.471158
-0.442462
-0.617252
-0.739398
0.0188931
-0.583538
-0.33036
-0.477173
-0.553655
-0.620578
-0.776681
-0.767192
-0.555724
-0.476552
-0.723688
-0.609479
-0.44274
-0.313649
-0.392227
-0.609645
-1.10431
-0.418135
-0.219727
-0.19825
0.0922866
-0.410624
-0.389707
-0.445677
-0.435572
-0.602053
-0.380021
-0.442456
-0.455873
-0.407481
-0.932644
-0.472938
-0.420179
-0.683863
-0.919191
-0.0969927
-0.612076
-0.51455
-0.241296
-0.547385
-0.249426
0.0371565
-0.297543
-0.700209
-0.471565
-0.333993
-0.316218
-1.34128
-0.517558
-0.665027
-0.422303
-0.4199
-0.322334
-0.540372
-0.292302
-0.343835
-0.328445
-0.390541
-0.415841
-0.737063
-0.643865
-0.661705
-0.0636585
-0.714653
-0.474239
-0.412471
0.0596361
-0.413942
-0.395202
-0.581028
-0.468275
-0.230199
-0.380707
-0.408119
-0.789712
-0.418404
-0.502168
-0.642928
-0.280015
-0.51589
-0.786449
-0.426471
-0.601007
-0.388107
-0.469707
-1.12403
-0.553882
-0.472018
-0.593211
-0.439083
-0.221998
-0.453146
-0.388437
-0.393953
-0.676027
-0.437637
-0.526611
-0.538989
-0.146969
-0.739455
-0.507783
-0.49673
-0.623367
-0.175504
-0.648802
-1.25726
-0.142494
-0.899188
-0.66481
-0.450588
-0.457744
-0.299809
-0.52497
-0.471168
-0.410264
0.00405184
-0.590748
-0.517557
-0.73019
-0.567277
-0.650718
-0.960697
-0.74363
-0.355076
-0.451044
-0.383713
-0.27582
-0.771927
-0.336964
-0.57596
-0.578515
-0.549676
-0.39311
-0.917885
-0.404506
-0.378552
0.0240362
-0.41284
-0.525599
-0.198026
-0.421489
-0.708412
-0.131527
-0.283478
-0.47702
-0.240636
-0.34895
-0.360539
-0.135504
-0.381664
-0.542562
-0.486793
-0.678664
-0.520731
-0.645047
-0.16459
-0.493126
-0.373301
-0.64442
-0.540221
-0.776404
-0.665586
-0.877572
-0.664747
-0.60186
-0.57643
-0.555686
-0.487025
-0.979461
-0.420248
-0.229404
-0.411801
-0.837256
-0.541377
-0.390396
-0.479682
-0.361394
-0.499089
-0.786631
-0.299852
-0.491002
-0.527793
-0.368374
-0.3316
-0.774529
-1.05592
-0.218916
-0.0735608
-0.839884
-0.831843
-0.36675
-0.57239
-0.641784
-0.677377
-0.489552
-0.512637
-1.64678
-0.224054
-0.22811
-0.387784
-0.664739
-0.494906
-0.496085
-0.805228
-0.916779
-0.463982
-0.869425
-0.310998
-0.501234
-0.469966
-0.177938
-0.501603
-0.222892
-0.731895
-0.543366
-0.681372
-0.58351
-0.691803
-0.407688
-0.352377
-0.623443
-0.789986
-0.58704
-0.490691
-0.645934
-0.267114
-0.380656
-0.405682
-0.744277
-0.466679
-0.250139
-0.262808
-0.347294
-0.57844
-0.629034
-0.534003
-0.326439
-0.558853
-1.64596
-0.826729
0.0562294
-0.340062
-0.204359
-0.202094
-0.303884
-0.676148
-0.426908
-0.0490162
-0.58107
-0.489182
-0.939854
-0.3091
0.0189007
-0.265738
0.219412
-0.608831
-0.974663
-0.246761
-0.705665
-0.461105
-0.169243
-0.00820713
-0.5885
-0.450712
-1.51728
-0.518364
-0.56091
-0.622886
0.0338697
-0.724882
-0.423841
-0.805709
-0.45831
-0.274946
-0.609588
-0.306598
-0.467782
-0.565373
-0.215678
-0.541812
-0.428985
-0.380306
-0.789701
-0.335144
-0.258647
-0.430021
-0.570468
-0.392621
-0.490452
-0.576794
-0.545284
-0.293851
-0.700324
-0.517822
-0.156089
-0.58241
-0.58138
-1.04993
-0.326814
-0.459722
-0.564858
-0.518899
-0.673049
-0.581492
-0.455377
-0.418182
-0.318201
-0.66805
-0.626245
-0.144376
-0.569021
-0.396831
-0.404329
-0.459295
-0.717948
-0.32083
-0.42507
-0.229532
-0.110299
-0.292648
-0.750474
-0.494989
-0.333342
-0.242696
-0.421194
-1.24099
-0.38911
-0.61157
-0.506307
-0.404289
-0.474027
-0.685991
-0.643673
-0.269548
-0.561412
-0.656111
-0.439058
-0.699754
-0.590836
-0.372506
-0.601161
-0.297862
-0.513372
-0.808446
-0.0537259
-0.182513
-0.429429
-0.334013
-0.739719
-0.545243
-0.339957
-0.960923
-0.936242
-0.604185
-0.475923
0.0152393
-0.447951
-0.757637
-0.398667
-0.741403
-0.542744
-0.659202
-0.290478
-0.34044
-0.72925
-0.0849694
-0.551962
0.239655
-0.15601
-0.45783
-0.885301
-0.59992
-0.0751617
-0.874991
-0.545365
-0.572698
-0.66254
-0.0700836
-0.574477
-0.224506
-0.0892708
-0.540867
-0.978435
-0.645584
0.0877215
-0.276009
-0.601927
-0.670083
-0.405617
-0.614279
-0.493685
-0.312761
-0.549703
-0.398555
0.0168216
-0.223028
-0.358222
-0.483311
-0.378514
-0.231833
-0.365907
-0.422775
-0.536652
-0.313619
-0.428513
-0.492384
-0.622582
-0.464951
-0.44696
-1.47
-0.829103
-0.617362
-0.62407
-0.667754
-0.277147
-0.224382
-0.298225
-0.425538
-0.575045
-0.242693
-0.594519
-0.430139
-0.427502
-0.655319
0.0219913
-0.482139
-0.18575
-0.305171
-0.033109
-0.584713
-0.641839
-0.151524
-0.494856
-0.435106
-0.2603
-0.769806
-0.679178
-0.541116
-0.338605
-0.523855
-0.469735
-0.205396
-0.326527
-0.493441
-0.507076
-0.51317
-0.39241
-0.423262
-0.156192
-0.251711
-0.346057
-0.330565
-0.577789
-0.420518
-0.566658
-0.470879
-0.313043
-0.59057
-0.529735
-0.491707
-0.196754
-0.559828
-0.355548
-0.750615
-0.574019
-0.515536
-0.548385
-0.194529
-0.536312
-0.179355
-0.237905
-0.436316
0.358389
-0.319651
-0.425676
-0.635586
-0.577053
-0.596303
-0.489523
-0.48439
-0.416453
-0.587822
-0.190788
-0.359011
-0.626679
-0.434916
-0.206804
-0.537632
-0.527921
-1.07741
-0.764258
-0.750211
-0.443347
-0.456937
-0.00606288
0.156108
-0.565164
-0.105794
0.0122235
-0.292433
-0.191132
-0.573748
-0.127178
-0.610957
-0.53404
-0.336584
-0.501193
-0.566667
-0.609955
-0.689337
-0.000561575
-0.482941
-0.26419
-0.775431
-0.670045
-0.639176
-0.719059
-0.413945
-0.70702
-0.66585
-0.730384
-0.574047
-0.629308
-0.496679
-0.583743
-0.495466
-0.571213
-0.534451
-0.343937
-0.715521
-0.637971
-0.527652
-0.273712
-0.594843
-0.509269
-0.874406
-1.1481
-0.499309
-0.608089
-0.639896
-0.49708
-0.526093
-0.535033
-0.580432
-0.721478
-0.682405
-0.526926
-0.507245
-0.872976
-0.48555
-0.681436
-0.631521
-0.767605
-0.613239
-0.6915
-0.536025
-0.83718
-0.298402
1.01551
0.0891883
-0.592455
-0.477527
-0.358817
-0.613163
-0.771633
-1.08405
-0.427812
-0.475862
-0.255162
-0.325993
-0.989834
-0.378703
-0.0199932
-0.320647
0.356901
-0.442213
-0.716392
-0.717363
-0.719232
-0.434884
-0.964881
-0.580305
-0.531315
-0.401817
-0.408244
-0.681179
-0.670989
-0.700643
-0.655735
-0.528619
-0.314963
-0.335844
-0.496053
-0.334953
-0.476518
-0.343831
-0.418804
-0.482437
-0.110953
-0.182384
-0.497369
-0.229089
-0.605049
-0.511879
-0.138849
-0.479588
-0.576168
-0.555046
-0.127836
-0.261478
-0.431742
-0.553383
-0.366871
-1.09791
0.152697
-0.797544
-0.380597
-0.353937
-0.231598
-0.233577
-0.133079
-0.341773
-0.440518
-0.529417
-0.52169
-0.418277
-0.538524
-0.588299
-0.217199
-0.653639
-0.759091
-0.477828
-0.115775
-0.681245
-0.553735
-0.660346
-0.210209
-0.386647
-0.738981
-0.43389
-0.403994
-0.598232
-0.199245
-0.578399
-0.207469
-0.328555
-0.0661505
-0.399614
0.270895
-0.906239
-0.389768
0.0518949
-0.770779
-0.50994
-0.144972
-0.586886
-0.573785
-0.243992
-0.384731
-0.759313
-0.365375
-0.73122
-0.358148
-0.513873
-0.422238
-0.505609
-0.563267
-0.55516
-0.909141
-0.66542
-0.724504
0.0843639
-0.623944
-0.953825
-0.540692
-0.886977
-1.05809
-0.605496
-0.172162
-0.63496
-0.508888
-1.50353
-0.449057
-0.813101
-0.862404
-0.0174615
-0.986481
-0.603519
-0.498103
-0.427837
-0.568907
-0.366014
-0.493018
-0.381891
-0.452167
-0.356766
-0.434005
-0.283873
-0.413283
-0.684616
-0.415364
-0.199554
-0.554468
-0.517892
-0.318163
-0.753948
-0.374159
-0.328391
-0.21012
0.343793
-0.891132
-0.177322
-0.443237
-0.641608
-0.508492
-0.526221
-0.653853
-0.223093
-0.502637
-0.561574
-0.485814
-0.436144
-0.279843
-0.540103
-0.405678
-0.845446
-0.47813
-0.491158
-0.64795
-0.472027
-0.442135
-0.227728
-0.876558
-0.844652
-0.681663
-0.749925
-0.388387
-0.591
-0.670005
-0.493743
-0.37008
-0.646797
-0.728146
-0.940889
-0.417936
-0.347191
-0.786637
-0.802518
-0.551821
-0.555545
-0.703376
-0.589534
-0.580927
-0.364465
-0.141835
-0.414729
-0.639858
-0.610051
-0.519971
-0.690847
-0.273098
-0.0382988
-0.757368
-0.664666
-0.344211
-0.585318
-0.34013
-0.332331
-0.481933
-0.690959
-0.580029
-0.62734
-0.556092
-0.385576
-0.302926
-0.29154
-0.124483
-0.574156
-0.188166
-0.112759
-0.0986041
-0.617361
-0.422924
-0.47811
-0.343046
-0.933077
-0.535855
-0.18244
-0.235178
-0.389206
-0.457387
-0.528214
-0.439466
-0.540489
-0.439847
-0.636937
-0.435902
-0.428734
-0.539796
-0.526033
-0.427057
-0.478775
-0.511113
-0.588997
-0.387709
-1.04608
-0.210997
-0.496361
-0.592462
-0.667431
0.0897993
-0.390275
-0.627218
-0.484777
-0.444848
-0.420034
-1.22991
-0.346747
-0.533353
-0.738145
-0.328184
-0.760895
-0.663241
-0.277322
-0.505261
-0.212054
-0.247776
-0.261472
-0.463437
-0.672403
-0.64487
-0.37335
-0.571653
-1.32872
-0.699939
-0.376005
-0.522486
-0.88157
-0.315156
-0.393601
-0.406947
-0.478714
-0.690378
-0.360977
-0.413293
-0.296835
-0.391073
-0.461559
-0.530441
-0.670924
-0.909056
-0.533235
-0.483188
-0.662729
-0.501361
-0.352024
-0.586873
-0.423711
-0.610923
-0.424559
-0.469336
-0.488461
-0.314359
-0.360574
-0.177244
-0.610756
-0.469552
-0.572364
-0.296025
-0.25137
-0.390504
-0.42019
-0.516358
-0.415357
-0.511849
-0.0059051
-0.0113948
-0.434911
-0.717353
-0.783747
-0.713655
-0.477681
-0.394235
-0.332347
-0.0735505
-0.461775
-0.514107
-0.576746
-0.779345
-0.272692
-0.68901
-0.552534
-1.14302
-0.250698
-0.214834
-0.937835
-0.307227
-0.579421
-0.545831
-0.383212
-0.409759
-0.312929
-0.391819
0.0245817
-0.536449
-0.426863
-0.658102
-0.420754
-0.571415
-0.365376
-0.727946
-0.973563
-0.482035
-0.558052
-0.626681
-0.582544
-0.562438
-1.28554
-0.419036
-0.534298
-0.512142
-0.540598
-0.661526
-0.235463
-0.323622
-0.430697
-0.439272
-0.460229
-0.538217
-0.433427
-0.416535
-0.189705
-0.465948
-0.760613
-0.45086
-0.752067
-0.528145
-0.60199
-0.986439
-0.331364
-0.98098
-0.137362
-0.12872
0.203521
-0.322337
-0.618767
-0.679315
