-0.0843012
-0.560436
-1.19937
-0.9909
-0.501823
-1.0623
-0.336432
-0.566968
-0.441848
-0.368706
-0.368595
-0.849573
-0.543014
-0.604317
-1.38614
-0.819665
-0.738844
-0.296264
-0.580578
-0.989097
0.221894
0.217125
-0.475536
-1.06039
-0.761385
0.260796
-0.74718
-0.327784
-1.45683
-0.382814
-0.229106
-0.939436
-0.908844
-0.782737
-0.526245
-0.911937
-0.275393
-0.379802
-1.17657
-0.412099
-0.937751
-0.765606
-1.71388
-0.814831
-1.60561
-0.844577
-0.807105
-0.376092
-0.952314
-0.565086
-1.20927
-0.916153
0.0553295
0.10278
-1.03905
-0.864806
-0.754041
-0.295611
-0.579957
-0.747003
-1.43167
-1.34761
0.0629466
-0.644976
-0.736001
-0.728448
-1.20209
-0.743048
-0.635104
-0.786513
-0.427423
-1.37271
-0.770972
-0.635652
-0.821765
-0.953252
-0.502064
-0.198762
-0.655376
-1.16405
-0.537409
-1.17557
-1.34211
-0.561756
0.040323
-0.837922
-1.14318
-0.702575
-1.55157
-0.728294
-0.243342
-0.988686
-0.957397
-0.673308
-0.685592
-0.600132
-0.582688
-1.13663
-0.439098
-1.02927
-0.906995
-1.63337
-0.779766
-0.431958
-0.691959
-0.845165
-0.607858
-1.13481
-0.235359
-1.04279
-1.02686
-0.839792
-0.63344
-2.39868
-0.409243
0.10993
-0.748298
-0.439625
-1.02837
-1.21286
-0.643987
-0.0933353
-1.43315
-0.8283
-0.573248
0.437259
-0.576752
-0.907176
0.259984
-1.21177
-1.19247
-0.172243
-0.685154
-1.34028
-0.860871
-1.12362
-0.64065
-0.722241
-0.576295
-0.965331
-1.09734
-0.958785
-0.751859
0.48811
-0.902428
-0.29912
-1.06753
-1.04489
-0.391042
-0.699444
-0.702657
-0.91314
-0.268647
-0.942086
-1.07544
-1.11662
-0.553818
-0.961668
-0.779676
-0.99758
-0.497221
-0.762224
-0.974384
-0.782399
-0.470485
-0.9859
-1.1098
-1.07824
-0.534504
-0.614611
-0.963229
-0.536901
-1.29103
-0.435279
-0.880215
-0.599342
-0.508281
-0.478751
-0.619528
-0.762951
-0.544603
-1.00748
-0.699505
-1.53576
-0.991119
-1.1407
-0.809356
-0.589175
-0.795361
-0.523225
-0.213218
-0.514388
-0.867119
-1.11113
-1.2164
-0.192088
-0.750991
-0.831649
-1.03703
-0.790198
-0.867598
-1.03013
-1.30987
-0.601912
-0.946883
0.118174
-0.801867
-1.00642
-0.552735
0.316397
-0.57109
-0.435112
-0.88205
-0.251092
-0.0327697
-0.856438
-0.936383
0.479369
-1.02876
-0.847816
-1.4015
-0.0759569
-0.766178
-0.877456
-0.998867
-0.918748
-0.96247
-0.92419
0.0863775
-0.273162
-0.661963
-0.663756
-0.473458
-0.574105
-0.432021
-0.318275
0.313714
-1.72783
-0.458374
-0.743406
-0.576914
-0.806614
-0.602985
-0.833499
-0.689905
-0.791852
-1.5651
-0.873518
-0.45226
0.375923
-0.69329
-0.580495
-1.42883
-1.08366
-0.217052
-1.01979
