-0.550367
-0.551695
-0.564515
-0.315048
-0.480426
-0.598937
0.0632083
-0.407382
-0.42828
-0.563303
-0.383509
-0.594002
-0.648072
-0.606333
-0.621937
-0.446969
-0.589934
-0.179526
-0.765094
-0.575564
-0.261346
-0.616868
-0.435526
-0.344945
-0.217985
-0.465884
-0.572896
-0.660462
-0.531273
-0.760682
-0.590472
-0.290612
-0.396177
-0.77848
-0.25714
-0.316068
-0.750541
-0.310819
-0.819416
-0.624555
-0.748118
-0.504578
-0.322885
-0.511265
-0.561913
-0.56888
-0.302111
-0.4457
0.0936875
-0.504316
-0.574225
-0.528075
-0.619247
-0.795501
-0.522597
-0.320272
-0.48851
-0.51243
-0.801717
-0.428691
-0.0446381
-0.242651
-0.727187
-0.50025
-0.297217
-0.645872
-0.418862
-0.407456
-0.551923
-0.421185
-0.419055
-0.550469
-0.585878
-0.638556
-0.613245
-0.679174
-0.786221
0.0269576
-0.524593
-0.0573195
-0.516638
-0.401539
-0.482178
-0.215232
-0.450072
-0.726003
-0.564474
-0.687861
-0.528892
-0.59559
-0.54575
-0.521499
-0.658278
-0.60885
-0.279261
-0.37514
-0.468706
-0.181137
-0.514551
-0.538716
-0.583039
-0.290156
-0.705869
-0.540627
-0.132975
0.0474812
-0.431618
-0.5646
-0.578635
-0.336738
-0.580198
-0.332607
-0.376628
-0.444619
-0.0822489
-0.543913
-0.437421
-0.619889
0.0110569
-0.242911
-0.873736
-0.47011
-0.463279
-0.523219
-0.826596
-0.0862321
-0.711279
-0.65838
-0.570698
-0.66857
-0.557314
-0.605591
-0.408134
-0.562701
-0.488416
-0.326968
-0.800105
-0.548085
-0.641411
-0.868197
-0.526204
-0.588322
-0.4937
-0.202315
-0.688302
-0.749419
-0.523322
-0.401812
-0.34402
-0.508994
-0.731931
-0.811505
-0.469265
-0.577632
-0.56226
-0.311004
-0.4503
-0.585005
-0.821598
-0.635943
-0.510665
-0.440631
-0.623443
-0.770893
-0.566448
-0.435099
-0.627951
-0.0606605
-0.485053
-0.497964
-0.609227
-0.863648
-0.517747
-0.579805
-0.494915
-0.13412
-0.814412
-0.358367
-0.548016
-0.671118
-0.316695
-0.804465
-0.84322
-0.190208
-0.343067
-0.709312
-0.438184
-0.59267
-0.662138
-0.577378
-0.515768
-0.671686
0.0216918
-0.778494
-0.38148
-1.09255
-0.714199
-0.411404
-0.813144
-0.653924
-0.251792
-0.215132
-0.432198
-0.418701
-0.917915
-0.692303
-0.577629
-0.587988
-0.557954
-0.65607
-0.517919
-0.439385
-0.230619
-0.27661
-0.441954
-0.554202
-0.334114
-0.726096
-0.48552
-0.46404
-0.392735
-0.15907
-0.304368
-0.710754
-0.495469
-0.346559
-0.0834174
-0.578115
-0.347668
-0.590024
-0.438564
-0.199412
-0.333956
-0.489312
-0.410689
-0.656306
-0.919029
-0.813476
-0.567734
-0.197796
-0.575066
-0.163788
-0.771746
-0.453516
-0.379499
-0.140071
-0.277864
-0.120539
-0.554561
-0.524881
-0.46393
-0.419924
-0.53988
-0.478892
-0.0654936
-0.102715
-0.281394
-0.427237
-0.770771
-0.455611
-0.534096
-0.502472
-0.487256
-0.381241
-0.16455
-0.724585
-0.532478
-0.737372
-0.522975
-0.584537
-0.569409
-0.434665
-0.597384
-0.160654
-0.471412
-0.505215
-0.42667
-0.149347
-0.488552
-0.561038
-0.164214
-0.408216
-0.795202
-0.634054
-0.550222
-0.492329
-0.559454
-0.435689
-0.271686
-0.517152
-0.736065
-0.48902
-0.623593
-0.582731
-0.530785
-0.501257
-0.446307
-0.622713
-0.651574
-0.780765
-0.312464
-0.773543
-0.314126
-0.575634
-0.730497
-0.379434
-0.405931
-0.336045
-0.56663
-0.33823
-0.52736
-0.616462
-0.52568
-0.449744
-0.504782
-0.824354
-0.554405
-0.199928
-0.395807
-0.453225
-0.373349
-0.57968
-0.75838
-0.490903
-0.700234
-0.727977
-0.515742
-0.76702
-0.427041
-0.0681892
-0.272311
0.0012201
-0.613811
-0.278269
-0.260878
-0.256882
-0.416834
-0.274394
-0.00796757
-0.925056
-0.297314
-0.885984
-0.259572
-0.411869
-0.392676
-0.331118
-0.355637
-0.358202
-0.712703
-0.567496
-0.421652
-0.178109
-0.5535
-0.598074
-0.407723
-0.477452
-0.67278
-0.625018
-0.267458
-0.726955
-0.617241
-0.357992
-0.426163
-0.509908
-0.549534
-0.591651
-0.350631
-0.491674
-0.551958
-0.59849
-0.764315
-0.309762
-0.48539
-0.482733
-0.444827
-0.740133
-0.493673
-0.545588
-0.561387
-0.895578
-0.868297
-0.574748
-0.339739
-0.465171
-0.665556
-0.381478
-0.628299
-0.706586
-0.498765
-0.343289
-0.442562
-0.232218
-0.692444
-0.631514
-0.561563
-0.320915
-0.535972
-0.787067
-0.228666
-0.337262
-0.354762
-0.441657
-0.559354
-0.471011
-0.406087
-0.424227
-0.450585
-0.634396
-0.688954
-0.350234
-0.334224
-0.57808
-0.713649
-0.309781
-0.576057
-0.471049
-0.506168
-0.411881
-0.475727
-0.80282
-0.656284
-0.50097
0.0228953
-0.577679
-0.567625
-0.299897
-0.732153
-0.669892
-1.03497
-0.434238
-0.848482
-0.240822
-0.411752
-0.402394
-0.690629
-0.481202
-0.617072
-0.642008
-0.927862
-0.287892
-0.382421
-0.663375
-0.476689
-0.571759
-0.200517
-0.327614
-0.596511
-0.25012
-0.577807
-0.105327
-0.783657
-0.452149
-0.511709
-0.592324
-0.463414
-0.637615
-0.756001
-0.0867602
-0.594868
-0.341577
-0.493761
-0.0579147
-0.725036
-0.511063
-0.76065
-0.836653
-0.618282
-0.0758184
-0.466094
-0.619059
-0.454191
-0.322908
-0.282113
-0.796676
-0.362954
-0.436401
-0.493144
-0.16575
-0.259555
-0.691472
-0.228132
-0.492926
-0.506805
-0.578484
-0.515672
-0.646807
-1.12717
-0.553881
-0.454233
-0.503884
-0.774523
-0.219126
0.586567
-0.620761
-0.355617
-0.642299
-0.516745
-0.558693
-0.588782
-0.701637
-0.509161
-0.464115
-0.0425215
-0.687439
-0.0443157
-0.370032
-0.435804
-0.704623
-0.0924345
-0.695285
-0.674608
-0.310505
-1.00107
-0.537584
-0.243889
-0.490221
-0.495711
-0.693565
-0.074597
-0.528839
-0.0697538
-0.619743
-0.459289
-0.565147
-0.442259
-0.332286
-0.42702
-0.491559
-0.465803
-0.512027
-0.0621541
-0.428301
-0.425203
-0.474362
-0.475247
-0.30347
-0.604769
-0.105789
-0.550805
-0.534497
-0.30036
-0.544369
-0.473478
-0.233665
-0.1713
-0.347145
-0.378483
-0.580054
-0.467683
-0.283715
-0.122693
-0.660035
-0.444077
-0.552994
-0.429248
-0.246753
-0.482001
-0.244932
-0.624584
-0.236564
-0.522211
-0.258399
-0.876035
-0.51722
-0.411132
-0.482959
-0.948742
-0.592719
-0.420422
-0.73181
-0.554851
-0.410184
0.0849958
-0.272437
-0.46323
-0.378106
-0.250932
-0.408852
-0.382486
-0.244376
-0.565952
-0.352969
-0.471779
-0.678325
-0.605936
-0.351803
-0.569317
-0.744102
-0.538144
-0.348323
-0.452171
-0.609359
-0.315041
-0.637165
-0.669961
-0.66831
-0.66123
-0.501181
-0.381407
-0.758057
-0.0927123
-0.418484
-0.699277
-0.400303
-0.410204
-0.113946
-0.507986
-0.453826
-0.213708
-0.24526
-0.343948
-0.715864
-0.51172
-0.657488
-0.562608
-0.590488
-0.61389
-0.576926
-0.701852
-0.733327
-0.453371
-0.393794
-0.603124
-0.46173
-0.594862
-0.68337
-0.497573
-0.497535
-0.550549
-0.745467
-0.574477
-0.82632
-0.729052
-0.537214
-0.0786365
-0.212222
-0.330191
-0.421746
-0.656919
-0.188096
-0.366136
-0.45254
-0.581859
-0.459381
-0.357999
-0.402038
-0.209566
-0.783628
-0.592902
-0.00930832
-0.478765
0.159242
-0.519279
-0.677286
-0.43166
-0.911533
-0.518688
-0.780801
-1.08024
-0.695944
-0.396813
-0.580029
-0.812178
-0.727201
-0.810229
-0.497371
-0.818255
-0.556796
-0.624471
-0.19325
-0.463998
-0.151823
-0.351681
-0.476183
-0.526195
-0.341188
-0.694212
-0.369974
-0.491833
-0.562298
-0.558351
-0.311143
-0.387169
-0.769782
-0.388441
-0.447528
-0.174722
-0.565312
-0.567957
-0.376664
-0.865062
-0.125052
-0.742747
-0.642581
-0.335693
-0.518742
-0.350649
-0.497802
-0.374036
-0.439415
-0.572411
-0.657834
-0.533348
-0.627208
-0.455054
-0.641775
-0.382612
-0.481032
-0.581997
-0.332044
-0.859116
-0.391968
-0.343425
-0.916902
-0.600372
-0.251387
-0.462063
-0.389087
-0.614792
-0.212193
-0.742868
-0.0131916
-0.325015
-0.668919
-0.286355
0.0604816
-0.470572
-0.542849
-0.513925
-0.501822
-0.503283
-0.587949
-0.458178
-0.608279
-0.562496
-0.328775
-0.588178
-0.551933
-0.472351
-0.229351
-0.407865
-0.903971
-0.489553
-0.466645
-0.543932
-0.717079
-0.232328
-0.928781
-0.0595551
-0.561956
-0.683807
-0.417168
-0.734364
-0.906064
-0.567653
-0.184795
-0.154964
-0.333325
-0.771396
-0.174673
-0.427968
-0.752711
-0.233087
-0.745918
-0.330013
-0.472655
-0.251646
-0.250216
-0.675008
-0.535087
-0.830259
-0.470627
-1.03265
-0.509479
-0.366152
-0.503718
-0.276229
-0.565851
-0.39997
-0.352327
-0.644821
-0.182346
-0.323156
-0.409708
-0.35172
-0.575848
-0.326733
-0.536499
-0.573622
-0.59501
-0.982023
-0.629372
-0.492256
-0.783002
-0.209297
-0.368903
-0.394419
-0.488675
-0.490313
-0.425893
-0.324208
-0.374879
-0.556555
-0.641511
-0.455349
-0.605034
-0.594745
-0.500459
-0.538128
-0.548651
-0.80129
-0.421571
-0.686042
-0.646077
-0.69066
-0.704635
-0.385504
-0.301639
-0.465781
-0.791155
-0.645338
-0.0212121
-0.225687
-0.668699
-0.837394
-0.681695
-0.244174
-0.618057
-0.484284
-0.639775
-0.465829
-0.0915881
-0.564292
-0.679281
-0.83575
-0.270176
-0.431795
-0.492266
-0.214721
-0.931931
-0.605035
-0.201532
-0.584288
-0.61816
-0.543074
-0.429298
-0.360329
-0.644551
-0.521887
-0.673599
-0.626371
-0.50075
-0.547155
-0.546783
-0.377263
-0.258413
-0.234243
-0.0926277
-0.119156
-0.728818
-0.61809
-0.167007
-0.903243
-0.423285
-0.45728
0.0481746
-0.677243
-0.533426
-0.565215
-0.584029
-0.686601
-0.49775
-0.735341
-0.213919
-0.421795
-0.818618
-0.285711
-0.601534
-0.701728
-0.713084
-0.489605
-0.24729
-1.00326
-0.67358
-0.665613
-0.749967
-1.12531
-0.366153
-0.427347
-0.721491
-0.4235
-0.551002
-0.298632
-0.882782
-0.419239
-0.492555
-0.323533
-0.492825
-0.504742
-0.519781
-0.81457
-0.545676
-0.228507
0.0383896
-0.237265
-0.566107
-0.612422
-0.649285
-0.657126
-0.240062
-0.583167
-0.608074
-0.350493
-0.494248
-0.592587
-0.713221
-0.829796
-0.385859
-0.482589
-0.350894
-0.38469
-0.695524
-0.477256
-0.59369
-0.288562
-0.729945
-0.382596
-0.430906
-0.664351
-0.555461
-0.534024
-0.458145
-0.765648
-0.325964
-0.52136
-0.655702
-0.217284
-0.62556
-0.332031
-0.219311
-0.476914
-0.325909
-0.633365
-0.561312
-0.647318
-0.392525
-0.412796
-0.320571
-0.574971
-0.526739
-0.564977
-0.54474
-0.179893
-0.33339
-0.493528
-0.91355
-0.574083
-0.234447
-0.462274
-0.447857
-0.663417
-0.603072
-0.403364
-0.37722
-0.661879
-0.826835
-0.566019
-0.384585
-0.560379
-1.20078
-0.455605
-0.388621
-0.803799
-0.509185
-0.361352
-0.373892
-0.222597
-0.647648
-0.446646
-0.29827
-0.397783
-0.734183
-0.770874
-0.641986
-0.681832
-0.797892
-0.566485
-0.636152
-0.70206
-0.234255
-0.458653
-0.476728
-0.494414
-0.0486295
-0.635435
-0.236188
-0.544143
-0.429714
-0.682634
-0.534042
-0.410486
-0.797641
-0.367076
-0.450963
-0.631829
-0.410303
-0.0239266
-0.422657
-0.373406
-0.577955
-0.479928
-0.661934
-0.657681
-0.504039
-0.541721
-0.72044
-0.739047
-0.638948
-0.297749
-0.390856
-0.296756
-0.515662
-0.551413
-0.746992
