-1.02
-0.45663
-0.83653
-0.263054
-0.243133
-1.13963
-0.345682
-0.681161
-0.692762
-1.23856
-0.253395
-1.04876
-0.430281
0.257348
-0.593309
0.26295
-0.941293
-0.555953
-0.571175
-0.471722
-0.850273
-0.841586
-0.905892
-0.843336
0.108289
-0.469733
-1.19214
-0.753428
-0.696353
-0.671498
-1.1211
-0.0663173
-0.671753
-0.355425
-0.0318165
0.449781
-1.23148
-0.364065
-0.499924
-0.989392
-0.372472
0.0549884
-0.861924
-0.474203
-0.613537
-0.216803
-0.170624
-0.255425
-0.840064
-1.02348
-0.648767
-0.251606
-0.458779
-0.852248
-0.493628
-0.390342
-0.798431
-0.506641
-0.979472
-1.08017
-0.565432
-0.368586
-1.01089
-0.545873
-0.730283
-0.674832
-1.31201
-1.48816
-0.81376
-1.33892
-0.67173
-0.904402
-0.829059
-0.546066
-0.749475
-0.428949
-1.06508
-0.470827
-0.737363
-1.08165
-0.854891
-0.481428
-0.699922
-0.978303
-0.947411
-1.06127
-0.76316
-1.1122
-0.529564
-0.61496
-0.79064
-0.921953
-1.00862
-1.47764
-1.30243
-0.74976
0.365554
-0.805151
-0.909445
-0.544814
-0.438103
-0.260046
0.00210672
-1.03789
-0.95903
-1.43906
-0.643731
0.571171
-0.210036
-0.0475419
-1.03176
-0.910096
-0.798486
-0.89462
-0.717028
-0.672763
-0.831441
-0.369773
-0.656103
-0.452764
-1.60989
0.238997
-0.702342
-0.388315
-0.662094
-0.281088
0.0782919
-0.978971
-0.677256
-0.365491
-0.981506
-0.458073
-0.793669
-0.978644
-0.511957
0.235252
-0.942994
-0.617499
-0.14222
-0.586532
-0.501537
-0.785264
-0.935492
-0.859293
-0.582361
-0.809483
-1.31249
-0.683797
-0.577897
-0.639095
-1.06427
-0.552631
-0.296135
-0.547359
-1.59519
-0.904547
-0.487758
-0.45449
-0.268951
-0.766389
-0.974529
-0.0581893
-0.806391
-0.488282
-0.79802
-0.616519
-0.104846
-0.0808435
-0.78633
-0.504309
-0.762884
-0.26626
-1.22483
-0.941785
-0.248376
-0.775202
-0.360105
-0.770266
-0.0572434
-0.848885
-0.846016
-0.620256
-0.822092
-0.911711
-0.970497
-1.04337
-0.990337
-0.441706
-0.774558
-0.24512
-0.712109
-0.334821
-0.87872
0.392222
-0.441709
-0.988991
-0.524859
-0.989788
-0.81818
-0.610651
-0.594786
-0.258509
0.576402
-0.485524
-0.696771
-0.308874
-0.965375
-0.159923
-0.559376
-0.923896
-0.235909
-0.926699
-0.586554
-1.40139
-0.332408
0.368266
-1.12916
-0.885304
0.305904
-0.683264
-0.816277
0.263574
0.776187
-0.741632
-0.0739726
-0.491411
-0.380554
-0.572358
-0.672771
-1.03415
-0.313284
-1.06181
-0.696761
0.356309
-0.711933
-0.653659
-0.648213
-0.394294
-0.113225
-0.785727
-0.370686
-1.35263
-0.475938
-0.34177
-0.927056
-0.239761
-0.554594
-0.380852
-0.857872
-0.672758
-0.536657
0.085495
0.0732503
-0.862898
-1.08414
-0.47668
