0.831936
0.747993
0.385954
0.697583
1.1941
0.320929
0.0233113
0.668622
0.428744
1.27617
0.33046
1.22215
0.432907
1.17578
0.663678
0.506711
0.77869
0.347617
0.565369
0.601695
1.068
0.808374
0.558069
0.931727
0.0406786
0.552047
0.332807
0.21469
0.613132
0.729401
1.15064
0.678117
0.303192
0.35399
0.944082
0.250037
0.657701
0.721948
0.759672
0.664963
0.702134
1.16655
1.3439
0.354721
0.444988
0.530809
0.635066
0.743944
0.0798289
0.756913
0.772974
0.714579
0.536498
0.548978
0.893167
1.06178
0.867301
0.733585
0.826094
0.776434
0.8034
0.309497
0.886369
0.478513
0.215237
0.877994
0.674861
0.820549
0.711498
0.843898
0.481589
0.741992
0.528743
0.773972
0.911715
0.685982
0.704493
0.272334
0.564984
0.417621
0.789807
0.501637
0.740783
0.100188
1.21658
0.951756
0.782081
0.575116
0.321595
1.34232
0.793038
0.387317
0.91011
0.488516
0.649398
0.597911
0.757008
0.76063
0.605937
0.700373
1.0224
0.371361
0.83646
0.20462
0.389574
1.16295
0.570096
0.555332
0.762654
0.636985
1.24845
0.289495
1.18339
0.752078
1.21435
0.400557
0.776916
0.632276
0.887307
1.17934
1.03905
1.12907
0.586034
1.0991
0.902529
1.14542
1.03732
1.29006
0.618585
0.813023
0.974493
0.244259
0.551969
0.66462
0.697354
0.0350361
0.858874
0.78653
0.655121
0.526349
0.961231
0.589987
0.853515
1.15549
0.970288
0.728228
0.799201
0.9125
1.07342
0.632957
0.654583
0.909051
0.575976
1.03194
0.556672
0.580846
1.06369
1.12211
1.36228
0.462699
0.652308
0.932163
0.711704
0.630868
0.849595
0.267397
0.569365
1.53952
0.461742
0.743712
0.456018
0.665139
0.776075
1.14225
0.724952
0.491897
0.525862
0.664747
1.10902
1.10035
0.708868
0.753278
0.565597
0.252829
0.653115
0.722149
0.120284
1.09002
1.19476
0.271897
0.420016
0.536843
0.713389
0.994766
0.653867
0.628814
0.675238
0.740087
0.270235
0.896364
0.658922
0.786884
0.868234
0.753921
0.738805
0.589018
0.881505
0.431618
1.09202
1.4224
0.562065
0.828688
0.834445
0.816786
0.789804
0.529319
1.21758
1.31657
0.588002
1.06061
0.639134
0.548205
0.987472
0.615944
0.792513
0.790866
0.0448791
1.29526
0.512975
0.476966
0.940285
0.464894
-0.00955559
0.874677
0.950503
1.13498
1.13345
0.770657
0.649289
0.319892
0.549824
1.01059
0.682824
0.79864
0.47453
0.417572
0.651794
1.06483
1.22553
0.451172
0.832128
0.458664
0.580097
0.823259
1.01698
0.0677463
1.13941
0.742235
0.640799
0.374433
0.936454
1.11702
0.714453
0.134495
0.583398
0.714903
0.632662
1.32716
1.48275
0.639822
0.792059
1.03985
1.07903
0.110056
0.70065
0.552437
0.939546
0.916859
0.613681
0.620914
0.118953
0.247288
0.684177
0.610182
0.584609
0.874721
0.622379
0.53845
0.887895
1.07529
1.02215
0.715364
0.566913
0.788565
0.701777
0.995338
0.547693
0.736761
1.3445
0.954564
1.12327
1.08941
0.652625
0.738294
0.694042
0.277042
0.614726
0.452869
0.995255
0.460786
0.696407
0.377139
0.983574
0.709095
0.235644
0.284874
1.39787
0.742247
0.742868
0.564252
0.400874
0.651981
1.00156
0.757559
1.15869
0.541804
0.718298
0.741223
0.435662
0.0666647
0.2193
0.509498
1.35958
0.460277
1.0383
0.161694
0.720475
0.658648
0.299984
1.64564
0.401793
0.531675
0.109759
0.628614
0.54402
0.797669
0.465995
0.405194
0.556984
0.512842
0.670115
0.792396
0.851933
0.938728
0.706207
0.695121
0.784096
0.667542
0.665549
0.405013
1.02237
1.00759
0.688249
0.872555
0.395372
0.107524
0.380302
0.923752
0.59146
0.720201
1.27939
1.0881
0.674756
1.25206
0.880495
0.512197
0.76156
0.692673
0.690079
0.562877
0.759357
0.449009
0.574709
0.523193
0.70563
0.587962
0.742296
0.80377
0.410037
0.436849
0.788612
0.00957697
0.843273
0.740402
0.340241
0.341012
1.21465
0.668205
0.246738
0.722344
1.14734
0.394045
0.133588
1.06112
0.863475
0.408476
0.410589
0.966796
1.3382
0.783418
0.828945
0.694174
0.592643
0.799277
0.432647
0.716136
0.601111
0.215282
0.64224
1.34078
0.432499
0.728186
0.0482491
1.42065
0.299979
1.11952
0.925491
0.579256
0.855859
0.465931
1.1908
0.990682
1.04252
0.836152
0.81802
0.965326
1.4862
1.07
1.24249
0.699129
0.660652
0.542682
1.00048
0.425319
1.22648
1.04131
0.867337
0.459171
0.834216
0.638457
0.622219
0.869241
0.777827
0.749784
1.14517
0.863112
0.587896
0.622187
0.180813
0.0515221
0.456086
0.263263
0.507401
0.675599
0.846819
1.18607
0.578611
0.0591032
0.817748
0.744442
1.14692
0.547197
0.422686
0.7379
0.0719246
0.363663
0.502384
0.555557
0.152689
0.633111
0.665232
0.775941
0.812862
0.839001
1.11728
0.880151
0.616486
0.607965
0.414362
0.505323
0.973453
0.946248
0.0449352
1.56861
0.871018
0.787769
0.174831
0.350412
1.27727
1.18158
0.614131
0.57531
0.744753
0.741684
0.686532
0.186631
0.574984
0.686359
0.783049
0.771005
0.980652
0.492541
0.976059
0.778335
1.38148
0.744432
0.212657
1.24128
1.00283
1.01583
1.41162
0.838534
0.876162
0.947048
0.350304
0.956257
0.932775
1.03474
0.909847
0.41636
0.122586
0.621505
0.780915
0.235908
0.808035
0.485723
1.29977
0.324478
0.778073
1.04107
0.305322
0.61131
0.367786
0.910455
0.0993611
0.75481
0.891309
0.719971
0.560444
0.935106
0.457087
1.28427
0.515247
0.721893
0.512469
0.19259
0.798279
0.970381
0.768109
0.906329
1.49342
0.149261
1.27791
0.426831
0.638462
0.371495
0.47114
0.694192
0.513033
0.701313
0.770362
0.937778
0.246582
0.547244
0.619869
1.0666
0.878033
0.726875
0.411635
-0.0368792
0.429521
0.0624057
0.374608
0.523012
0.904934
0.189463
0.543866
0.61496
0.735808
1.05748
0.255385
0.800262
0.177933
0.950834
1.38651
1.07719
0.811874
0.623531
0.597262
0.857312
1.1206
0.776609
0.852837
1.05706
0.288488
0.128607
0.792066
0.478627
0.112292
0.830553
0.33556
1.23751
0.228499
0.153446
0.756131
0.754225
1.42217
0.32142
0.437024
0.73364
1.12069
1.05853
0.573404
0.853332
0.376831
0.578044
0.595658
0.788024
0.518509
1.07126
0.736387
1.16438
0.563407
0.439489
0.666025
1.15843
1.2637
0.499225
0.64548
0.474968
0.78438
0.243636
0.635807
0.48745
0.498056
0.862095
0.898645
0.672999
0.434521
0.105343
0.761756
0.678446
0.780549
0.701455
0.957212
1.05621
0.808124
0.573916
0.444469
0.620539
0.560483
0.635099
0.784763
0.697811
0.938651
0.962243
0.702226
1.12645
0.328066
0.635262
0.974103
0.988786
1.09693
0.712103
0.613164
1.30951
0.730886
0.246922
0.761215
0.491127
0.877971
0.659057
0.434348
0.697029
0.785353
0.613125
0.0399251
0.708616
0.666327
1.32144
0.778198
0.794856
0.609689
1.07201
0.240834
0.907816
0.670311
0.843199
1.06401
0.667454
0.454912
0.502827
1.25995
0.898196
0.709536
1.14634
0.377721
0.54284
0.642106
0.979388
0.803379
0.387403
0.335594
1.16752
1.03531
0.666064
0.952946
0.634738
0.844957
0.752968
0.786284
1.03765
0.677826
0.758484
1.26882
0.138457
0.130247
0.320656
1.1158
0.584792
0.399102
0.956073
0.238311
0.395812
0.563487
1.41294
0.856382
0.855976
0.874715
0.0783437
1.57011
0.889895
0.639901
1.05042
0.454583
0.736857
0.893755
0.976934
1.1748
0.457674
0.703368
0.458128
0.622844
0.602951
0.62957
1.20165
0.723063
0.748915
0.562712
0.467429
1.13374
0.610792
0.642165
0.625653
0.475242
0.71975
0.697723
0.903423
0.510136
0.780307
0.561249
0.547459
1.11783
0.759063
0.569186
0.794563
0.417112
0.508057
0.692052
0.273396
0.850779
1.03279
0.472642
0.73505
0.770635
1.31428
1.45735
0.785438
0.784335
1.18388
1.25827
0.658975
0.443557
0.223688
0.545896
0.455111
0.269452
0.290024
0.420486
0.864768
0.357288
0.737955
0.267535
0.607225
0.893971
1.09527
1.08804
0.861384
0.243458
0.905339
0.804027
0.491908
0.756998
1.23239
0.456975
1.29867
0.82757
0.759567
0.861905
0.717182
0.559218
0.0490968
0.735062
0.497833
1.43196
0.832715
0.659326
1.09212
0.475143
0.549737
1.11428
0.622783
0.838828
0.471977
0.993779
0.565768
0.426186
0.802245
0.981069
0.450581
0.805746
0.747275
0.648585
1.49401
1.0266
0.416867
1.22354
1.24513
0.413248
0.932795
0.645034
0.681414
0.84948
0.471654
0.680921
0.398006
0.673888
0.679569
0.28104
1.52628
0.592106
0.0991973
0.769025
0.72596
0.476287
1.2054
0.106725
0.563939
0.604334
0.676455
0.791756
0.722739
1.27888
0.481554
0.744674
1.09233
1.19331
1.0462
0.786967
0.274125
0.678675
0.80043
0.445635
0.302445
0.6925
0.628685
1.34015
1.13199
1.05068
0.297453
0.565808
0.700859
0.969481
1.01187
1.0669
0.608439
0.162099
0.973276
0.394164
0.636233
0.824494
0.273711
1.3239
1.37695
0.550538
1.1935
1.35077
1.00037
0.702314
0.22653
0.286722
0.713592
0.709395
0.615766
0.691916
0.559387
1.60841
0.49527
0.678809
1.42201
0.703838
1.54889
0.487811
0.196588
0.646904
0.8119
0.299448
0.479474
0.761223
0.698239
0.879982
0.524209
1.15042
0.102228
0.470926
0.954607
0.732649
0.782844
0.0922234
0.598664
0.746895
0.108748
1.21391
0.393885
0.544573
1.07131
0.539973
0.678249
0.607927
0.350931
0.852115
0.607583
0.799183
1.11383
1.19239
0.339138
0.405051
0.883022
0.55999
0.742851
1.13592
0.676893
0.134043
1.23039
0.492048
0.931485
0.404033
0.679495
0.262012
0.611714
0.901112
0.29376
0.620215
0.98751
0.797355
0.920259
0.686428
0.901438
0.455934
0.692866
0.378441
0.80704
1.23836
0.781604
0.898036
1.10466
0.700801
0.955699
0.559083
1.15734
0.773428
0.925206
0.710242
0.00216713
0.679861
0.841914
1.14604
0.606984
1.19602
0.679469
0.765266
0.734059
0.198373
0.75694
1.21146
1.22376
1.16719
0.828925
0.691625
0.880983
0.318866
0.942162
0.918365
0.466253
0.673551
1.12463
1.21427
0.328236
0.519131
0.585846
0.76861
0.839717
1.00402
1.08301
