-0.440859
-0.587586
-0.460008
-0.215587
-0.826681
-0.284258
0.0735271
-0.302473
-0.222285
-0.313545
0.169508
-0.893597
-0.505921
-0.398538
-0.560205
-0.364084
-0.471006
-0.0821242
-0.356591
-0.613347
-0.255777
-0.693294
-0.589326
-0.723982
0.055444
-0.218324
-0.193899
-0.302644
-0.37066
-0.915733
-0.940029
-0.280222
-0.105231
-0.260839
0.283339
-0.101714
-0.540441
-0.572944
-0.807105
-0.736989
-0.702513
-0.950041
-0.603016
-0.146089
-0.230577
-0.362146
-0.285446
-0.447325
0.135703
-1.17029
-0.467562
-0.466955
-0.485057
-0.681107
-0.64177
0.00174845
-0.562685
-0.589401
-0.808489
-0.296084
-0.259496
-0.231596
-0.128181
-0.570413
-0.0374623
-0.650114
-0.204083
-0.425697
-0.301802
-0.560804
-0.284399
-0.533947
-0.607293
-0.689096
-0.327498
-0.50982
-0.644506
-0.0849562
-0.743355
-0.175149
-0.534562
-0.238885
-0.268763
-0.0621967
-0.612117
-0.715288
-0.69587
-0.553912
-0.450452
-0.773329
-0.78537
-0.383389
-0.625762
-0.278944
-0.654436
-0.370308
-0.584469
-0.352428
-0.266813
-0.446769
-0.320814
-0.265008
-0.762367
-0.254241
-0.469744
-0.100539
-0.531782
-0.305852
-0.778976
-0.378828
-0.0410045
-0.164604
-0.54125
-0.546693
-0.160547
-0.136141
-0.590227
-0.769008
-0.842918
-0.2088
-0.664536
-0.276983
-0.33094
-0.819788
-0.589112
-0.768281
-0.692357
-0.402348
-0.426297
-1.05199
-0.293292
-0.240357
-0.379341
-0.48445
-0.817028
0.066364
-0.633057
-0.464219
-0.491278
-0.770455
-0.254313
-0.668603
-0.616358
-0.91834
-0.952787
-0.747384
-0.536111
-0.466945
-0.327641
-0.356921
-0.586929
-0.67664
-0.38006
-0.701742
-0.46504
-0.363236
-0.764812
-0.698399
-0.434061
-0.3069
-0.64594
-0.435446
-1.09758
-0.538637
-0.690439
-0.221082
-0.308537
-0.346724
-0.374732
-0.738536
-0.375641
-0.811761
-0.668188
-0.735152
-0.358903
-0.559843
-0.563673
-0.458994
-0.799295
-0.742486
-0.508585
-0.751653
-0.381871
-0.102206
-0.174963
-0.784647
-0.141454
-0.637805
-0.918425
-0.293842
-0.32806
-0.366349
-0.110829
-0.910904
-0.148819
-0.911572
-0.666646
-0.433641
-0.578057
-0.711977
-0.340342
-0.273082
-0.364304
-0.583264
-0.713473
-0.723696
-0.861523
-0.439345
-0.408241
-0.61894
-0.411532
-0.646131
-1.00707
-0.583748
-0.398227
-0.230485
-0.65936
-0.725691
-0.723715
-0.554296
-0.319467
-0.390743
-1.29015
-0.69035
-0.533358
-0.484835
0.0619485
-0.308181
-0.239781
-0.631293
-0.576187
-0.116453
0.0433679
-0.596257
-1.13757
-0.928776
-0.728287
-0.910505
-0.253784
-0.0498114
-0.55687
-0.649137
-0.712864
-0.159665
-0.284011
-0.119457
-0.177504
-0.792379
-0.673067
-0.400029
-0.455235
-0.401985
-0.480506
-0.669199
-0.475082
-0.0197613
-0.673923
-0.479339
-0.714534
-0.088818
-0.794555
-0.267639
-0.483093
-0.0875494
-0.580524
-0.421026
-0.380943
-0.670374
-0.681802
-0.594754
-0.588324
-0.777406
-0.0900087
-0.0649468
-0.630696
-0.751559
-0.990993
-0.782815
-0.331735
-0.468207
-0.0873238
-0.220636
-0.866
-0.39444
-0.580707
-0.675691
-0.562605
-0.565168
-0.534189
-0.305191
-0.915711
-0.6981
-0.575092
-0.488659
-0.357094
-0.110588
-0.191268
-0.590806
-1.19598
-0.777158
-0.720462
-0.830413
-0.40895
-0.942893
-0.634184
-0.145317
-0.379671
-0.342283
-0.538801
-0.34276
-0.521695
-0.294297
-0.411137
-0.694456
-0.348037
-0.300627
-0.481321
-0.465143
-0.616692
-0.562031
-0.302656
-0.468141
-0.684455
-0.361614
-0.513565
-0.533613
-0.478485
-0.559124
-0.511357
0.00646171
-0.155429
-0.250857
-0.679659
-0.128038
-0.48172
-0.0544388
-0.500163
-0.254593
-0.0243057
-0.902895
-0.444303
-0.509024
-0.108746
-0.369066
-0.290671
-0.53475
-0.234269
-0.163323
-0.391351
-0.187902
-0.257502
-0.257956
-0.607085
-0.628717
-0.303406
-0.0809293
-0.479303
-0.657228
-0.199799
-0.605511
0.33275
-0.814582
-0.201068
-0.387315
-0.53208
-0.191444
-0.117127
-0.171059
-0.632795
-0.397921
-0.67952
-0.131871
-0.31289
-0.458655
-0.341667
-0.838634
-0.460617
-0.401434
-0.427964
-0.42192
-1.01871
-0.578332
-0.242583
-0.367816
-0.485827
-0.29674
-0.719715
-0.569203
-0.33398
-0.210012
-0.594499
0.0250831
-0.932883
-0.470886
-0.363015
-0.173017
-0.49271
-0.705972
0.0594448
-0.750344
-0.0123183
-0.412525
-0.172557
-0.557057
-0.249216
-0.149168
-0.456652
-0.694497
-0.936548
-0.34235
-0.346272
-0.448511
-0.677854
-0.699441
-0.472097
-0.592045
-0.244164
-0.209728
-0.515818
-1.362
-0.546337
-0.471641
0.0514241
-0.796276
-0.240948
0.117427
-0.743451
-0.975007
-0.811589
-0.223801
-0.873061
-0.317228
-1.15477
-0.539241
-0.567346
-0.555324
-0.13899
-0.551191
-0.281283
-0.307727
-0.309216
-0.632125
-0.517473
-0.553216
-1.16206
-0.979135
-0.51817
-0.196291
-0.589336
-0.11408
-0.330574
-0.548609
-0.411923
-0.252948
-0.472501
-0.803346
-0.478349
-0.191465
-0.254346
0.00413822
-0.289749
-0.177968
-0.314612
-0.427739
-0.946094
-0.880413
-0.491651
0.0379644
-0.558878
-0.558634
-0.6331
-0.588346
-0.417819
-0.506075
0.00983488
-0.322969
-0.450663
-0.146808
-0.060268
-0.248644
-0.585286
-0.45603
-0.448101
-0.729014
-0.64106
-0.512652
-0.9996
-0.31387
-0.186012
-0.283389
-0.859028
-1.20957
0.107201
-0.961658
-0.0317815
-0.748167
-0.108085
-0.493787
-0.647187
-0.913858
-0.392429
-0.384911
-0.329073
-0.603394
-0.248973
-0.323851
-0.602335
-0.504898
-0.519696
-0.574249
-0.851548
-0.0859071
-0.919239
-0.396532
-0.0188237
-0.530002
-0.222498
-0.681068
-0.444214
-0.217688
-0.339889
-0.523988
-0.493175
-0.758321
-0.167546
-0.335285
-0.654286
-0.657472
-0.532347
-0.282455
-0.0237906
-0.407643
-0.337868
-0.165435
-0.539355
-0.417813
-0.547879
-0.124207
-0.419738
-0.836139
-0.247921
-0.359616
-0.371518
-0.221963
0.00499321
-0.309271
-0.26466
-0.292174
-0.464641
-0.357714
-0.444273
-1.01216
-0.867743
-0.427637
-0.266719
0.0260898
-0.451271
-0.34992
-0.60988
-0.386874
-0.633181
-0.00341089
-0.633359
-0.480642
-0.524928
-0.616921
-0.801287
-0.65667
-0.240248
-0.621927
-0.404175
-0.51909
0.161223
-0.366322
-0.599797
-0.223982
-0.861575
-0.678447
-0.36609
0.0210117
-0.526529
-0.0513705
-0.400132
-0.599407
-0.58611
-0.0597112
-0.177564
-0.917822
-0.459742
-0.625757
-0.0521629
-0.572842
-0.000822167
-0.596375
-0.788411
-0.629207
-0.33697
-0.415917
-0.233578
-0.279868
-0.583982
-0.583963
-1.02015
-0.716237
-0.21921
-0.0120983
-0.707768
-0.520349
-0.00261055
-0.67258
-0.196017
-1.01697
-0.129491
-0.212258
-0.455368
-0.564129
-0.737049
-0.368547
-0.612007
-0.803689
-0.325605
-0.380074
-0.400915
-0.621729
-0.255611
-0.664215
-0.526124
-0.502389
-0.441257
-0.0221049
-0.643223
-0.100611
-0.429416
-0.224125
-0.125237
-0.0558491
-0.902865
-0.235255
-0.465296
-0.0809584
-0.72944
-0.223768
-0.258166
-0.706688
-0.332126
-0.638056
-0.600667
-0.669043
-0.471312
-0.0161049
-0.632356
-0.0441848
-0.539591
-0.487539
-0.647318
-0.688621
-0.715091
-0.641419
-0.584603
-0.875583
-0.285285
-0.393441
-0.886787
-0.613077
-0.755436
-0.276456
-0.5107
-0.693241
-0.1907
-0.515182
-0.926218
-0.302317
-0.0559309
-0.446293
-0.413619
-0.705824
-0.903528
-0.104426
-0.370914
-0.353613
-0.842004
-0.56578
-0.308062
-0.529394
-0.302144
-0.336269
0.038638
-0.760021
-0.299219
-0.125091
-0.587433
-0.441343
-0.575243
-0.603675
-0.106897
-0.210124
-0.297467
-0.593087
-0.603914
-0.662975
-0.201149
-0.479667
-0.82778
-0.44758
-0.325955
-0.615814
-0.182056
-0.554612
-0.450399
-0.629951
-0.612461
-0.359118
-0.134291
-0.948143
-1.08864
-0.391805
-0.382776
-0.577537
-0.697865
-0.239333
-0.737739
-0.450186
-0.529566
-0.388095
-0.391194
0.0193103
-0.0502662
-0.403793
-0.217125
-0.380388
-0.60125
-0.853746
-0.215301
-0.132731
-0.385842
-0.938376
-0.66706
-0.748085
-0.326147
0.0219947
-0.23339
-1.45954
-0.388684
-0.322918
-0.594518
-0.76488
-0.7696
-0.563477
-1.03971
-0.497783
-0.468659
-0.425422
-0.421991
-0.464707
-0.396327
-0.603514
-0.241877
-0.53514
-0.213178
-0.216841
-0.635957
-0.537833
-0.440167
-0.573999
-0.227671
-0.436302
-0.468322
0.126381
-0.299541
-0.851542
-0.322237
-0.416975
-0.645422
-0.434154
-0.301089
-0.527862
-0.114716
-0.580229
-0.593633
-0.107159
-0.541445
-0.312922
-0.280766
-0.883737
-0.520034
-0.897069
-0.46209
-0.633116
-0.373197
-0.779921
-1.07937
-0.422225
-0.299412
-0.600063
-0.56251
-0.160756
-0.0441108
-0.161853
-0.246974
-0.923555
-0.122741
-0.512574
-0.365836
-0.499702
-0.474255
-0.265332
-0.258633
-0.835261
-0.521306
-0.607351
-0.639524
-0.322834
-0.614166
-0.866945
-0.268134
-0.627052
-0.509971
-0.46486
-0.3594
-0.545479
-0.613561
-0.00726272
-0.284535
-0.423697
-0.676305
-0.669155
-0.222645
-0.108759
-0.25214
-0.544751
-0.696751
-0.399206
-0.170995
-0.557446
-1.48374
-0.14136
-0.2707
-0.595991
-0.512581
-0.747254
-0.664207
-0.622962
-0.405668
-0.790418
-0.787821
-0.381769
-0.191235
-0.582612
-0.271942
-1.21517
-0.572584
-0.593206
-0.58383
-0.269172
-0.506852
-0.246803
-0.602068
-0.293751
-0.322578
-0.610298
-0.458408
-0.0789579
-0.504464
-0.429113
-0.261198
-0.554061
-0.189982
-0.444066
-0.459869
-0.180424
-0.149664
-0.516793
-0.313319
-0.22453
-0.75049
-0.811088
-0.430097
-0.101257
-0.876946
-0.467224
-0.549964
-0.409326
-0.74125
-0.409511
-0.565836
-0.527988
-1.40584
-0.591423
-0.660453
-0.518534
-0.272283
-0.344479
-0.458713
-0.856109
-0.738505
-0.412529
-0.0226483
-0.592467
-0.261527
-0.406081
-0.470187
-0.420966
-0.165243
-0.815357
-0.515714
-0.64072
-0.744425
-0.713407
-0.854905
-0.0163498
-0.164567
-0.908569
-0.424805
-0.371891
-0.465891
-0.874507
-0.688038
-0.275021
-0.582531
-0.186188
-0.622461
-0.359932
-0.577293
-0.257861
-0.0477765
-0.977689
-0.205596
-0.470195
-1.07182
-0.497581
-0.175668
-0.379817
-0.457325
-0.0650509
-0.219084
-0.753536
-0.341743
-0.207957
-0.0650244
-0.284639
-0.374563
-0.0545017
-0.493436
-0.242952
-0.746452
-0.455312
-0.792208
-0.192233
-0.45274
-0.120624
-0.463121
-0.513773
-0.0298492
-0.565051
-0.968096
-0.632801
-0.368137
-0.580248
-0.319215
-0.38896
-0.429951
-0.701444
-0.120555
-0.534087
-0.488186
-0.861446
-0.476954
-0.366581
-0.250572
-0.59449
-0.666479
-0.255393
-0.578176
-0.479006
-0.373442
-0.393608
-0.506058
-0.700041
-0.313805
-0.595779
-0.332647
-0.775864
-0.33156
-0.631454
-0.548255
0.344467
-0.507609
-1.1234
-0.613979
-0.54274
-0.456454
-0.481467
-0.460027
0.0340036
-0.618767
-0.126869
-0.549168
-0.34544
-0.342729
-0.244622
-0.627648
-0.377854
-0.293226
-0.638238
-0.850303
-0.499086
-0.507098
-0.408516
-0.377503
-0.497056
-0.0902581
-0.481422
-0.65884
-0.155394
-0.213555
-0.929125
-0.992822
-0.0948924
-0.528412
-0.678295
-0.307773
-0.555921
-0.508993
-0.589598
