1.08726
0.774769
0.905908
0.717449
0.821621
1.1686
0.83194
0.834621
1.01392
1.12704
0.731964
1.06365
0.946742
0.591043
0.83538
0.660263
1.17145
0.891341
1.1693
0.903144
0.981262
1.11444
1.08347
0.904062
0.709815
0.902629
1.20856
0.981058
0.914507
0.942466
0.971876
0.70098
1.02925
0.790259
0.780894
0.5451
0.918138
0.817916
0.95515
1.15493
0.894065
0.632702
1.93918
1.00179
0.987698
0.782225
0.778254
0.772918
1.17953
1.15085
0.930229
0.8444
1.0028
1.05608
0.901643
0.925899
1.12102
0.880496
0.986103
1.05949
0.820746
0.813347
0.966496
0.931136
0.994274
1.26906
1.19182
1.6106
1.01905
1.37195
1.05398
1.11446
1.05099
0.869285
1.09418
0.827507
1.52319
1.05812
0.79041
1.12501
1.01813
0.961888
0.942474
1.09842
1.16208
0.988278
1.0104
1.16743
1.02868
0.985762
0.988022
1.21679
1.21959
1.11094
0.895164
1.11738
0.653258
0.917507
0.916722
0.809483
0.983048
0.810889
0.712372
1.06562
1.06119
1.27293
0.79456
0.539707
0.834991
0.644579
0.948155
0.864864
1.05803
1.09819
1.03332
0.990769
1.08761
0.871437
0.874539
0.852332
1.24795
0.582325
1.02885
0.728614
0.835717
0.879522
0.657368
0.970628
0.963931
0.848911
1.21303
1.15408
1.07514
1.21258
0.830229
0.744542
1.16323
1.04766
0.786922
0.992831
0.874075
0.969798
1.06922
1.12993
0.834137
0.874112
1.01029
0.939114
0.945265
1.00542
0.990755
0.870574
0.89395
0.842073
1.05753
0.99046
0.782382
0.889288
0.904618
1.01237
1.14117
0.598728
1.01411
0.870393
1.30175
0.984875
0.759244
0.713367
0.826853
0.798226
0.855415
0.84411
1.18589
1.06626
0.821892
0.923302
0.751589
0.857977
0.719265
1.0363
0.889955
0.9844
1.10064
1.03038
1.23442
1.16033
1.44195
0.859138
1.10871
0.738702
0.914977
0.869052
1.06193
0.677805
0.875934
1.1278
1.01799
1.05309
0.819773
0.997483
0.865087
0.826407
0.629166
0.877954
0.910264
0.723083
1.18972
0.629428
0.931
0.98636
0.720439
1.17297
0.812148
1.4716
0.750915
0.614918
1.10702
1.22756
0.622734
0.907548
1.0563
0.609026
0.529279
0.917276
0.70567
0.801241
0.954751
0.920089
0.988758
1.17542
0.803469
1.10783
0.981595
0.578675
0.95741
0.840254
0.868665
0.929301
0.729686
0.811075
0.858398
1.21824
0.880115
0.890923
0.784716
0.91848
0.952
0.926351
1.28221
0.845051
1.00746
0.637484
0.687864
1.13253
1.17781
1.00557
