0.714904
0.87524
0.61162
0.997512
0.848211
1.03132
0.735478
0.840082
1.00032
0.825776
0.745572
0.853388
0.847138
1.1705
0.876301
0.936966
0.661091
0.789703
0.934877
0.94341
0.64839
0.942763
0.950736
0.926619
0.928067
0.915507
1.14985
1.09325
0.8491
0.541694
0.96446
0.962032
0.558794
0.593857
0.678742
1.10543
0.707701
0.994654
0.745049
0.76588
0.8095
0.449365
0.884849
0.804301
1.06773
0.775831
0.965069
0.895794
0.809784
0.866386
0.922411
0.865177
0.742525
0.852266
0.937017
0.93852
0.936027
0.769537
0.924919
0.785583
0.919927
0.826238
0.814381
0.879021
0.886399
1.04974
0.926572
0.843057
0.690396
0.632233
0.588806
1.12869
0.495026
0.675185
0.70097
0.989461
1.093
0.696675
0.976686
1.10126
0.972295
0.857387
0.788681
0.851233
0.938238
0.864756
0.992001
0.84119
0.924348
0.871547
0.948232
0.990441
0.961649
0.911155
1.08839
1.03022
0.79847
0.926189
0.453535
1.02744
0.800143
0.543012
0.777883
0.850003
0.71649
0.869873
0.716315
1.03396
0.791589
0.922841
0.689706
0.859415
0.968715
0.898875
0.766078
0.928561
0.927932
1.04471
1.00261
1.04077
0.881703
0.816809
0.821811
0.803813
0.940003
0.974783
0.870114
1.16695
1.28272
0.72286
0.988818
0.588252
0.86552
0.850352
0.950273
0.963353
1.35137
0.872253
0.822057
0.63066
1.10266
0.822744
0.722024
0.925258
0.796174
1.35273
0.860415
1.046
1.0153
0.600584
0.802261
0.740214
0.981363
1.0194
0.849311
0.547286
0.923266
0.759731
0.923161
0.611466
0.864271
0.929324
0.805896
0.913147
0.816625
0.767323
0.794897
0.768524
0.908471
0.706521
1.04154
0.597806
0.573838
1.00916
0.893771
0.566267
0.899495
1.34505
0.802697
0.725591
0.893689
0.778627
0.629396
0.963862
0.717485
0.920817
0.842362
0.834363
1.10135
0.86661
0.844817
0.937883
0.656581
0.832399
0.866959
1.01853
0.515636
0.863583
0.924652
0.808277
0.958311
0.867212
0.752305
0.72125
0.916584
0.924632
0.777885
0.703315
0.841033
0.647301
0.845994
0.709324
0.80016
0.968215
0.849584
0.495943
0.748789
0.846065
0.828168
0.994034
0.911872
0.890725
0.771834
0.807152
0.759538
0.831394
0.829261
0.859047
0.49141
0.912927
0.87802
0.442233
0.889834
0.950541
0.749306
0.85333
0.757051
0.766141
0.551355
0.891729
0.996503
0.957879
0.925605
0.718047
0.890582
1.02591
0.603592
1.09257
0.674437
0.989518
0.920365
0.777366
0.861589
0.886762
0.79233
0.814651
