-0.323086
-0.463225
0.198133
-1.34223
-0.725889
-1.52403
-0.241415
-0.430973
-0.933588
-0.725683
-0.316848
-0.561634
-0.812914
-1.35169
-0.827112
-1.11349
-0.126049
-0.409415
-1.02583
-0.812417
-0.143225
-0.829899
-1.08303
-0.815697
-0.911043
-0.99728
-1.44313
-1.21506
-0.552681
0.335506
-0.782574
-0.829352
0.114998
0.082306
-0.101328
-1.30447
-0.134716
-1.29749
-0.27327
-0.541126
-0.527227
0.433449
-0.867647
-0.471979
-2.32164
-0.420251
-1.23844
-0.623944
-0.644665
-1.09483
-0.858416
-0.820064
-0.303902
-0.997278
-1.15551
-0.775337
-1.08277
-0.763051
-0.95135
-0.398838
-1.04237
-0.667908
-0.80453
-0.992868
-0.882126
-0.773232
-0.864488
-0.961342
-0.123624
-0.162178
-0.0321856
-1.6681
0.405144
-0.265815
-0.163704
-0.874455
-1.41037
-0.286289
-0.720779
-1.73547
-0.912696
-1.13524
-0.365366
-0.861446
-0.983097
-0.602545
-1.31522
-1.05959
-1.15671
-1.12805
-0.906783
-1.10475
-1.35596
-1.14697
-1.56118
-1.029
-0.65897
-1.04655
0.408943
-1.00363
-0.548302
0.15233
-0.502972
-0.823735
-0.291915
-0.929285
-0.410319
-1.21675
-0.880838
-0.611528
-0.342733
-1.00476
-1.14686
-0.824745
-0.532832
-0.969049
-0.863673
-1.64717
-1.08259
-1.64999
-1.11182
-0.716096
-0.291942
-0.868445
-1.00909
-0.923726
-0.846116
-1.43611
-1.4708
-0.495854
-0.902361
0.00353835
-0.806172
-0.628437
-0.940227
-1.17878
-2.0222
-0.804915
-0.742576
0.0484461
-1.20616
-0.839412
-0.186438
-0.788803
-0.188348
-1.07393
-0.722082
-1.43492
-0.664249
-0.0832201
-0.610881
-0.330327
-0.946635
-1.10035
-0.415775
0.105249
-0.665187
-0.536531
-0.857424
-0.0323152
-0.860176
-0.891136
-0.873401
-0.966005
-0.902701
-0.377268
-0.473616
-0.598521
-1.10516
-0.413102
-1.27537
0.150633
0.115921
-0.934007
-1.18023
-0.0866332
-0.815746
-1.71455
-0.489082
-0.385815
-0.652755
-0.762461
0.0401335
-0.972432
-0.559682
-0.667774
-0.643497
-0.574352
-1.21187
-0.990607
-0.542012
-1.0254
-0.186065
-0.408638
-0.728368
-1.16618
0.48625
-0.59567
-0.852098
-0.60515
-0.871034
-0.799501
-0.289512
-0.434438
-0.825148
-0.958997
-0.232546
-0.476345
-0.803326
-0.244092
-0.728535
-0.269966
-0.490352
-1.23104
-0.986448
0.361981
-0.337215
-0.839287
-0.801828
-1.46513
-0.770558
-1.06732
-0.421885
-0.616922
-0.377941
-0.286896
-0.67859
-0.469348
0.375657
-0.638069
-1.02053
0.509086
-0.915672
-1.18419
-0.372447
-0.835417
-0.592393
-0.365577
0.290983
-1.20479
-1.11545
-0.995719
-1.3328
-0.203024
-0.567935
-1.01875
-0.0503909
-1.25464
-0.151469
-1.09124
-0.605192
-0.326321
-0.800107
-0.836456
-0.513811
-0.403157
