1.13256
0.570058
0.487144
1.0585
1.16269
0.6867
0.992342
0.868743
0.837576
0.941729
1.01323
0.76525
0.914216
0.899858
1.17892
0.829292
0.738675
0.944386
1.26353
0.820051
0.940217
0.886798
0.812894
0.977821
0.750571
0.828848
0.819429
0.810905
0.793318
0.797298
0.767134
0.922698
0.769181
1.12816
0.892638
0.890134
1.00723
1.0746
0.928856
1.03202
1.09195
0.888844
0.971476
1.0898
0.753965
0.86905
0.892067
0.78114
0.888461
0.990944
0.898684
0.747583
1.1554
0.969594
1.08498
1.2863
1.02087
0.749233
0.897667
0.982402
0.776954
0.957707
0.652331
0.840361
0.995836
1.19641
0.845706
0.825153
0.961454
0.914022
0.849707
0.974241
0.904689
0.92136
0.993723
0.880791
0.926596
1.02745
1.01058
1.05363
0.869243
0.643824
0.813178
0.994178
1.23663
0.889671
1.08565
0.986981
1.06622
1.02761
1.01521
1.01748
0.951125
1.01886
0.850263
0.631781
0.863458
0.886611
0.854348
0.920174
0.941931
1.02357
0.985381
0.851367
0.949063
0.814814
0.977851
0.982028
0.957918
0.911584
0.876928
0.962387
0.964667
0.804673
0.893588
0.837628
0.864681
0.952614
0.876061
0.946285
0.801452
0.826722
0.475659
1.15261
1.03452
0.907758
0.731505
0.890505
0.858712
0.893351
1.4458
0.904247
0.680624
0.835354
0.801503
0.828367
1.02851
0.86158
1.05758
0.828658
0.925756
1.05384
0.938212
0.900009
0.467768
0.867067
0.909574
0.888607
0.996112
0.721339
0.781373
1.04719
0.640143
0.886691
0.922317
0.535689
0.950282
0.739159
1.03483
0.45753
0.998327
0.938295
0.835484
0.539886
0.894281
0.466904
0.857152
0.495727
0.935139
0.924524
0.984812
1.10992
0.957028
0.963836
0.462844
0.563391
1.07436
0.850984
1.03651
1.14217
1.01163
0.829974
0.975095
0.977261
0.971053
0.85221
0.889626
0.504579
1.09849
1.03861
0.76441
0.895533
0.963885
0.850626
0.581177
0.941372
0.908541
0.645691
1.02331
1.06301
1.03237
0.823652
0.992271
1.04988
0.923131
0.905982
0.438297
1.36367
1.24591
0.909213
0.853327
0.740887
0.707341
1.0591
0.604117
0.722104
0.88176
1.17022
0.779992
1.12399
1.02789
1.1391
0.868763
0.75656
0.984694
1.02311
0.593178
0.880558
1.08127
0.939208
1.1524
0.535766
1.06088
1.06245
0.812639
0.872959
0.875499
1.16368
0.799389
0.951055
0.94612
0.617394
0.862895
0.929251
1.04944
1.03613
0.914745
0.929234
0.713784
0.886133
0.848288
0.885937
0.884218
1.09535
1.00703
0.944004
