-1.20035
0.0187607
0.134913
-1.18686
-1.48254
-0.269016
-1.06458
-1.09685
-0.561565
-0.977276
-1.54908
-0.593961
-0.781628
-0.75992
-1.50381
-0.440285
-0.162925
-0.934938
-2.10349
-0.697853
-0.922158
-0.745263
-0.750494
-1.25875
-0.60204
-0.691183
-0.406775
-0.69214
-0.757317
-0.800676
-0.642704
-1.13092
-0.479435
-1.36684
-0.877428
-0.953004
-1.4983
-1.18974
-1.21112
-0.89879
-1.12856
-1.20386
-0.988355
-1.30508
-0.462964
-0.965232
-1.00301
-0.556508
-0.714032
-0.963011
-0.99298
-0.378758
-1.8901
-1.13074
-1.33562
-2.03797
-1.21205
-0.224458
-0.803893
-1.18507
-0.873594
-1.29576
-0.387297
-0.684759
-1.00639
-1.56634
-0.733424
-0.849315
-0.711713
-0.899312
-0.717563
-0.97512
-0.788036
-0.992011
-0.948045
-0.54826
-0.709335
-1.05949
-1.44903
-1.17141
-0.659063
-0.1964
-0.654509
-1.25818
-1.82327
-1.05821
-1.37052
-1.10099
-1.46484
-0.997292
-1.12911
-1.38684
-1.07053
-0.668031
-0.765781
-0.0733087
-0.838948
-0.956526
-0.846846
-1.14013
-0.83691
-1.29208
-0.942344
-0.805785
-1.11245
-0.889694
-1.1114
-1.08715
-1.18634
-0.840017
-0.981159
-1.54143
-1.12336
-0.902253
-0.85573
-0.989699
-0.4195
-0.849148
-0.829236
-1.09236
-0.785189
-0.623138
0.0420286
-1.57204
-1.48231
-0.946088
-0.263502
-0.768077
-0.994453
-0.839737
-2.5108
-0.859136
-0.163399
-0.805373
-0.929939
-0.588121
-1.26637
-0.781744
-1.3048
-0.729861
-1.1074
-1.33029
-1.05434
-0.986619
0.188734
-0.741048
-0.816655
-0.937444
-1.11913
-0.629901
-0.879806
-1.53083
-0.0613122
-0.500903
-0.767696
0.0207362
-1.13252
-0.388974
-1.20414
0.290233
-1.46222
-1.35847
-0.82542
0.094684
-0.959323
0.250404
-0.916257
0.487532
-1.14042
-1.05298
-1.15228
-1.85321
-1.14908
-1.27557
0.306209
0.147383
-1.73223
-0.777355
-1.47269
-1.66893
-1.17019
-0.764888
-1.33972
-1.02353
-1.26967
-0.811646
-0.812532
0.208693
-1.37001
-1.37617
-0.806271
-0.857536
-1.06127
-0.631307
-0.188879
-0.892484
-0.995468
-0.0205742
-1.14741
-1.4866
-1.40679
-0.84852
-0.999369
-1.2831
-1.0347
-1.06064
0.556748
-2.14925
-1.96839
-1.17621
-0.83466
-0.564304
-0.256975
-1.21655
0.0476482
-0.689133
-0.999078
-1.81734
-0.474118
-1.30015
-0.835453
-1.38421
-0.948433
-0.309063
-1.25002
-1.2799
-0.136122
-0.989843
-1.72834
-0.938505
-0.75122
-0.000702075
-0.932699
-0.987103
-0.735872
-0.829021
-1.13453
-1.28366
-0.712032
-1.18414
-1.20608
-0.190666
-0.788456
-1.01112
-1.25209
-1.43838
-1.11748
-0.60031
-0.461332
-0.960715
-0.864104
-1.14031
-0.94258
-1.44684
-1.24768
-1.16993
