0.705297
0.650596
1.16372
0.735325
0.823124
1.08462
1.01463
0.766494
0.884883
1.60775
1.07225
1.09411
1.36919
0.916106
1.22882
1.00055
0.976518
1.22632
0.857817
0.825993
1.26618
0.981391
1.17351
0.82911
1.01241
0.863268
0.900071
1.16419
1.06792
0.783628
1.12987
0.952699
0.972964
1.02841
1.21452
1.14697
0.730208
1.08202
1.02693
1.07048
1.2521
1.38269
0.854442
0.849862
1.1389
1.16692
1.22753
0.99901
0.971033
1.10287
1.00795
1.01048
1.09307
0.930777
1.22621
1.06424
0.824128
0.824031
1.44766
0.978143
0.977123
0.890542
1.04924
0.779012
0.955643
0.885231
0.94191
0.893405
0.93025
0.741597
1.03483
1.49256
0.942858
0.937688
1.14769
0.914569
0.910792
0.853414
1.27335
0.808496
0.830336
0.882614
0.687446
1.02481
1.12055
0.701734
0.854733
0.898504
0.938801
0.997476
0.90944
0.856993
0.978406
0.858144
1.40446
0.897309
1.06214
0.797391
1.02557
0.9089
1.16384
0.824899
1.05261
0.701362
0.941463
1.20292
0.894002
1.05657
1.04973
0.875137
1.01875
1.27794
0.858468
1.0106
1.10658
0.914216
1.09402
0.803546
1.01865
0.885224
0.840387
1.0328
0.910515
1.08248
1.24351
0.881957
1.09591
1.44906
1.03904
0.922431
1.01299
1.23684
0.955406
0.834028
1.29371
1.19026
0.795133
0.76822
1.67787
0.99692
1.11265
1.03405
1.21393
0.833311
1.12194
0.941977
0.708305
1.10204
1.08854
1.4737
0.76865
0.767854
0.840844
0.769451
0.992123
0.963921
0.684482
1.08124
0.922325
0.980639
0.932419
0.751979
0.87214
0.816764
0.969527
0.854479
0.703266
0.97266
0.873001
1.06044
1.54939
0.973452
1.11577
1.04715
1.14809
1.00194
1.00497
1.18633
0.815556
1.03951
0.850672
0.917292
0.855151
1.17522
1.10364
1.19762
1.44727
0.778129
1.11898
0.753523
0.958124
1.35786
1.10552
0.958124
0.876693
0.939643
0.894884
0.875079
0.943138
0.926044
0.752066
1.07433
0.85135
0.995563
0.808717
1.55658
1.0254
1.53823
1.01614
1.34991
1.56525
0.902436
0.845846
0.88351
1.10255
1.0127
1.05048
1.03678
1.09404
0.822446
0.751954
1.03817
0.777712
0.854574
1.48772
0.892476
0.965984
1.07942
0.874118
0.879903
1.03189
0.828899
0.893301
0.990498
0.947201
0.735623
0.990144
0.795909
0.841987
1.10592
1.38154
0.914233
1.00571
1.01344
1.33008
0.988155
0.804914
1.1009
0.884557
0.946306
1.35389
0.937602
0.75594
1.13932
1.85809
1.24483
