-0.595678
-0.663385
-0.620166
-0.706945
-0.718068
-0.26127
-0.0765118
-0.519443
-0.37812
-0.747366
-0.0598416
-0.796276
-0.558964
-0.517488
-0.502091
-0.483839
-0.391919
-0.121953
-0.313518
-0.52567
-0.458209
-0.633819
-0.697403
-0.747632
-0.0481988
-0.369549
-0.392397
-0.42338
-0.543722
-0.68344
-0.735287
-0.202854
-0.210078
-0.508618
-0.0887888
-0.0842499
-0.244173
-0.384236
-0.708362
-0.525628
-0.295243
-1.007
-0.939456
-0.0710599
-0.386043
-0.555904
-0.357476
-0.393372
-0.0479847
-0.638373
-0.0889281
-0.519237
-0.725276
-0.824869
-0.756299
-0.38483
-0.524045
-0.388757
-0.276935
-0.244473
-0.406262
-0.291014
-0.257539
-0.511156
-0.0988931
-0.83593
-0.253733
-0.418666
-0.248949
-0.779925
-0.387918
-0.570332
-0.467175
-0.216631
-0.345816
-0.349901
-0.777717
-0.197145
-0.559377
-0.170916
-0.503584
-0.410163
-0.268302
-0.00678249
-0.606892
-0.713118
-0.678553
-0.711484
-0.772035
-0.64696
-0.673919
-0.576952
-0.653391
-0.364121
-0.739345
-0.45489
-0.631968
-0.415912
-0.276758
-0.271324
-0.118652
-0.241752
-0.333799
-0.682013
-0.699522
-0.486599
-0.199143
-0.134505
-0.580754
-0.743652
-0.176518
-0.0671567
-0.798563
-0.737767
-0.506909
-0.288581
-0.64252
-0.589731
-0.612862
-0.359376
-0.00477361
-0.54272
-0.149249
-0.360712
-0.577327
-0.701753
-0.833551
-0.906092
-0.339143
-0.545275
-0.356571
-0.520728
-0.034494
-0.49795
-0.586353
0.114892
-0.359705
-0.15503
-0.373347
-0.116852
-0.449229
-0.507394
-0.258064
-0.651131
-0.859445
-1.05445
-0.493519
-0.498031
-0.358089
-0.140171
-0.769018
-0.880285
-0.539114
-0.79403
-0.511201
-0.531072
0.176775
-0.847997
-0.714577
-0.191329
-0.733014
-0.564703
-0.239345
-0.614454
-0.658503
-0.480914
-0.415368
-1.01332
-0.478444
-0.745345
-0.277859
-0.902224
-0.688184
-0.714611
-0.425708
-0.520781
-0.301786
-0.196824
-0.766603
-1.00616
-0.640246
-0.707126
-0.436278
-0.306158
-0.0904606
-0.747625
-0.0288158
-0.753169
-1.09766
-0.183041
0.236906
-0.486424
-0.197752
-0.765098
-0.344525
-0.803646
-0.760114
-0.735666
-0.673389
-0.563849
-0.441558
-0.435368
-0.665435
-0.209031
-0.522487
-0.65023
-0.779143
-0.19515
-0.614007
-0.443438
-0.60322
-0.399365
-0.214889
-0.34226
-0.277907
-0.341893
-0.611653
-0.598451
-0.518025
-0.538315
-0.622739
-0.26111
-0.94527
-0.426986
-0.513716
-0.60105
-0.0965735
-0.565794
-0.355111
-0.704994
-0.682474
-0.211914
-0.101241
-0.487664
-0.393497
-0.928019
-0.647405
-0.626974
-0.381161
-0.0971421
-0.58961
-0.799834
-0.696299
-0.383386
-0.474743
0.139035
0.0742941
-0.632455
-0.720107
-0.412924
-0.525417
-0.557565
-0.449021
-0.885963
-0.567162
-0.0383017
-0.668819
-0.569587
-0.417151
-0.00374505
-0.411587
-0.247174
-0.718529
-0.286905
-0.624104
-0.390761
-0.473127
-0.56987
-0.609973
-0.566756
-0.610387
-0.434958
-0.502483
0.00286012
-0.00276673
-0.774112
-0.681992
-0.580254
-0.468699
-0.391985
0.168036
-0.350881
-0.632263
-0.405125
-0.535633
-0.540599
-0.657884
-0.153871
-0.641632
-0.635128
-0.702561
-0.282205
-0.618098
-0.61403
-0.495809
-0.361218
-0.286297
0.0546642
-0.947157
-0.573597
-0.787209
-0.756582
-0.36662
-0.561132
-0.305247
-0.182088
-0.346783
-0.496187
-0.737162
-0.340075
-0.0887828
-0.0498049
-0.689933
-0.118393
0.342813
-0.582722
-0.650101
-0.232741
-0.493071
-0.197586
-0.503932
-0.569218
-0.6093
-0.459484
-0.456341
-0.580644
-0.325459
-0.637962
-0.711077
0.0191064
-0.0489796
-0.521098
-0.599614
-0.261296
-0.227139
-0.118771
-0.553248
-0.340118
-0.150977
-0.906123
-0.402914
-0.387552
-0.475711
-0.412534
-0.389834
-0.424967
-0.465539
-0.410253
-0.203732
-0.450867
-0.368704
-0.46813
-0.673573
-0.741677
-0.440029
-0.114934
-0.39758
-0.609239
-0.0579835
-0.508686
-0.108023
-0.835922
-0.0582767
-0.45667
-0.720989
-0.288098
-0.268073
-0.35978
-0.66045
-0.578037
-0.748727
-0.271099
-0.267468
-0.595721
-0.274643
-0.596162
-0.543606
-0.404374
-0.28779
0.166584
-0.559515
-0.248453
-0.359171
-0.239687
-0.407766
-0.51073
-0.412679
-0.229249
-0.456882
-0.189868
-0.454361
-0.0903173
-0.709786
-0.475958
0.0831703
-0.218208
-0.601791
-0.486611
-0.0810658
-0.494539
-0.482386
-0.551923
-0.433064
-0.454022
-0.349989
-0.375638
-0.42329
-0.241277
-0.883038
-0.386418
-0.482887
-0.389946
-0.547359
-0.425232
-0.0878946
-0.65045
-0.0166831
-0.281548
-0.558845
-0.52354
-0.58949
-0.353626
0.00226171
-0.726233
-0.408881
-0.06635
-0.78541
-0.596795
-0.827341
-0.243407
-0.924762
-0.534465
-0.840087
-0.495848
-0.75617
-0.799863
-0.564712
-0.590512
-0.531945
-0.561419
-0.314371
-0.600497
-0.745314
0.0129597
-0.791603
-0.77068
-0.674107
-0.261257
-0.504516
-0.142265
-0.430477
-0.728105
-0.489467
-0.0216606
-0.242563
-0.590878
-0.396591
-0.271659
-0.350485
-0.111846
-0.0800141
-0.249728
0.014291
-0.442855
-0.80218
-0.72292
-0.57284
-0.0342953
-0.559467
-0.671759
-0.717779
-0.549352
-0.46213
-0.129708
-0.162322
-0.372273
-0.592794
-0.387039
-0.213068
-0.151325
-0.459408
-0.497603
-0.469948
-0.807314
-0.861652
-0.43214
-0.437874
-0.446407
-0.0251608
-0.0671929
-0.551308
-0.818241
0.146678
-0.94383
-0.409651
-0.76677
-0.139733
-0.549597
-0.844666
-0.857216
0.436225
-0.275986
-0.387117
-0.515773
-0.386894
-0.341253
-0.542507
-0.0277611
-0.358405
-0.529533
-0.525395
-0.121123
-0.773948
-0.59617
-0.480136
-0.593855
-0.429229
-0.783632
-0.550024
-0.552667
-0.380792
-0.334939
-0.548131
-0.559689
-0.304954
-0.658408
-0.579724
-0.670651
-0.452749
-0.386025
0.0283995
-0.402496
-0.4632
-0.11008
-0.629737
-0.379629
-0.65475
-0.00951829
-0.0527873
-0.935989
0.00362219
-0.605226
-0.612854
-0.145688
-0.113588
-0.393895
-0.368859
-0.325403
-0.701321
-0.412273
-0.445659
-0.986071
-0.681665
-0.54063
-0.273926
-0.103223
-0.591671
-0.42628
-0.469422
-0.733478
-0.628785
-0.0932313
-0.611057
-0.489673
-0.477814
0.0600373
-0.765463
-0.607761
0.207373
-0.825868
-0.459727
-0.555423
0.164284
-0.369374
-0.501918
-1.00847
-0.817198
-0.733333
-0.461744
0.246903
-0.517775
0.00134607
-0.417101
-0.174495
-0.574256
-0.32717
-0.228499
-0.417023
-0.086092
-0.716596
-0.176902
-0.394256
-0.147847
-0.515767
-0.493539
-0.73551
-0.257771
-0.43737
-0.309534
-0.749505
-0.595221
-0.630451
-1.05393
-0.67889
-0.125851
-0.0581248
-0.642065
-0.656373
-0.195304
-0.22426
-0.354178
-0.765267
-0.341721
0.00302692
-0.553726
-0.296201
-0.690901
-0.441378
-0.736816
-0.888679
-0.616951
-0.318125
-0.439884
-0.354604
-0.435022
-0.707856
-0.540349
-0.487535
-0.478797
0.639277
-0.708251
-0.558332
-0.408965
-0.25402
-0.126536
-0.768235
-0.637986
-0.340816
-0.671077
-0.156966
-0.448937
-0.351965
-0.30526
-0.745763
-0.45047
-0.673277
-0.327381
-0.561105
-0.271033
-0.0760176
-0.568727
0.0575807
-0.448395
-0.227428
-0.575968
-0.853317
-0.0992331
-0.54994
-0.619406
-1.01744
-0.449549
-0.557933
-0.806905
-0.459057
-0.817754
-0.163982
-0.5879
-0.502914
-0.120833
-0.0782165
-0.721238
-0.717938
-0.404146
-0.562818
-0.483139
-0.709209
-0.797512
-0.332378
-0.643124
-0.635338
-0.778326
-0.4522
-0.406479
-0.56813
-0.444309
-0.373789
-0.197627
-0.842005
-0.206003
-0.468105
-0.400377
-0.646448
-0.67806
-0.692224
-0.174054
-0.285225
-0.506391
-0.827648
-0.630092
-0.511528
-0.211512
-0.616472
-0.700068
-0.370498
-0.144023
-0.779765
-0.296714
-0.501008
-0.483129
-0.330182
-0.619934
-0.518681
-0.378628
-0.890023
-0.923854
-0.400452
-0.496921
-0.587112
-0.406468
-0.581343
-0.658129
-0.465797
-0.392565
-0.143716
-0.536388
-0.0845281
-0.0564338
-0.392306
-0.33394
-0.0396084
-0.706957
-0.69109
-0.368083
-0.383515
-0.504517
-1.04817
-0.517957
-0.572009
-0.745091
-0.0706348
-0.637078
-0.744328
-0.461792
-0.664788
-0.776839
-0.367825
-0.558361
-0.573194
-1.00383
-0.52511
-0.613343
-0.52412
-0.301932
-0.429654
-0.354918
-0.773424
-0.301694
-0.310205
-0.0718891
-0.00984856
-0.808489
-0.522403
-0.33541
-0.509731
-0.320545
-0.490604
-0.208264
-0.0506415
-0.54499
-0.593228
-0.467891
-0.055014
-0.694897
-0.623085
-0.148865
-0.69857
-0.216863
-0.376655
-0.393537
-0.0323968
-0.666402
-0.5125
-0.362941
-0.577877
-0.5983
-0.58872
-0.596872
-0.438911
-0.602447
-0.487557
-0.934702
-0.305431
-0.403598
-0.712
-0.459297
-0.376838
-0.0154631
-0.293995
-0.486294
-0.653177
-0.167631
-0.32474
-0.305482
-0.477957
-0.437197
-0.698658
-0.775551
-0.76157
-0.642696
-0.684538
-0.475351
-0.306985
-0.538188
-0.646109
-0.327648
-0.985923
-0.547302
-0.447263
-0.451337
-0.234275
-0.125331
-0.0455847
-0.337092
-0.546777
-0.763131
-0.718011
-0.0578895
-0.425949
-0.335647
-0.571097
-0.632271
-0.224026
-0.337005
-0.450168
-1.10829
-0.288537
-0.279999
-0.591295
-0.676898
-0.724151
-0.570715
-0.519874
-0.565348
-0.918716
-0.589789
-0.509759
-0.49108
-0.60318
-0.494212
-0.679948
-0.532571
-0.434083
-0.588761
-0.129927
-0.658427
0.264169
-0.52752
-0.225435
-0.184956
-0.956521
-0.358755
-0.208009
-0.49607
-0.322106
-0.426899
-0.821418
0.126448
-0.609381
-0.278934
-0.367637
-0.0772102
-0.385463
-0.563404
-0.262878
-0.497546
-0.79776
-0.658838
-0.606507
-0.81098
-0.286014
-0.0935671
-0.437672
-0.647525
-0.220052
-0.602941
-0.663729
-0.909836
-0.767494
-0.487616
-0.690928
-0.367341
-0.347169
-0.760402
-0.689226
-0.632244
-0.536239
-0.252476
-0.803982
-0.489045
-0.322137
-0.506502
-0.659512
-0.525287
-0.944652
0.119592
-1.0413
-0.82118
-0.832591
-0.530916
-0.0361363
-0.46446
-0.806581
-0.224919
-0.145376
-0.160329
-0.501379
-0.825332
-0.355443
-0.701567
-0.579524
-0.257886
-0.570754
-0.159717
-0.526307
-0.316711
-0.771413
-0.308308
-0.458583
-0.514789
0.384128
-0.334738
-0.336723
-0.52272
-0.372901
-0.352149
-0.860176
-0.442866
0.127748
-0.138528
-0.339804
-0.127281
-0.136333
-0.57047
-0.484291
-0.695651
-0.648129
-0.897334
-0.128843
-0.500018
-0.157201
-0.624225
-0.48996
0.222981
-0.994763
-0.492961
-0.650045
-0.3815
-0.64895
-0.516095
-0.414351
-0.139978
-0.364754
-0.398422
-0.480488
-0.476195
-0.776837
-0.235277
-0.485789
-0.442493
0.217125
-0.910697
-0.5031
-0.643123
-0.545551
-0.491051
-0.574073
-0.434022
-0.522633
-0.448766
0.122617
-0.102901
-0.666796
-0.39792
-0.463188
-0.715716
-0.0170743
-0.156327
-0.826732
-0.599673
-0.673523
-0.451
-0.525071
-0.364525
0.0360376
-0.509685
-0.344782
-0.682164
-0.0603764
-0.487101
-0.228574
-0.666446
0.00321944
-0.396598
-0.563631
-0.793798
-0.786284
-0.382019
-0.425158
-0.459675
-0.546777
-0.0714438
-0.822155
-0.706794
-0.275528
-0.0819201
-0.821194
-1.02589
-0.196035
-0.482599
-0.738413
-0.485123
-0.320043
-0.696973
-0.807642
