0.665481
0.977962
0.848695
1.02744
0.61646
0.912402
0.264129
0.447992
0.969914
0.805117
0.315238
0.464621
0.98511
0.775425
1.15773
0.766579
0.73813
0.187312
0.646072
1.21635
0.573228
0.668458
1.01415
0.892316
0.260136
0.754151
0.73059
0.793581
0.940582
0.833342
0.413854
0.624308
0.608314
0.899359
0.342767
0.479036
0.751814
0.491825
0.897005
1.04233
0.569431
0.872997
0.868811
0.279628
0.752737
0.972003
0.87902
0.701039
0.317873
0.506663
0.475873
0.627747
1.22612
0.958412
0.841131
0.825146
0.768596
0.77504
0.598519
0.559961
0.737674
0.688947
0.719022
0.415268
0.178648
0.904673
0.745534
0.751231
0.571927
1.10641
0.802043
1.28219
0.821913
0.922352
0.664101
0.646501
1.20981
0.137901
0.890683
0.524517
0.805783
0.86935
0.576303
0.655088
0.667562
0.604204
1.10014
1.08872
1.28582
0.609841
0.695806
0.80291
0.441794
0.808951
0.929724
1.01219
0.683196
0.657641
0.834627
0.609507
0.462004
0.271873
0.98463
0.861072
0.642241
0.763109
1.06944
0.459125
0.840564
1.03163
0.88359
0.379852
0.777451
0.781756
0.695874
0.544233
0.634772
0.756893
0.775149
0.683408
0.449213
0.877534
0.664434
0.586289
0.735911
0.775538
1.03096
0.89617
0.879035
0.781109
0.578757
0.883398
0.451325
0.827483
0.894217
0.441496
0.923335
0.84212
0.798724
0.509909
0.829243
0.70013
0.606305
0.879152
0.612906
0.836122
1.08549
0.465935
0.541607
0.599998
1.23315
1.15756
0.826352
0.583
0.769465
0.641389
0.444107
1.04195
1.14478
0.188488
1.03965
0.866942
1.25484
0.988566
0.74098
1.20369
0.935302
1.03329
0.928678
0.84953
0.684122
0.832379
0.952803
0.875997
0.864879
0.0842271
0.685571
0.808095
0.800266
0.654884
0.938593
0.755527
0.796004
0.587387
0.709294
1.14244
0.643892
0.649786
1.02312
0.598172
0.791892
0.693884
0.546511
0.705646
0.790532
0.749447
0.902541
0.622597
1.00606
0.82502
0.849305
0.862869
0.80367
0.729926
1.00974
0.806592
0.627645
0.705828
0.855984
0.640482
0.951506
0.766925
0.381009
0.805907
0.870882
0.81451
0.386086
0.419272
0.673451
0.715835
0.851151
0.467854
0.571812
0.711968
0.545833
0.760331
0.46366
0.658146
0.381299
1.02136
0.968834
0.515531
0.538027
0.588706
0.41748
0.858974
0.628506
1.01395
0.571593
0.192396
1.07766
1.19787
1.00781
0.447114
0.934012
0.500464
0.581922
0.693949
0.537174
0.9216
0.805143
1.09668
0.635784
0.87338
0.366649
0.283907
0.452195
0.712261
0.754357
0.502217
0.696951
0.692952
1.1829
0.521423
0.958823
0.840813
0.926573
0.408696
0.329951
1.09614
0.808839
0.602135
0.718434
0.301525
0.571584
0.845178
0.545238
0.720738
0.979659
1.22915
0.406479
0.73851
0.858917
1.06959
1.02337
0.672317
0.75728
0.924664
0.806505
0.761733
0.685154
0.576727
0.933725
0.950169
0.768822
0.803211
1.00884
0.500944
0.740331
0.815073
0.769059
0.765994
1.03628
0.940629
0.874562
0.542806
1.00948
0.835065
0.867826
0.698324
0.886751
0.599298
0.784969
0.713892
0.371466
0.826074
0.421652
0.740358
0.588856
0.720432
0.777361
1.02153
0.874508
0.380407
0.743671
0.749416
0.74148
1.15317
0.71881
0.224135
0.547033
0.644821
1.06885
0.498444
0.900144
0.477907
0.916388
0.574333
0.72309
0.626876
0.745624
0.683788
1.08415
0.879618
0.859641
0.711069
1.0064
1.98431
0.909159
0.598525
0.76921
0.842274
0.917172
0.788666
0.409543
0.86786
0.702412
0.680535
0.742777
0.76551
0.297285
0.880334
0.649439
0.614588
0.816146
0.784285
0.580685
0.887547
0.831381
0.671979
0.680883
0.315734
0.929632
0.778744
0.459247
1.0332
0.889042
0.965354
0.979587
0.388796
0.909373
0.775635
0.81352
0.890709
0.728518
1.02705
0.783589
0.587496
0.787002
0.390726
0.903988
0.165558
0.858619
0.66096
0.111792
0.34547
0.671197
0.747576
0.325799
0.59774
0.93394
0.959936
0.909266
0.577688
0.530661
0.847397
1.01835
0.578711
0.81977
0.920855
0.717672
0.657464
0.773569
0.719059
0.878823
0.728197
0.611817
1.06929
0.666104
0.436785
1.17006
0.554975
0.0939995
0.679506
0.774742
0.987556
0.696334
1.00346
1.06081
0.950872
0.989963
0.653042
0.628972
0.503277
0.991269
0.868688
0.781734
0.715804
0.160927
0.776043
0.6588
0.828551
0.851765
0.626109
0.650242
0.370759
0.787062
1.15301
0.78582
0.0710987
0.757038
1.05701
0.859973
0.652311
0.433999
0.847705
0.592326
0.199867
0.998164
0.137548
0.463829
0.219032
0.748983
1.23385
1.17936
0.70051
0.805857
0.130189
1.07021
1.3272
0.640014
0.637233
0.707712
0.668074
1.24944
0.305071
0.818444
1.03506
1.00744
0.65921
0.352614
0.997638
0.728663
1.23456
0.884046
0.941787
0.57682
1.10856
0.79606
0.647261
0.832659
0.563655
0.263025
0.910419
0.751796
0.439739
0.310631
0.83231
0.664067
0.57522
0.308196
0.487549
0.507135
0.599246
0.280876
0.75169
0.995431
0.592658
0.26331
0.750276
0.667755
0.515178
1.15748
0.883723
0.412536
0.955995
1.12197
0.703146
0.927885
0.696715
0.278866
0.549765
0.868402
0.644231
0.822488
0.920836
0.609246
0.497244
0.887904
0.721541
0.138132
1.03125
1.03185
0.511864
0.987467
0.529689
0.749529
0.519107
0.708446
0.829154
0.666701
0.933452
1.08978
0.84609
0.451489
0.76826
0.797066
0.795699
0.74497
0.596042
0.600488
1.06943
0.983322
0.915835
0.781715
0.229451
1.11338
1.1257
0.595556
1.03454
0.234079
0.315152
0.438326
0.85405
1.00149
0.675417
1.17558
0.874822
0.319263
0.843814
0.835859
0.754649
0.425543
0.327829
0.786803
1.26382
0.443826
0.781159
0.539014
0.0553608
1.09473
0.530463
0.881743
0.647709
0.731768
0.58004
0.643289
0.757528
0.577764
0.738916
0.485066
0.874782
0.32663
0.660251
0.485715
0.681084
1.07232
0.795438
0.518524
0.823965
0.691596
0.883949
1.3399
0.698662
0.707333
0.239149
0.935995
0.717849
0.696676
0.336809
0.47071
0.676273
0.890771
0.350627
1.15112
0.730006
0.586506
0.831058
0.882504
0.934254
0.901378
0.815423
0.618449
0.579628
0.692282
0.700016
1.03837
0.868701
0.811174
0.894451
1.03115
0.647336
0.795548
0.527646
0.424911
1.41509
0.622865
0.695694
0.900833
0.540512
0.135015
0.473883
0.642259
0.859079
0.932188
0.768747
0.61103
0.7869
0.807099
0.211114
1.02661
0.332156
0.764196
1.08733
0.824399
0.84723
0.791823
0.66441
0.914668
0.671554
0.790468
0.506841
0.809008
1.04136
1.09321
0.562019
0.665808
0.743787
0.829756
0.313631
0.383904
1.03496
0.842485
0.595251
0.875998
0.753895
1.04016
0.55015
1.03825
0.342765
0.821705
0.697465
0.60349
0.662442
0.755248
0.654586
0.432651
1.02652
0.920236
1.33204
0.80852
0.789148
0.66007
0.742356
0.404534
1.05778
0.829546
0.874542
0.388276
0.668283
0.485362
1.03444
0.662879
0.667404
0.970465
0.591225
0.867756
0.749127
0.698909
0.269567
1.07529
0.828631
0.814259
0.606815
0.784502
0.674676
0.915572
1.04571
0.93121
0.874279
0.530098
0.693981
0.572394
0.48583
0.666532
0.182084
0.333266
0.858993
0.547314
0.486908
1.13265
0.589079
0.681198
1.0582
1.12234
0.813645
0.414213
0.662242
0.888964
0.144758
0.856662
0.483936
0.89764
0.941574
1.20013
0.731126
0.633773
0.674613
0.894992
1.20781
0.974651
1.04933
0.790054
0.619095
0.781943
0.785056
0.620433
0.739463
0.738234
0.582856
1.07054
0.85616
0.797485
0.905373
0.779325
0.8986
0.673655
0.51762
0.903961
0.890751
0.719659
0.454806
0.342075
1.12337
0.519124
0.907287
0.332799
0.770961
0.523417
0.161084
1.02647
0.718598
1.03698
0.876062
0.588626
0.588367
0.929027
0.764376
0.963826
0.621602
0.681367
0.401706
0.88101
1.21297
0.373151
0.728043
0.243249
0.709884
0.81467
0.733429
0.384888
0.539349
0.5703
0.582144
0.716277
0.625207
1.17107
0.801169
0.997108
0.705066
0.739527
0.740011
0.973301
0.480969
0.567548
0.657482
0.795406
0.757416
0.882017
0.839662
0.588592
0.124386
0.72969
0.848397
0.387268
0.931917
0.505308
0.24795
0.575357
1.08664
0.669158
0.00469029
0.76048
0.773972
0.643831
0.645328
0.233553
0.597862
0.542574
0.883152
0.915007
0.949076
0.682898
0.868136
0.705854
0.675308
0.819955
0.565602
0.700278
0.617295
1.04973
0.869731
0.720829
0.527207
0.786864
0.4243
0.397801
0.267295
0.509745
0.979705
0.776799
0.469898
1.03523
0.90651
0.854542
0.74396
0.00423714
0.657424
0.637309
0.865936
1.20338
0.603258
0.827437
0.580391
0.68072
0.758911
0.528886
0.648398
0.885508
0.971314
0.477582
0.563275
1.00568
0.51095
1.33313
0.77101
0.85191
0.683997
0.445524
1.12926
0.758437
0.421699
0.770649
1.27868
0.525674
0.916634
0.400796
0.771407
0.953877
0.591493
0.575173
0.839002
0.455802
0.677988
0.775171
0.921169
0.810322
0.654674
0.840719
0.464808
0.829884
0.838364
0.658404
0.423088
0.650185
0.504746
0.320901
0.704546
0.773614
0.816375
0.788291
0.48992
0.777301
1.09847
0.811901
1.10757
0.840808
0.7294
0.732145
0.483257
0.882605
0.820498
0.755145
0.78685
0.765698
0.857244
0.889413
0.373514
0.69829
0.694251
0.779006
0.593635
0.675682
0.721798
1.04604
0.665258
0.911832
0.452855
1.01832
0.603117
0.827712
0.876838
0.881609
1.00221
0.61765
0.984703
0.64033
0.423382
1.1797
0.802276
0.24913
0.677592
0.750848
0.883627
0.994641
0.738014
0.649505
1.0764
1.04369
0.292998
0.665346
1.35521
0.914181
0.761779
0.793671
0.930521
0.763683
0.721373
0.604823
0.384949
0.5191
0.842389
0.63795
0.739411
0.70139
1.09617
0.727046
0.838977
0.923441
0.661797
1.07546
0.88773
0.571021
0.0764376
0.647983
0.657261
0.927997
0.701811
0.881613
0.656859
0.539699
0.297783
1.01718
1.19912
0.758893
0.565925
0.420992
0.514252
0.930666
0.759983
0.681758
1.0196
1.06514
0.463036
0.846811
0.979732
1.22549
0.573418
0.239974
0.80104
0.643506
0.803016
0.846526
0.593138
