-1.4735
-1.38484
-1.25115
-0.891658
-1.01833
-0.730508
-0.797605
-0.327547
-0.698158
-1.42491
-1.21755
-0.914952
-0.712016
-1.18141
-0.572795
-0.0174396
-0.823418
-1.31651
0.301208
-0.612271
-0.695488
-0.840637
-1.22005
-1.02961
-1.27942
0.373461
-1.23555
-1.79227
-0.757204
-0.907101
-0.782018
-0.951747
-1.51412
-1.32042
-0.124427
-0.895278
-0.559867
-0.649788
-0.946529
-0.968385
0.383199
-1.3063
-0.75821
-0.867274
-1.36588
-0.942977
-1.41253
-1.04052
-1.20745
-1.07185
-1.37832
-1.47405
-1.34631
-0.366617
0.0866571
-1.27834
-0.75537
-1.30328
-1.12776
-1.0091
-0.596677
-0.899237
-1.79382
-0.54086
-1.1502
-0.928441
-0.786018
-1.03505
-0.662895
-0.0414339
-0.717375
-1.53505
0.0864044
-1.40038
-1.10839
0.512657
-0.289492
-0.0829547
0.202935
-0.800808
-0.837972
-1.15043
-0.413238
-1.48891
-1.40836
-0.722392
-0.749552
-0.784962
-1.25133
-1.17974
-1.29476
-0.692459
-0.654599
-0.978236
-0.890782
0.243111
0.384834
-0.78417
-0.756054
-0.874379
-1.03951
-1.39065
-0.979419
-1.03742
-1.41916
-1.0168
-0.420886
-0.69793
-0.976193
-0.92065
-0.633698
-0.669102
-1.02655
-0.979355
-0.454821
-1.03863
-1.13006
-1.22938
-1.25081
-0.720187
-1.02304
-1.4291
-0.903303
-0.407753
-0.424663
-0.804909
-1.22951
-0.599363
-1.11182
-0.345126
-1.02215
-1.43403
-1.11963
-1.36472
-1.4146
-1.70166
-1.14619
-0.933803
-0.604059
-0.767046
-0.803865
-1.44962
-0.940006
-1.97238
-1.44613
-0.391037
-0.859379
-0.647321
-1.34419
-1.34073
-1.08314
-0.530057
-1.09176
-0.411187
-0.877774
-1.08205
-0.493271
-0.588903
-1.00744
-0.787716
-0.95963
0.496797
0.526015
-0.610986
-0.2537
-1.29231
-1.14092
-0.264921
-1.119
-1.25312
-1.02639
-0.602879
-1.89019
-0.377731
-0.759854
-1.02678
-1.022
-1.39864
-1.07142
-0.981752
-0.839309
-1.32439
-0.781054
-1.23469
-0.896439
-0.777377
-0.392418
-1.44933
-0.835776
-0.895069
-1.24901
-0.966349
-0.370053
-0.097733
-1.1276
0.823288
-0.935044
-1.08516
-1.03336
-1.06201
-1.21263
-0.720768
-0.0820004
-0.812454
-1.75608
-0.800154
-0.823664
-0.923524
-1.02675
-1.16847
-1.07721
-0.997803
-0.843098
-1.19881
-1.0061
-0.837964
-0.881862
-1.18806
-0.676521
-1.47757
-0.64007
-1.01155
-0.731335
-0.974765
-1.13068
-1.54247
-1.16491
-0.554368
-1.03383
-0.355688
-0.670648
-0.894735
-0.76556
-0.806669
-0.316458
-0.797286
-1.04583
-0.531273
-0.44847
-1.3362
-1.43532
0.264936
-1.208
-1.43082
0.169412
-0.201013
-0.694066
-0.623601
-0.943449
-1.20541
-1.22355
-1.39289
-0.993385
-0.856505
-0.728484
-1.37719
