-1.09439
-0.778466
-0.889519
-0.373913
-0.561839
-0.728545
-0.998424
-0.748388
-0.323372
-1.2148
-0.690035
-0.924533
-1.13021
-0.721754
-0.515764
-0.694889
-0.644329
-0.985727
-0.815513
-0.137
-1.21727
-1.39643
-0.716814
-1.47062
-0.35638
-0.709588
-0.510706
-0.839059
-1.23811
-0.558159
-0.0758952
-0.529712
-1.10971
-0.455201
-0.51921
-0.998583
-0.912197
-1.11005
-0.926705
-0.216245
-1.28878
-0.587166
-0.327421
-1.12901
-0.609981
-1.33479
-0.871106
-0.764294
-1.38771
-0.382455
-0.104588
-0.50182
-0.735806
-0.414629
-0.373368
-1.35703
-0.178001
-0.7371
-0.662635
-0.6346
-0.953309
-0.5545
-0.70336
-1.19036
-0.661077
-0.863136
-0.687921
-0.999732
-0.85395
-0.361411
-0.976698
-0.937134
-0.757605
-0.705438
-1.09703
-0.48769
-1.16207
-0.927564
-1.10776
-0.603281
-0.660478
-1.11591
-0.982921
-0.953234
-0.699392
-0.97507
-0.930519
-0.737679
-1.05995
-0.691841
-0.524693
-1.29021
-0.841508
-0.711273
-0.687701
-1.18374
-1.48897
-0.685169
-0.860337
-1.44489
-0.705121
-0.237609
-1.15295
-0.813352
-1.09665
-0.60928
-0.674526
-1.05683
-0.637192
-0.889837
-1.19036
-0.860535
-1.49635
-0.673273
-0.763413
-0.721627
-0.331292
-0.952977
-0.578049
-0.879686
-1.12075
-0.878054
-1.3812
-0.280622
-0.472245
-0.945353
-1.02679
-1.02069
-0.991508
-0.815598
-0.674661
-1.37365
-0.451514
-0.528034
-0.773368
-0.941474
-0.544241
-1.25745
-0.553259
-1.20876
-1.42309
-0.751928
-0.689201
-1.06815
-0.790287
-0.467497
-1.16566
-0.495884
-1.35461
-0.865522
-0.783917
-0.25665
-0.576905
-0.398644
-1.0156
-0.568917
-1.10653
-0.641192
-0.868439
-1.51207
-0.751637
-0.853841
-0.964844
-0.859966
-1.51865
-0.901902
-1.01647
-0.886119
-0.914399
-1.53474
-0.628031
-1.1019
-0.960988
0.184567
-0.513026
-0.713797
-1.43005
-0.616706
-0.763966
-1.16833
-1.14955
-0.57365
-0.38948
-1.0558
-0.357937
-0.563038
-0.700872
-0.878717
-0.478275
-0.366283
-0.796442
-0.329643
-0.782524
-0.456809
-0.499321
-0.825071
-1.17425
-1.02198
-0.641496
-0.844356
-0.507627
-0.722701
-0.800421
-0.709506
-0.836864
-0.709182
-0.625401
0.838723
-1.16891
-0.739482
-0.524727
-0.101178
-0.724013
-0.903192
-0.480185
-1.48582
-0.723427
-0.537235
-0.724404
-0.325192
-1.06944
-0.580703
-0.794339
0.279998
-0.492214
-0.244959
-1.51218
-1.06448
-0.906318
-0.904898
-0.885862
-1.8196
-0.875232
-0.435222
-0.849571
-0.60523
-0.64824
0.639067
-0.66393
-0.943138
-0.617954
-0.955376
-0.928406
-0.642827
-0.685988
-0.767847
-0.943713
-0.991776
-0.926911
0.588539
-0.898276
-0.773845
-0.53892
-0.891782
-0.487008
-0.981808
-0.541004
-1.24291
-0.803862
-0.613935
-1.33974
-1.08208
-1.2764
-0.76222
-0.807313
-0.77693
-1.15353
-0.980713
-1.1159
-0.520078
-1.33493
-1.41773
-1.27117
-1.06679
-1.45456
-0.648148
-1.33505
-1.11461
-1.37465
-1.06714
-0.313635
-0.788584
-0.631371
-0.911059
-1.49071
-0.94327
-1.27343
-0.934139
-0.847187
-0.917914
-0.695397
-1.09801
-1.33935
-0.359769
-1.16117
-1.17671
-1.42295
-0.746602
-1.01536
-0.568517
-0.722546
-0.510157
-0.441885
-0.917981
-0.694577
-0.518368
-0.115334
-0.985084
-0.510262
-0.365269
-1.05147
-0.0444683
-0.667667
-0.888781
-0.964279
-1.06591
-0.875894
-0.350671
-0.880367
-0.603868
-0.8094
-0.75461
-1.32495
-1.03088
-0.546823
-0.610233
-0.715681
-0.385482
-1.07429
-1.00841
-1.16468
-1.51856
-0.752725
-0.757931
-0.967177
-0.548769
-0.438358
-1.03499
-0.468042
-0.676092
-1.73033
-0.906065
-0.636891
-0.872543
-0.820988
-1.18864
-0.269624
-1.07811
-0.700301
-1.68704
-0.2857
-1.01956
-0.769644
-0.576523
-0.749761
-0.911565
-0.892654
-0.275188
-0.344965
-1.01905
-0.0732888
-1.201
-0.54113
-0.704988
-0.896234
-1.05408
-1.2161
-1.01057
-0.726498
-0.692035
-0.799577
-0.742013
-0.70832
-0.645998
-0.604919
-0.911297
-0.837457
-0.764582
-0.776523
-0.954538
-1.04948
-0.650116
-1.5069
-1.07456
-1.39683
-1.07031
-0.433156
-0.484482
-1.2386
-0.234194
-0.974401
-0.551405
-0.216212
-0.694479
-1.14828
-0.673477
-0.54101
-0.668883
-0.522287
-0.197648
-1.17369
-0.831009
-1.18035
-0.552544
-0.373033
-1.05847
-0.867712
-1.39194
-1.27979
-1.34873
-0.66198
-0.853741
-0.59972
-0.469469
-1.17267
-0.493946
-0.735656
-1.09786
-0.846929
-0.944748
-1.22441
-0.401777
-1.01492
-0.924842
-0.659998
-0.996952
-1.16693
-1.4716
-1.19058
-0.643217
-0.920099
-1.14055
-1.31104
-0.879747
-0.86701
-0.719351
-0.787519
-0.759663
-0.815097
-0.840439
-0.353409
-1.29543
-0.93586
-1.16448
-0.912684
-0.843487
-0.986021
-1.27883
-0.393959
-0.878513
-0.630319
-0.858098
-0.235704
-0.828308
-0.933856
-0.810324
-1.2353
-1.18295
-0.553612
-0.615821
-0.864989
-0.837938
-0.908848
-0.8377
-1.10873
-1.29356
-1.06084
-1.19385
-1.21932
-0.96098
-1.39001
-0.705272
-0.907242
-0.951176
-1.23052
0.185922
-0.588572
-0.786858
-0.810841
-0.433373
-0.440804
-0.511388
-1.12486
-0.369436
-0.880055
-0.778918
-1.01907
-0.393488
-1.03543
-1.32288
-0.531504
-0.493694
-1.35739
-0.507282
-1.02016
-0.783931
-1.0501
-1.22985
-0.47318
-0.958667
-0.864725
-0.459399
-0.441097
-1.02195
0.41606
-0.971709
-0.564875
-0.6287
-1.74446
-1.46908
-0.56457
-0.816159
