1.16946
1.04079
1.14091
0.83216
0.977996
1.08171
1.27414
1.11662
0.89181
1.27611
0.976518
1.03477
1.11017
1.06543
0.975114
0.997818
1.00585
1.05004
1.15192
0.749307
1.32792
1.27151
1.09738
1.35724
0.801164
1.0243
0.931473
1.16465
1.32001
0.930352
0.721291
0.98781
1.19212
0.820542
1.00217
1.12349
1.11466
1.21638
1.17258
0.745874
1.30195
1.006
0.826681
1.29197
0.944029
1.40541
1.03075
0.984049
1.32619
0.866333
0.822925
0.95515
0.991272
1.00656
0.871372
1.51208
0.880212
1.04007
0.973038
1.00869
1.18169
1.0297
1.1082
1.14567
0.980939
1.19706
0.971986
1.20397
1.02551
0.950745
1.2659
1.20111
1.02205
1.07418
1.22697
0.984186
1.1956
1.28054
1.11576
1.0008
0.954033
1.20824
1.12651
1.17586
0.993204
1.085
1.07111
1.06306
1.13008
1.14635
0.958037
1.1854
1.09548
0.969348
0.978877
1.24644
1.32253
1.2125
0.995213
1.47575
1.05543
0.793941
1.09007
1.05236
1.12281
0.979631
0.997167
1.22546
1.01468
1.11641
1.36897
1.0921
1.18753
1.01554
1.03927
0.988953
0.851725
1.07377
0.985661
1.15748
1.17059
1.14937
1.22906
0.95589
0.92704
1.0168
1.12953
1.13963
1.08227
1.15033
1.11795
1.23965
0.961061
0.97589
0.981306
1.06818
0.948894
1.16354
0.970914
1.10667
1.32952
0.998574
1.05666
1.00487
0.989139
0.926062
1.20145
0.866005
1.1991
1.07882
0.972324
0.884814
0.956524
0.943636
1.12404
0.960102
1.20579
0.989148
1.1011
1.37381
1.08956
1.06835
1.12511
1.0018
1.37427
0.951407
1.06678
1.10585
1.15156
1.29094
1.10632
1.24863
1.10714
0.580997
1.02833
1.04688
1.31989
1.04548
1.0788
1.09169
1.25138
1.01381
0.875693
1.11486
0.924114
1.09158
0.972203
1.11327
0.936903
0.885119
1.02013
0.930309
1.04193
0.885582
0.976169
1.0767
1.23532
1.16618
0.971811
1.05488
1.02537
0.983201
1.1172
1.16057
1.13988
0.922281
0.975153
0.455758
1.15285
1.0749
0.94316
0.831445
1.2004
1.12267
0.954291
1.34571
1.06737
0.895099
0.989565
0.834592
1.04139
0.88752
1.03863
0.556497
0.901103
0.775305
1.25465
1.04511
1.15602
1.06187
1.02484
1.48474
1.02704
0.898273
1.10422
1.08239
1.0221
0.489165
0.977176
1.08699
1.06442
1.10188
1.30606
0.986617
0.991259
0.971081
1.13731
1.07906
1.07541
0.578037
1.04375
1.01439
0.940405
1.13008
0.968856
1.09061
1.00723
1.09628
1.09047
1.05846
1.22873
1.20993
1.12353
1.04454
1.05793
1.19087
1.12394
1.28382
1.25315
0.908159
1.1577
1.38875
1.17606
1.18464
1.2247
0.944573
1.14653
1.09167
1.18388
1.19583
0.860656
1.06044
1.06304
1.16842
1.26931
1.0086
1.21628
1.13632
1.02084
1.02485
0.984638
1.27954
1.22545
0.88687
1.13321
1.2154
1.29388
1.02147
1.21343
0.946589
1.035
1.01384
0.911032
1.04883
1.01023
1.03629
0.783367
1.21459
0.900034
0.925022
1.11984
0.750431
1.11348
1.14781
1.15216
1.15243
1.08567
0.85529
1.16165
0.975023
1.0452
1.07248
1.33658
1.11045
1.00403
1.02682
1.00979
0.876254
1.14941
1.22377
1.10592
1.33442
1.03597
1.08858
1.54204
1.02688
0.962035
1.12251
0.894851
0.972109
1.47882
1.05106
1.06417
1.15441
1.06301
1.21014
0.766909
1.22901
1.08957
1.3433
0.861741
1.37145
1.13332
1.00439
0.946708
1.09312
1.10261
0.885391
0.889377
0.996898
0.663276
1.12235
0.929934
1.04729
1.12304
1.175
1.27785
1.18124
1.0408
1.04757
1.10515
0.962375
1.11677
1.03401
0.999682
1.09726
1.05782
0.963319
1.08091
1.17142
1.09781
1.02796
1.25317
1.01691
1.39555
1.11158
0.817318
0.913486
1.20695
0.810591
1.18687
0.885313
0.84818
1.02092
1.17082
1.0431
0.999436
0.982848
0.911403
0.721731
1.16762
1.13712
1.12316
0.974962
1.04406
1.22362
1.03092
1.15551
1.34767
1.35997
1.101
1.07029
1.05549
0.914411
1.42773
1.01275
1.13508
1.07663
1.01259
1.19098
1.25337
0.889079
1.07343
1.2647
1.02534
1.13688
1.22442
1.33107
1.30885
1.03051
1.22627
1.15921
1.33071
1.13695
1.04276
1.10486
1.14019
0.971277
1.05656
1.09197
0.832668
1.23303
1.11856
1.151
1.30457
0.992281
1.09878
1.18953
0.935614
1.13441
1.02747
1.11433
0.799965
1.23498
1.11803
1.13885
1.11862
1.18628
0.987096
0.98832
1.17392
1.06723
1.15667
1.06976
1.27371
1.41323
1.47685
1.17923
1.30474
1.11426
1.43061
1.10193
1.15636
1.11183
1.31231
0.561361
1.12751
1.02479
1.13367
0.982058
0.98601
1.00306
1.27701
0.962355
1.08873
1.04698
1.0352
0.905118
1.19618
1.33484
1.05065
0.981931
1.24896
0.955786
1.14985
1.02902
1.10309
1.11458
0.884077
1.17545
1.12572
0.933906
0.892938
1.23443
0.506476
1.10055
0.936183
0.96321
1.39598
1.19642
1.02747
1.04895
