2.55925
1.58044
2.13196
1.72079
1.59873
1.91075
2.92895
1.94157
2.00259
2.55393
2.14562
2.20871
2.4552
1.62487
2.04965
3.12185
2.61996
2.57913
1.25444
1.92416
3.51523
1.75625
3.11676
0.343803
2.36626
2.52959
1.81993
1.44675
2.15026
2.78013
2.12991
3.21705
2.193
1.64903
2.94829
1.70191
1.76498
2.57116
3.2072
2.46606
2.11241
2.38369
2.76447
2.99966
2.42971
1.92502
1.83012
2.03148
2.46221
2.47972
2.67981
2.24338
3.47332
3.5855
2.97367
2.20926
2.23186
1.91613
3.09059
3.23274
2.58596
2.32523
3.56667
2.42995
2.21475
2.9258
1.81606
2.90899
2.76781
2.58182
1.66868
1.70723
1.17357
2.13847
2.23114
1.96882
2.38186
2.61407
2.4679
2.32847
1.95376
3.50255
2.80609
2.06915
1.80733
2.10055
2.69933
2.60116
2.99904
3.23657
2.02429
3.52729
1.72224
2.16913
2.91048
3.53037
1.33298
2.26881
1.90199
1.8766
3.51367
2.44438
1.93909
2.64275
1.97997
2.36221
2.69156
1.98082
2.21028
3.37832
2.3622
2.0362
2.39656
2.32208
2.5864
2.24722
3.9218
2.61625
2.17492
2.03032
1.55274
2.78207
3.20035
3.11467
4.54468
1.53066
1.55689
3.11248
2.04866
1.68774
3.07654
2.64377
2.29907
2.75962
2.27677
1.95567
1.22149
2.88276
2.54145
2.43403
2.82278
1.7425
1.2377
2.85167
1.8574
3.10851
2.59072
2.00495
1.38816
2.40707
1.76379
2.43761
1.27699
4.04061
2.57489
2.51031
2.52678
3.65001
2.44526
2.48139
2.72576
2.27181
1.70331
1.75329
2.64096
2.29231
1.89614
2.53253
2.91389
3.09568
1.88101
1.68792
1.71427
3.8026
2.25731
2.18897
3.4468
2.05934
3.58725
2.32747
2.73674
3.05879
1.83577
2.22239
2.09525
1.47198
2.7258
2.24278
2.15635
2.55578
1.44303
2.17541
2.13606
2.11093
1.74267
2.22784
2.07351
2.62305
2.11898
0.75698
1.18096
2.25196
2.29301
2.47996
2.65386
3.04649
2.55531
3.22202
2.13432
2.08696
2.6561
3.08194
2.11948
2.70488
2.39071
2.44998
2.5433
2.22803
1.83768
4.43294
3.69485
1.53494
2.46257
3.12959
2.3954
2.87561
1.88395
3.3844
2.4164
2.63431
2.30599
2.4903
3.71598
2.60581
2.64673
2.43209
2.30238
1.67741
2.10854
2.90141
2.83944
2.60763
2.26865
1.81645
2.32743
2.3579
3.39085
2.94267
3.18476
2.60936
2.28195
2.66598
2.96008
2.4711
2.46039
2.50511
2.13696
2.09063
2.99196
2.46817
2.414
2.33514
2.46226
2.40623
2.08696
2.17343
2.08526
3.56232
2.59085
2.47565
2.93078
2.62577
3.16133
2.85366
2.60819
2.10004
2.1313
3.1673
2.04199
1.6151
1.77074
1.96103
1.89966
2.67401
3.29846
2.35833
1.41432
2.18827
2.12115
3.65013
2.26761
3.34917
2.57109
2.79232
2.44228
1.94
2.26928
2.73463
1.91702
2.13845
3.09057
2.03233
1.68054
2.03788
2.00848
2.30662
1.9637
2.13801
2.36958
2.18613
2.05682
2.65981
1.93777
3.51446
1.98124
1.95508
2.38655
2.16683
2.07262
2.47796
1.53568
2.16163
1.8835
2.64479
1.79753
2.67894
2.48977
2.05869
1.5077
2.46004
1.45516
2.2537
2.3044
2.40694
2.16975
2.13631
2.54006
1.3685
2.60258
1.59941
3.37446
1.61387
3.43648
2.21345
2.09889
2.26744
1.82666
1.68257
1.947
2.65645
4.51777
2.47567
1.84936
2.71243
1.4535
2.99546
2.10335
2.63056
2.03525
2.79689
3.2569
2.83345
2.52658
2.18051
1.89946
2.45479
2.51304
3.1905
1.76604
2.27295
2.2817
2.30659
1.85411
2.11516
3.12683
2.01814
2.46513
2.00991
1.98644
2.18415
1.89053
2.50908
2.54313
1.84937
1.70786
2.50084
2.33097
2.30694
2.59082
1.80502
1.0597
2.17291
2.44749
1.99705
1.98984
2.71986
1.96638
2.46837
2.36265
2.28666
1.72042
1.69642
2.73784
2.81205
2.747
2.22545
2.25076
1.86218
1.96188
3.58319
3.0094
2.21703
1.70105
2.43202
1.70219
3.49621
2.27128
2.10573
3.48854
1.50668
2.69297
2.81501
2.0358
2.57682
2.82186
2.07062
2.33249
2.00299
2.40038
3.6005
2.4883
1.70299
1.95712
2.92387
2.02777
2.84485
3.19305
2.14601
2.56283
1.99652
2.46668
3.56495
2.87482
2.35542
2.98999
3.16217
1.39324
2.01515
2.65629
2.9233
3.35281
1.77017
2.92182
1.88202
3.16017
2.07418
3.3269
2.2935
2.39206
2.29316
2.45138
2.30988
3.56164
2.57281
2.842
3.35169
1.76484
2.44941
2.9457
2.37787
1.97255
1.21998
1.67177
2.27437
3.46732
2.60426
2.00605
2.38464
2.36519
2.22908
2.39259
3.86035
2.74697
2.62624
2.19028
2.40832
1.91639
1.85583
1.58967
2.22142
1.16695
1.45338
2.26786
2.50891
3.37087
0.907021
2.15852
2.31809
2.74057
2.7796
2.82084
2.48307
1.83369
1.8956
2.60143
1.69142
1.5436
2.34352
2.15911
3.61323
2.2967
1.87944
2.01543
2.19278
2.54371
2.6268
3.05179
2.24719
2.19274
2.62331
2.52687
3.74387
3.16453
2.01585
3.26074
2.4978
1.84349
2.43422
2.5121
2.10966
2.30667
1.92799
2.16635
2.31602
2.56545
2.70461
2.46454
2.42261
1.55147
2.28334
4.57463
2.305
2.0044
2.43189
2.9267
1.87699
1.57336
3.02093
2.59482
2.54298
1.93373
2.8741
1.97082
2.794
1.94034
2.63378
2.32581
1.88408
2.94009
1.76126
2.71823
2.54974
1.61787
2.00006
1.86783
3.13326
1.97288
1.75783
1.85087
2.85516
2.81465
2.0471
2.78524
2.86641
1.97137
2.57782
2.29146
2.30178
1.78833
2.24297
3.08385
2.50391
3.27091
2.31981
2.46822
2.50268
1.96842
2.38008
1.71447
2.21833
1.7461
1.84837
2.20589
3.25314
2.39268
2.40605
2.01634
2.3597
3.60433
2.65834
2.53571
1.9697
2.43037
2.25902
1.92681
3.42013
2.09824
1.78365
1.67688
2.89125
2.3807
1.77885
3.00851
1.77845
2.86049
2.28389
2.01891
3.02223
1.95196
2.48905
2.10953
1.59908
2.66655
2.20623
2.59677
3.1163
2.03792
2.2957
2.74491
3.05153
2.31893
2.67636
3.02139
2.42828
2.80601
2.84359
2.07052
1.72724
2.39499
2.34626
2.24014
3.23057
2.13055
0.880876
2.38606
2.278
1.43177
3.13735
2.42683
2.20581
1.68222
2.74047
1.65004
2.18014
1.85801
2.11234
1.28504
2.70961
1.87834
2.37216
2.25271
1.59309
2.42497
2.37404
2.94105
1.94171
2.18421
2.93675
2.66131
1.97121
1.85592
2.84803
1.80025
2.88294
2.73334
2.71188
1.74499
1.97671
1.95708
2.74997
3.44291
2.31035
2.90724
1.73842
2.34818
2.32022
2.90688
1.9395
1.89147
2.45236
1.79274
2.46794
2.28323
2.23442
3.17034
1.72592
2.22157
2.80442
2.18272
2.6235
2.38498
2.743
2.79816
2.42994
2.63561
2.90996
2.56173
1.74313
2.40681
2.37591
2.8356
2.19632
2.37704
1.93359
1.9569
2.07014
2.80219
2.52308
2.45832
2.34469
2.45857
2.47563
2.48995
2.22436
2.4272
2.16801
2.81225
2.27945
2.17362
2.43499
1.94007
2.23914
1.58137
1.77788
2.35298
2.1556
2.40508
2.46082
1.64064
2.66028
2.43137
1.89335
2.34744
1.53236
2.28806
3.75183
2.37685
1.92074
1.5698
2.02628
2.47591
2.72416
1.44443
2.15108
2.2165
2.74046
1.50854
2.1374
2.18655
2.27714
2.11405
2.30371
1.71319
1.91784
1.21535
2.15663
1.96591
1.76151
3.1314
2.65202
1.82922
2.47605
1.75766
1.55928
3.11831
2.35669
2.13843
2.70909
2.376
2.74075
2.50846
2.4812
2.43097
2.60695
1.86535
2.13197
2.11103
1.10453
2.11784
1.85995
2.26858
2.50462
2.49096
2.90398
3.13792
1.80393
0.43969
3.39736
2.15026
2.10334
1.92639
2.52185
2.2834
2.8938
2.26559
2.93623
2.39023
2.58573
2.5085
3.04851
3.20466
1.84422
3.48251
2.5191
1.93849
2.31494
2.13354
1.9244
2.74638
2.55604
2.14011
3.28064
1.73466
2.51011
1.81503
2.12357
2.24551
1.69735
2.01264
2.80927
2.34407
2.31385
2.16941
2.27508
2.71881
2.34134
3.53115
2.44949
3.89006
2.29132
2.4521
2.65121
2.35103
2.21989
1.77702
2.52809
2.73418
2.41713
2.98807
2.27232
3.32772
3.55397
2.85279
2.68778
2.81225
1.61416
2.53474
0.466547
2.08046
2.47423
1.92101
2.22593
1.8611
3.4208
3.12267
2.35113
1.94339
2.0754
2.07862
3.07162
2.14371
1.86795
2.03465
2.90834
1.67841
2.20259
2.11104
2.79323
2.52165
2.15289
2.45448
1.62307
2.41935
0.299499
1.5135
2.02893
2.41839
2.4878
2.73569
1.57682
2.73353
1.7584
2.43156
1.25696
2.13296
1.63228
2.02839
1.95777
3.01869
3.66413
2.21925
0.5931
2.79302
2.22454
2.4481
1.37287
2.04196
3.00577
2.19156
2.47766
1.67089
3.03166
2.23756
3.09
3.45342
2.60388
2.04395
2.39375
2.48297
2.42983
2.38506
2.14593
1.9039
2.01924
2.67856
2.76314
2.87717
2.54906
2.24507
1.97895
2.51269
2.68889
2.58908
3.82367
1.69727
1.94783
3.5358
1.77203
2.73134
2.40047
2.51956
2.11615
2.61704
3.02904
2.29295
2.14206
2.02515
2.83896
2.82543
1.80403
2.27835
2.39
1.93887
1.8002
0.260868
2.49904
2.03411
2.203
2.22674
2.01022
2.78571
2.73996
2.96183
2.50202
2.45068
2.088
2.39093
2.62055
1.56152
1.35374
1.35847
1.99615
2.8579
1.63529
3.3706
2.67236
1.70164
2.26176
2.39262
2.04835
1.24514
2.87901
2.68718
2.62384
2.71309
2.55675
1.75083
2.6228
2.29547
2.12529
1.82718
2.00658
2.39575
2.33504
2.30799
3.03526
3.79442
2.79438
3.13039
2.79276
2.64847
1.70884
2.28063
2.6884
1.9944
2.27463
2.54466
1.27325
1.90434
1.67513
2.96146
1.77608
2.90198
1.45755
1.94232
2.63942
3.03738
2.46318
1.81079
2.64411
3.49542
2.10315
1.69505
2.80921
2.22543
1.92326
2.63114
2.36535
3.37872
2.08577
1.9056
2.70335
1.85335
1.63595
1.80147
2.17426
2.29451
2.03192
0.896324
2.23548
2.61634
3.41666
2.61101
1.88301
1.74206
2.81683
2.24371
2.97523
1.63264
1.70896
1.46629
1.95421
2.16893
2.58235
1.86712
2.08295
2.00262
1.72331
2.50603
2.21908
2.90294
3.43824
2.69421
2.58255
3.29271
1.81934
1.95987
2.89162
2.96993
3.66667
1.99953
1.63807
1.78315
2.66257
1.58838
3.42457
1.7476
1.97776
2.2004
2.08756
1.73562
2.5598
2.65518
2.72529
2.46903
2.21696
1.58635
2.18716
2.11997
2.76775
1.96007
2.84864
1.70467
1.26867
2.25156
2.48425
2.79202
3.28326
2.32736
1.5403
3.09953
2.34458
2.69056
1.17058
2.94697
4.376
2.34931
1.96017
1.95347
2.73065
1.99145
2.89099
3.03174
1.87182
2.50987
2.17333
1.979
2.28098
2.29781
2.9152
2.39754
2.15605
1.50932
1.20478
2.23553
2.40277
1.35543
2.35378
1.74585
2.90293
2.49743
3.3091
2.18939
2.75277
2.06595
1.61564
2.32902
2.28379
2.55467
2.49194
2.66845
1.54424
1.55948
2.66322
2.46393
2.66612
1.79558
1.92832
2.94732
2.08215
3.2057
2.0492
2.68564
1.61839
2.22775
2.6939
2.39348
2.33813
2.49183
3.5827
2.48171
1.72591
1.60125
2.28203
2.92142
1.29151
2.17456
2.16041
1.99482
1.85524
2.35903
2.04259
1.44855
2.25814
2.76062
2.92776
3.22505
2.1405
3.00965
2.7222
2.8378
2.18083
2.90946
3.18466
2.50864
1.72517
2.12034
1.28118
3.36374
2.53564
1.81774
2.93014
1.77052
1.60169
1.79017
3.61192
1.63967
2.96077
2.16025
2.2638
2.51719
2.20804
1.91486
2.01173
1.98853
2.34614
2.75427
2.15022
2.2366
2.34976
2.7513
3.16881
2.67077
1.68968
2.22276
3.54678
3.24369
2.22897
1.89266
1.93822
2.02116
3.52352
2.84252
2.37068
1.84385
2.62501
3.41426
2.59026
2.82962
3.23793
2.35057
2.72802
2.4423
2.27137
1.59924
3.11026
1.61868
2.32779
2.37428
0.753615
2.29151
2.08353
2.72855
1.9374
2.85361
2.17537
2.02008
2.42476
1.96472
2.28305
3.04788
2.02815
1.62908
2.04068
2.42977
2.31106
2.19018
2.21862
1.94116
1.91913
2.05944
3.17919
1.77535
2.29592
2.53811
1.38564
2.33691
3.2548
2.39948
1.93045
2.03276
2.66553
2.79913
2.83208
2.12413
1.99075
2.17554
2.61511
1.81727
1.72901
2.75529
1.90984
1.89147
1.72018
3.0611
2.89037
2.65024
2.82996
2.27901
2.50342
2.61174
1.7734
2.55531
2.02755
2.68866
2.80431
1.85721
3.1594
3.9455
2.03271
2.65126
1.96421
2.31609
3.38471
2.97195
2.84552
2.1985
1.73463
1.82814
2.56019
1.63298
2.82164
2.2939
4.26093
2.73837
3.72943
1.63013
2.55127
2.5583
1.90006
1.84958
1.93868
2.00355
2.0913
2.38834
2.10026
2.91173
2.52119
2.17992
3.18337
2.43721
1.94875
3.14268
2.47599
3.66681
1.67081
2.4653
2.43882
1.77463
2.70507
3.12276
3.00491
2.35811
2.26466
1.7134
3.0869
2.01868
2.28961
2.31649
2.50952
2.12743
1.77655
1.62497
2.54228
2.74184
1.85146
1.97294
2.42293
2.57823
3.17649
1.94707
1.38935
2.16207
2.02673
2.20696
2.65714
2.1849
2.39759
2.5781
2.44651
2.09659
2.79509
1.6145
2.10494
3.52937
3.05459
0.918439
1.69639
1.90317
3.79878
1.73144
1.5422
1.48909
2.29111
2.38323
2.07792
3.63919
2.4667
2.42252
2.18001
2.32664
2.20421
1.86943
2.39199
1.32623
3.03652
1.64171
1.94549
3.06676
2.0709
2.86721
2.23175
2.28116
2.85289
2.51689
2.14552
1.86741
2.08895
2.52621
1.94222
2.68026
2.0666
1.73156
2.55811
2.07322
2.31797
2.10492
1.91465
2.15963
1.85909
2.55901
2.31068
2.11897
2.45413
2.0334
2.7423
1.36392
2.6772
2.68789
1.8236
2.06791
1.7892
3.26126
2.21152
1.16012
2.35745
1.981
2.10666
2.09051
2.46484
2.5706
1.82383
1.63843
2.39833
2.14512
2.50339
2.28345
2.99794
2.21837
3.32874
2.68382
2.19024
3.89643
2.89199
2.48743
2.50495
1.73171
2.08578
2.20598
2.15316
1.67678
3.05766
2.35222
1.74361
2.54264
2.9642
1.84455
2.0537
2.14077
2.29384
2.55302
4.42759
1.91612
2.91986
2.18349
1.42972
2.97485
3.27575
2.73337
1.23617
1.84175
2.16883
3.28425
2.15301
1.26199
2.12671
2.3537
1.87905
1.90107
3.32587
1.70283
2.44634
2.07743
1.7847
2.5506
2.41717
2.95996
1.87066
2.9554
3.21383
1.82603
3.06338
2.98416
2.09511
2.03322
2.10139
3.26271
2.42899
1.9697
1.91032
2.82865
2.38269
1.8631
2.12054
2.34513
3.02578
1.70877
2.45233
2.52744
2.12447
2.63144
1.86518
2.77664
1.93592
2.83519
1.8415
2.91451
2.02813
2.70042
2.82479
2.28873
2.48869
1.46168
2.20635
2.59861
2.68947
1.86044
2.04384
2.08974
2.17172
1.73185
2.07556
1.96197
2.62045
1.79704
2.0118
2.88493
1.74284
2.48161
1.94547
2.25738
1.75047
2.87311
1.79271
3.52431
2.07548
2.80998
2.08663
1.83342
2.01736
2.70176
1.87936
3.54467
2.81053
3.52152
1.99124
2.21103
1.82142
2.06338
3.32669
3.31729
1.71981
2.85343
3.53887
2.05596
3.10972
2.20931
2.08205
3.05313
3.8929
1.9482
2.12104
2.42214
2.06488
1.87918
2.46107
2.34219
2.42377
1.08272
1.89041
2.4296
2.62349
2.12489
2.20024
2.06983
2.84274
2.78094
2.96479
2.61847
3.57561
2.37765
3.30092
2.88207
2.38208
2.87711
3.28481
1.88941
1.95109
3.3854
2.42526
2.22925
1.87532
1.74016
2.03101
2.44808
1.98742
2.55559
2.96966
2.40881
1.712
2.1924
1.81683
2.50075
3.00939
1.88645
2.16478
2.44439
1.58294
2.20996
1.9986
2.12627
1.82068
3.44363
2.93249
2.53552
1.86145
2.25912
2.13167
3.23683
3.11637
2.64183
3.15729
2.31246
2.26717
2.82576
2.1008
2.01699
3.32985
2.38926
2.00728
3.05361
3.34888
2.17675
3.0513
2.45128
2.43739
1.74271
2.45056
1.7597
2.39183
2.07442
2.18692
3.65268
2.88374
1.65833
1.49949
1.97876
0.664006
3.13763
3.93228
4.0326
2.77488
2.36309
2.59332
3.14472
3.08159
2.04562
2.01476
2.0046
2.42136
2.46712
1.94044
1.58997
1.97149
1.9864
2.38733
2.2695
3.48067
2.28666
2.08936
1.64009
1.76436
2.46834
2.9818
2.02939
2.4387
2.10367
2.60493
1.95835
1.95641
2.39544
2.15948
2.43851
2.66244
2.17414
2.26585
1.51883
2.40616
2.32425
2.85661
2.55639
2.53749
2.05528
2.31865
2.07147
1.80708
2.69981
2.08872
1.92142
2.61309
1.29556
2.30144
2.14774
1.93671
3.16072
1.88725
1.67082
1.87318
3.28229
2.03238
2.50345
2.20583
2.30432
2.31242
2.23481
2.05062
1.99846
2.14654
1.95122
2.19313
2.04345
2.92592
2.22449
2.46106
2.32199
1.56803
2.06231
1.8753
0.474893
2.89941
2.3586
4.43593
1.21595
2.23333
2.11692
1.94845
2.31811
2.67982
3.55248
3.17542
1.9438
3.02323
2.72738
1.62025
2.68318
2.20792
2.21287
2.92003
2.2775
2.45288
2.31537
2.426
2.94953
3.04169
3.08187
2.28532
2.91693
2.44989
3.08856
2.27623
1.92905
2.74834
2.20416
2.77335
3.08639
2.14735
1.77173
2.0175
1.83005
2.64339
1.45411
1.06322
2.15971
2.44117
2.39811
1.77153
1.81786
2.4999
2.37973
2.01855
2.13581
1.98411
1.11699
1.95786
2.84288
3.67357
2.52934
1.97745
2.76691
3.47322
2.50975
2.8679
2.69476
2.27031
2.93305
1.88789
2.40055
1.76066
1.98149
2.33088
2.58524
2.3613
3.41765
2.66028
2.47631
1.86535
1.33471
3.21775
2.21358
2.27975
2.33649
3.42336
3.47904
3.85461
3.37997
2.2953
2.81894
3.43189
2.07696
2.91886
1.97775
1.90516
1.73033
2.24633
2.29255
2.33911
2.73516
1.71693
2.08334
1.49462
1.87507
2.04199
1.94323
2.86135
3.54967
2.92414
3.00506
2.28436
2.13103
2.31014
2.47252
2.42122
1.70625
2.79055
1.55345
2.28095
2.59921
2.61134
2.79782
1.81285
2.20179
3.47996
2.20963
2.95775
2.70907
3.08165
1.9988
3.35705
2.93094
2.0341
2.1974
2.77288
2.79587
2.21756
1.84712
1.47173
2.02666
2.69916
2.83104
1.95104
1.92361
2.52955
3.5551
3.49974
2.31987
2.25857
2.91025
2.3386
2.09718
3.2987
3.1613
1.72756
2.63794
2.24241
2.54437
2.15788
3.45095
2.35276
2.74258
2.63653
4.26331
2.23058
3.3615
1.86727
2.11809
2.03724
2.04757
2.74518
1.95565
2.52573
1.9628
3.09034
3.38562
3.11316
2.37397
2.34413
2.67785
3.16014
3.1479
1.78563
2.98524
2.87366
2.23855
1.79388
1.55445
2.48063
2.65895
2.3713
3.24972
3.10729
3.17949
1.65997
2.66758
1.97434
2.41
2.65287
1.91526
2.52728
2.04266
2.86306
1.58732
2.12542
3.08031
1.84313
2.65037
2.6115
2.08533
2.12417
2.72716
1.73468
2.58796
2.78786
2.35587
2.27705
2.16601
1.59355
2.73957
1.53361
2.3435
1.06739
2.5565
1.70284
3.49678
3.17386
2.98239
1.65937
2.06241
1.59287
2.63098
1.44611
2.11856
2.15569
3.08866
2.16648
1.93033
2.27837
3.86504
1.92191
2.77195
2.14798
2.63817
2.40858
3.64759
2.79542
2.28797
2.0087
1.79561
2.15542
1.98153
3.13356
2.43485
1.90483
2.43051
2.02838
2.50422
2.06006
2.07275
1.86505
2.08686
2.38478
1.58574
3.24335
1.73385
2.11866
1.90675
2.40734
2.71967
2.2434
2.65965
2.11576
2.33636
3.07398
3.09016
1.68057
2.3626
2.2288
1.84573
2.22611
2.8059
2.02096
2.15893
2.34956
3.09923
1.83222
2.05038
2.60242
1.6623
2.02414
3.09817
2.05186
2.30473
1.76653
2.62399
1.9989
2.24892
3.38701
2.04798
2.79105
