1.70413
1.84239
1.54684
1.79051
2.0407
2.15741
1.27954
1.6559
1.68161
1.58115
1.48884
1.70575
1.31586
1.99688
1.56125
1.34086
1.54062
1.27495
2.00411
2.11939
1.07484
1.72731
1.45325
3.49225
1.60196
1.82573
1.60854
2.31209
1.8325
1.47619
1.57212
1.75982
1.32757
2.12062
1.87923
1.77466
2.10713
1.72332
2.42985
1.4021
1.68395
1.54544
1.71829
1.55778
1.53662
2.31408
1.71483
1.88381
1.45191
1.67673
1.2839
1.37943
1.62455
1.20467
1.85533
1.7052
1.46874
2.29143
1.89336
1.00745
1.62837
1.51368
1.5819
1.42279
1.82994
1.33383
2.12371
1.84094
1.70498
1.27258
1.85288
1.76713
2.37504
1.63147
1.48633
1.44247
2.52219
1.60516
2.01131
1.95872
2.18375
1.27695
1.47227
1.19969
2.10867
1.74208
1.45129
1.47479
1.18056
1.84043
1.56784
1.20816
1.33633
1.63769
1.4188
1.47484
1.98111
1.77048
2.07512
1.9416
1.26549
1.80022
1.84687
1.75864
2.02845
1.35294
1.19979
1.60014
1.51651
1.46847
1.82356
2.05344
1.88711
1.84975
1.90491
1.74193
2.21381
1.52712
1.29718
1.70343
2.67143
1.89275
1.55026
1.41507
1.00971
1.61899
1.97039
1.73341
1.37998
1.69909
1.42196
1.5422
1.5402
1.56809
1.67202
1.69089
2.62487
1.76177
2.23748
1.60257
1.9653
1.79405
2.18582
1.46343
1.42924
1.38591
1.74061
1.90756
1.89373
1.1897
1.65626
1.80636
1.99257
0.968924
1.67008
1.61033
1.46032
1.68406
1.7189
1.63956
1.53169
1.62947
1.56637
2.12461
1.67891
2.27581
1.93138
1.56596
1.53753
1.74671
1.74514
2.42017
1.92149
1.19121
1.89373
1.26357
1.69892
1.60394
1.40866
2.09956
1.39813
1.55595
2.12074
1.54223
1.55522
1.99693
1.70865
1.82512
1.65877
1.78496
1.44931
1.98995
1.79388
1.62471
1.91245
2.12147
2.31722
1.80035
1.67605
1.8713
2.14272
1.80322
1.28687
1.70485
1.31166
1.77522
1.44656
1.27212
1.74102
1.97004
1.53452
1.48683
2.05421
1.47122
1.82758
1.85229
1.66802
2.06571
1.99173
1.22679
1.27322
2.26668
1.42847
1.79436
1.63961
1.92541
1.9985
1.1134
1.7818
1.52009
2.09906
1.89847
1.40864
1.48512
1.73963
1.91134
1.68031
2.00957
1.64184
1.40898
1.63362
1.17478
1.76227
1.99514
1.18036
1.72542
1.38913
1.66518
1.94556
1.70433
1.42259
1.21714
1.53499
1.93273
1.86061
1.47038
1.59706
1.65756
1.48464
1.63477
1.40484
1.68928
1.74135
1.61043
1.82586
1.65775
1.59535
1.54859
1.73827
1.64601
1.8994
1.58874
1.5648
1.69461
1.83784
1.79179
1.8687
1.36697
1.70377
1.84823
1.50838
1.71539
1.80945
1.59335
1.45334
1.6153
2.13632
2.49991
1.82598
1.77431
1.462
1.13032
1.58028
1.80886
1.85462
1.85231
1.44496
1.54482
2.12974
1.36807
1.32989
2.09335
1.79637
2.15921
1.71482
1.41162
1.7049
1.57414
1.47712
1.40061
1.88186
1.5666
1.99716
1.33156
1.69196
2.09252
1.61235
1.70094
1.86987
1.91846
1.61917
1.71811
1.98161
1.90802
2.0957
1.36765
1.93213
2.07251
2.10272
1.73433
1.7561
1.63144
1.30524
2.84899
1.77526
1.6788
1.89525
2.05312
1.44067
1.59814
1.39968
2.3921
1.56196
1.68705
2.03225
1.90594
1.8711
2.01119
1.62685
1.58034
1.289
1.94728
1.74776
1.30961
2.0194
1.98213
1.55065
1.68587
1.66913
1.22095
1.38831
1.85563
1.5681
1.82995
1.58872
1.66348
1.59861
1.20557
1.2812
1.55578
1.95539
1.60295
1.7554
2.06114
1.53584
1.68083
1.87017
2.1111
2.34593
1.54724
1.97526
1.8353
1.74234
1.67214
1.29034
1.81362
2.38642
1.71456
1.53124
2.00963
1.9937
1.32778
1.89164
1.54709
1.35854
1.56457
1.61476
1.7679
1.39813
1.71789
1.94461
1.98361
1.62359
1.56267
1.50854
1.67167
1.26124
1.94778
1.79756
1.23436
1.13544
1.44403
1.90303
1.84274
1.84836
1.43073
1.36853
1.86371
0.945069
2.17738
1.4844
1.28092
1.57365
1.92725
1.84078
1.61321
2.05063
2.34213
1.78166
2.26492
1.35998
2.02353
1.9059
1.97064
1.87651
1.60883
1.05695
1.54082
1.41314
1.66565
1.43647
1.62015
1.38749
1.76486
1.72022
1.77659
2.31397
1.95228
1.41333
1.77104
1.37108
1.95729
1.91339
1.58661
1.56695
1.4313
1.46592
2.05055
2.13084
2.04167
1.58716
1.42573
1.25691
1.95101
1.51299
1.57059
2.63367
1.50729
1.46992
1.86197
1.61589
2.45661
1.93718
2.10783
1.72354
1.71137
1.38237
1.79748
1.85182
1.68262
1.35756
1.2772
1.40876
1.85238
1.69919
1.64281
1.45859
1.69865
1.8721
1.83991
2.54702
1.92191
1.60038
1.552
1.19523
2.02158
2.01763
1.76727
1.4547
1.6429
2.09079
1.65595
2.88117
1.76999
1.56189
2.01813
2.13663
1.73374
1.74255
1.31094
1.72073
2.07813
1.85478
1.81407
1.74534
1.5584
1.85419
1.6037
1.53948
2.14618
1.75382
2.43827
1.88186
1.83976
1.83549
1.68909
2.02878
1.47884
1.70444
2.0763
1.32445
1.69699
1.96032
1.69501
1.75556
1.68867
1.56375
1.5658
2.12391
2.00498
0.888443
1.43989
1.87383
1.61141
1.343
1.80898
1.9795
1.28847
1.59322
1.73395
1.98891
1.61891
1.76775
1.60062
1.61231
1.5377
1.67346
1.5164
1.02378
1.39481
1.59538
1.69596
1.86584
1.66437
2.07962
1.58973
2.03037
1.73844
1.48042
1.489
1.59567
1.97663
1.82022
1.5097
1.80773
1.35024
1.7491
1.76106
1.47805
1.71401
1.68282
1.52284
1.43271
1.6179
1.81986
1.72304
1.3608
1.55582
1.84261
1.54611
2.12956
1.89904
1.77877
1.27334
1.4774
1.5002
1.64333
1.62704
1.4805
2.01785
1.47466
1.82616
1.66854
1.59058
1.60022
1.30637
1.64198
1.84517
1.84493
1.22227
1.68945
2.4703
1.87899
1.92965
1.45742
1.77382
2.37643
1.67933
2.0017
1.92128
2.04695
1.29915
1.60731
1.44477
1.45281
1.73597
1.65126
1.54604
1.31507
1.45448
1.83357
1.29535
1.59401
1.49365
1.69871
1.42091
1.65978
1.99916
1.99211
1.5914
1.83945
2.01887
1.75952
2.68301
1.69736
1.48298
2.43712
1.79308
1.77794
1.61896
1.86029
1.54791
1.57629
1.87513
1.61386
1.18445
2.23746
1.82046
1.52332
1.75876
1.62578
2.35814
2.04333
1.64265
1.55658
1.64518
1.63506
1.41407
1.6101
1.61123
1.65757
1.51463
2.08729
1.5616
1.26976
1.55181
1.44049
1.83433
1.84348
1.77357
1.08396
1.75972
1.65287
1.9608
1.54874
2.23762
2.07859
1.95592
1.79064
1.85985
1.51344
1.52591
1.761
1.5174
1.62013
1.67949
1.91678
1.57654
1.39872
1.40075
1.45408
1.69087
1.4548
2.07897
1.78646
1.73171
1.41271
1.95579
1.59248
1.71372
1.47012
1.86201
1.53294
2.31306
1.42569
1.9141
1.83365
1.33529
1.87864
1.67672
1.81107
1.61237
1.56244
1.53346
1.67514
2.0766
1.71124
1.93113
1.45006
1.54951
1.45011
1.50073
1.82398
2.1141
1.44432
1.42361
1.47399
1.79431
1.71739
1.41093
1.61937
1.91464
1.96599
1.75253
1.71135
1.30189
2.02709
2.01497
1.64427
2.12849
1.89788
1.94061
1.25241
1.76273
1.74832
1.19417
2.23594
1.92708
1.47525
2.16695
1.85144
2.14483
1.7976
1.72606
2.04179
1.61194
1.77064
2.68532
1.21825
2.16886
1.90506
1.61034
2.12435
1.69619
1.25584
1.72892
1.77837
1.73645
1.75053
1.47329
1.71859
1.73337
1.69392
1.29911
1.61188
1.77243
1.84014
1.85435
1.87017
1.68681
1.65845
1.76614
1.4857
1.82855
1.59658
2.15593
2.26564
1.47511
1.94363
1.51356
1.55065
1.33564
2.00501
1.52081
1.78309
1.40306
1.50923
1.97531
1.78902
1.27403
1.49299
1.90069
1.12917
1.27568
1.57388
1.63426
1.48486
1.47957
1.41919
1.4366
1.74667
1.41897
1.92646
1.5159
2.21089
1.60108
1.19882
2.13474
1.6641
1.72042
1.61277
1.77142
1.6252
1.67563
1.55394
1.4736
1.3164
1.40434
1.45566
2.12729
1.53918
1.74806
1.78255
1.68101
1.82771
1.48348
1.38584
2.07842
1.65504
1.58454
1.59562
1.609
1.64677
1.36383
1.5163
1.64915
2.04851
2.42555
1.47446
2.07601
1.6823
2.19896
1.63495
1.04508
1.40309
1.65428
1.5315
1.92206
1.65142
1.23836
2.2146
1.30055
1.76614
1.4334
1.88434
1.781
1.31634
1.42197
1.46374
1.75392
1.5881
2.0925
2.08047
2.38655
2.05425
1.49704
1.56866
1.86561
1.32325
1.69679
1.60346
1.97375
1.66918
1.96743
2.1031
1.48746
1.54028
1.82828
1.56235
1.69306
1.54463
2.8542
1.38551
1.82321
1.74461
2.29794
1.89433
2.16302
1.60592
1.70839
1.7972
1.61395
1.85149
1.63194
1.40053
1.47612
1.39592
1.71228
1.86501
1.73961
1.7811
1.48776
1.82842
2.41083
1.35459
2.45156
1.63825
1.70035
2.5742
1.69208
1.4673
1.48304
1.64761
1.09646
1.5525
1.92727
1.36536
1.95846
2.14491
1.49214
1.69237
1.76311
1.29093
1.16223
1.80313
1.75056
1.34577
1.68767
1.34139
2.45412
1.67739
1.48668
1.83234
1.5026
2.47401
1.5311
1.62209
1.27045
2.01705
1.91974
1.04932
1.70676
1.60555
1.57023
1.75848
2.01063
1.30391
1.60043
2.03715
2.19131
1.67925
1.93532
1.772
1.31853
1.38023
1.13102
1.81785
1.72656
1.39244
1.60697
2.08963
1.35465
1.65248
1.36018
1.41766
1.7219
1.73373
2.23529
1.46627
1.80874
1.95429
1.39003
1.43524
1.70886
1.50371
1.53988
1.42161
2.31504
1.23441
1.86834
1.3496
1.93954
1.59793
1.47416
2.10182
1.48009
1.34673
1.70497
1.41977
1.73738
1.35367
1.9607
1.53972
2.40196
1.78502
1.34234
1.67946
1.71442
1.72906
1.7897
1.27385
1.45926
1.85868
1.82459
1.53281
2.12799
1.28096
1.52446
1.33659
1.95136
1.55618
1.47801
1.4736
2.24535
2.21197
1.78366
1.95957
1.76654
2.28949
1.69346
1.39334
1.41505
1.34109
2.16723
2.62239
1.40919
2.08675
1.70357
1.69731
1.66543
2.17528
1.38277
1.75616
1.64397
1.68331
1.4395
2.02461
1.77558
1.43867
1.49258
1.50796
1.89068
1.69361
1.42218
1.73738
1.79202
1.90577
1.91747
1.51237
1.28411
1.44687
2.14649
1.83955
1.74058
1.88624
1.69764
1.73299
1.99634
1.65521
2.02853
1.82053
1.43761
1.73557
1.46755
1.32318
1.85233
2.66043
2.28837
1.76097
1.51454
1.64004
1.73935
1.8616
2.15544
1.49431
1.57495
1.41851
1.39787
1.36277
1.50107
1.326
1.77543
1.46226
1.49808
1.63135
1.11023
1.40088
1.65265
1.4991
1.79535
1.99004
1.67784
2.28605
2.0411
1.71313
1.71131
1.83963
2.05887
1.41423
2.13977
1.90874
1.91505
1.97951
2.5737
1.73321
1.45965
2.02548
1.59018
1.55049
1.33881
1.6909
1.44659
1.48602
1.77356
2.0627
1.75544
1.48752
1.75009
1.62908
1.4733
1.55882
1.74461
2.18489
1.58614
1.81245
1.45542
1.51987
1.7951
1.3941
2.03172
2.58019
1.72733
1.80054
1.48237
1.93726
2.03767
1.64905
2.20766
1.16851
2.07698
2.01284
1.57261
1.68325
1.81212
1.78734
1.8879
1.6117
2.08611
1.67543
1.53452
1.60342
2.09107
1.82409
1.78327
1.4802
2.2484
1.62765
1.52453
1.30845
1.78944
1.32843
1.89923
1.03548
1.4633
1.67251
2.03261
1.94323
2.8449
1.5649
2.13639
1.93564
1.28607
1.98933
1.94943
1.51248
1.19727
1.43407
1.85161
2.14656
2.14869
1.56139
1.63663
1.65772
1.91906
1.37834
1.57336
1.7089
1.75623
1.85906
1.92831
1.14958
1.50547
1.17338
1.92522
2.07294
1.29294
1.60744
1.4109
2.01976
1.68833
1.92467
1.52432
1.82589
1.25229
1.45716
1.60112
1.43404
1.69016
2.11479
2.08006
1.55033
1.57471
1.65494
1.72546
2.08439
1.96756
1.73992
1.81865
1.56197
2.90856
1.65369
2.03971
1.40375
1.43263
1.33542
2.02733
2.19351
1.85441
1.74893
1.94425
1.60761
1.92683
1.77465
1.6629
1.32123
1.79398
1.60493
1.70668
1.85434
1.61818
1.66674
1.46434
2.10393
1.70553
1.73557
1.81055
1.58822
1.28658
1.7343
1.48162
1.84471
1.59376
1.45207
1.09091
1.59233
1.73255
1.42895
2.00666
1.87346
1.4561
1.42902
1.73164
1.72807
2.23442
1.64654
1.74404
1.53932
1.51575
2.31438
1.5798
1.80614
1.79878
1.94588
1.89306
1.75053
1.87857
1.49706
1.60206
1.05489
2.00263
1.44793
1.9056
1.87779
1.85059
1.73453
1.41382
1.37733
1.59771
1.54925
1.38029
1.77187
1.81698
1.82421
1.22442
1.27234
1.49215
2.2116
1.90762
1.6424
1.5917
1.93374
2.0229
1.74437
2.07728
1.69171
1.7914
1.63131
1.98806
1.89758
1.48281
1.25989
1.81995
1.58104
1.64666
1.40064
1.80618
1.3519
1.8755
1.87943
1.61903
1.46153
1.59867
1.6929
1.76868
1.38788
1.60309
1.42639
1.77114
1.93883
1.5717
2.00141
1.95464
2.01407
1.44053
1.66598
1.80999
1.87136
1.79979
2.27764
1.39495
2.15824
1.76846
1.62576
1.61619
1.72731
1.57472
1.66998
1.71113
1.49786
1.64959
1.20713
1.84627
1.87487
1.51215
1.22688
1.87554
1.66686
1.49232
1.7424
1.46578
2.08011
1.25727
1.84817
1.77112
1.61786
1.66684
0.935927
2.04247
1.68667
1.72978
1.72415
2.059
2.27459
1.51142
2.0214
1.22954
1.82949
1.74989
1.32378
1.7016
1.99769
2.42018
1.18035
1.56383
1.83144
2.05816
1.69726
1.6357
1.57629
1.61735
1.57852
1.55827
1.90442
1.3659
1.58792
1.66252
1.88524
1.55886
1.95768
1.51386
1.49381
1.72904
1.56087
1.764
1.88014
1.87516
3.10941
1.62235
1.46615
1.7573
1.5299
1.60554
1.82767
1.9861
2.20248
1.73609
1.76198
2.01999
1.59968
1.86569
1.94192
1.87626
1.53031
1.73811
1.51521
1.96887
1.81853
1.23663
1.78411
1.31392
1.36721
1.9491
1.57905
0.974132
1.40072
1.72755
1.56009
1.83904
1.77541
1.55812
1.60984
1.79291
1.47105
2.08864
1.93251
1.80221
2.05828
1.73277
1.45765
2.05402
1.84196
1.84998
1.67442
1.45202
1.5706
1.98287
1.36646
1.22665
1.48281
2.32176
2.1143
1.63926
1.26233
1.91006
2.53474
1.45797
1.72213
1.45279
1.51969
1.48091
1.78688
1.79698
1.42953
2.25309
1.27311
1.6476
1.31071
1.66914
1.69395
1.48482
1.90308
1.60398
1.41037
1.61224
1.51122
2.143
1.66751
1.421
2.04994
1.70038
1.0518
1.99038
1.98293
1.58273
1.83851
2.0847
1.58259
1.90298
1.51161
1.51007
1.69614
1.98871
1.26871
1.75744
1.5483
1.77613
1.73479
1.72488
1.41082
1.77007
1.58637
1.77187
2.12284
2.18492
1.40194
1.92213
1.6329
1.34416
1.75078
1.34727
1.70638
1.96261
1.4714
1.15667
2.13406
1.70704
1.62828
2.18454
1.45964
1.66175
1.7668
1.83973
1.21636
1.54178
1.36682
1.65675
1.4834
1.84471
2.19213
2.12549
1.4869
2.33365
1.57883
1.27688
1.06923
1.85269
2.08294
1.7066
2.14684
1.017
1.78305
1.7049
1.66238
1.41995
1.80118
1.5776
1.59208
1.40461
1.86869
1.44955
1.63417
1.88322
1.6383
1.57329
1.68918
1.58764
1.30965
1.81607
1.2568
1.74208
1.54522
1.26226
1.45154
1.45074
1.75882
1.62023
1.85235
1.44877
1.39515
1.10355
1.69651
1.84788
1.56834
1.42859
1.2174
1.43215
1.79891
1.7453
1.60296
1.8936
1.81519
1.73702
1.83176
1.83755
1.61829
1.78631
1.64537
1.64912
1.67134
1.98914
1.78853
1.72353
1.39527
1.36277
1.6778
2.12852
1.8755
2.56989
1.80376
1.58014
1.94305
1.88605
1.70842
1.47376
1.33407
1.87518
2.01649
1.83957
1.40054
1.50724
1.49722
1.57328
1.65675
1.72568
1.67321
1.87427
1.8168
1.47532
1.78866
1.76522
1.49976
2.09728
1.56878
1.51138
1.72341
1.84298
1.42762
1.38411
2.12493
1.40397
1.97769
1.59035
1.49121
1.65047
1.89669
2.59887
1.79788
2.15088
1.40068
1.73153
1.28699
1.42522
1.57703
1.62198
1.88598
1.27933
2.47961
1.64367
1.84162
1.80968
1.30191
1.86569
1.74391
2.30304
1.60157
1.35793
1.55456
0.979223
1.75713
1.60916
2.10048
1.86851
1.12382
1.30262
1.7569
1.82445
2.00678
1.32956
1.74954
1.94094
1.5916
1.69429
1.62891
1.44733
2.03026
1.99721
1.74896
1.54023
2.10011
1.76248
1.54144
1.2957
1.72303
1.90882
1.87311
1.87904
1.76056
1.57972
1.69281
1.47327
2.36722
1.45475
1.64318
1.78487
1.61463
1.83044
1.91582
1.61709
1.46118
1.365
2.062
1.90067
1.74453
2.28218
1.64821
1.4433
2.22194
2.02284
1.38585
1.64849
1.57641
1.28795
1.48954
1.89488
1.90782
2.68812
1.60134
2.2534
3.0682
1.88168
1.5827
1.27418
2.14158
1.57157
1.86157
1.78169
1.61074
2.02163
1.67468
1.43555
1.54791
1.58893
1.69596
1.79831
1.62147
1.78347
1.68163
1.51069
1.71199
1.46302
1.52416
1.49317
1.55049
1.13696
1.88294
1.90921
1.48953
1.77716
1.60839
1.8187
1.86764
1.62721
1.41689
2.07489
1.44385
1.51038
2.07606
1.89186
1.76062
2.29594
1.80299
1.77387
1.53737
1.82644
1.37458
1.88133
2.32267
1.89906
1.57062
1.59727
2.08351
1.45509
2.37124
2.08976
1.93773
1.35804
1.71081
1.66496
1.5989
1.46102
1.51288
1.39952
2.01518
1.53457
1.61954
1.67706
1.81155
2.16903
1.49804
1.78847
1.54044
2.15433
1.63709
1.55934
1.58099
2.105
2.11264
1.69981
1.70988
1.62839
1.74527
1.67354
1.92493
1.50649
1.60522
1.4963
1.88865
1.3122
1.86746
1.61369
1.93881
2.26188
2.14831
1.86448
1.43828
1.76982
1.43022
1.6316
1.85426
1.66427
1.76496
1.8243
1.38298
1.52265
1.50497
1.11387
1.41818
1.26501
1.60623
1.61423
1.62743
1.84522
1.84685
1.49305
1.76436
1.40816
1.4339
2.20013
1.55487
1.6484
1.9336
1.41652
1.37645
2.02713
1.50483
1.53273
1.38321
1.72477
1.67178
2.1694
2.04691
1.48505
1.61916
1.771
1.63435
2.05061
1.64129
1.65704
1.46781
1.49826
1.38672
1.52942
1.55922
1.46969
1.71461
1.44621
1.70441
1.64316
1.3629
1.81453
1.41293
1.82675
1.41395
1.19051
1.72218
1.8295
1.08921
2.01815
1.5549
1.72919
1.11366
1.58614
1.26636
1.79461
1.73013
1.98014
1.87391
1.32526
2.13665
1.40323
1.72738
2.07767
1.11423
1.44411
1.71484
1.40712
1.54395
1.15144
1.84367
1.96897
1.0553
1.65779
1.63546
2.02859
1.4336
1.52973
1.897
1.88337
1.3713
1.49466
1.06486
1.76606
1.61656
1.95465
1.95408
1.34015
1.87952
1.53636
1.81833
1.51349
2.37146
1.966
1.50234
1.63784
1.97989
1.69845
1.62286
1.75434
1.65646
1.61561
1.27448
1.82557
1.16292
1.91684
1.25902
1.77375
2.21769
1.52441
1.57962
1.40036
2.15923
1.53562
1.61011
1.33174
1.65582
1.75206
1.93763
1.98823
1.62703
1.75653
1.67453
1.72375
1.2301
1.65054
1.69332
1.67721
1.59371
1.90206
1.57779
1.57326
1.31447
1.5564
2.10211
2.11368
1.76258
2.09924
1.95489
1.96841
1.72048
1.61808
2.20692
1.74824
1.52169
1.80083
1.81793
1.90853
1.91965
1.65674
1.44445
1.41876
1.92388
1.42015
1.55236
2.14893
2.05526
1.4852
2.03176
1.67483
1.38459
1.49347
1.47363
1.35213
1.41734
1.90974
1.94747
1.57329
2.07659
1.75287
1.52845
1.31241
1.52326
1.53192
1.13359
2.01887
1.74272
1.69648
1.7875
2.01286
1.36492
1.77343
1.56533
1.88567
1.55811
1.82444
1.63461
1.23079
1.63979
1.87586
