-0.668187
-0.913549
-0.836029
-0.406769
-0.478054
-0.721951
-1.10537
-0.928061
-0.487644
-1.01527
-0.390032
-0.757048
-0.702003
-0.936463
-1.15201
-0.467389
-0.570491
-0.722167
-0.6849
-0.520369
-1.29904
-0.824037
-0.918049
-0.844468
-0.6872
-0.527926
-1.25186
-1.00634
-0.591269
-0.843438
-0.783041
-0.800759
-0.866957
-0.734134
-0.922388
-1.11099
-0.609967
-1.05601
-0.67096
-0.668709
-0.815163
-0.877386
-0.938928
-0.5477
-0.853886
-0.120491
-0.57537
-0.551337
-0.717957
-0.7377
-0.738431
-0.737528
-0.561153
-1.07794
-0.646173
-1.19827
-0.534801
-0.505272
-0.840422
-0.483714
-0.75639
-0.640589
-0.798923
-0.522708
-0.0819649
-0.973677
-0.900495
-0.664629
-1.19117
-0.447867
-0.759668
0.143819
-0.885121
-0.543928
-0.811499
-0.889176
-0.581467
-0.127081
-0.86178
-0.802241
-1.00967
-0.827405
-0.794705
-0.983943
-0.965328
-0.97898
-0.874643
-0.669643
-0.722777
-0.758462
-1.1593
-1.2713
-0.552323
-0.721704
-0.604729
-0.816474
-1.12829
-0.663157
-0.101625
-0.896821
-0.88102
-0.912595
-1.07736
-0.353822
-0.745114
-0.48261
-0.781216
-0.863785
-0.781897
-0.779894
-1.35663
-0.443972
-0.62263
-0.783323
-0.73612
-0.656997
-0.68964
-0.749178
-0.880701
-0.718669
-0.750556
-0.497718
-0.322354
-0.438357
-0.402829
-0.708723
-0.932267
-0.481574
-0.88735
-0.637971
-0.923765
-0.377032
-0.699378
-0.757844
-1.0721
-0.923183
-0.717992
-0.804831
-0.635333
-0.905518
-1.00138
-0.816721
-0.735837
-0.631784
-0.455959
-0.72038
-0.400067
-0.561097
-0.879296
-0.443212
0.207523
-0.853671
-0.651373
-0.581085
-0.72845
-0.979313
-1.04906
-0.58325
-0.644723
-0.702701
-1.10108
-0.312531
-0.708521
-0.936446
-0.68691
-0.681908
-0.593961
-0.59638
-0.923359
-0.845529
-1.04018
-0.994941
-0.724681
-0.88882
-0.74875
0.116837
-0.721083
-0.723852
-0.490987
-0.138362
-0.794831
-0.568059
-0.759634
-0.556455
-0.497865
-0.534565
-0.59121
-1.1103
-1.10912
-1.0073
-1.15846
-0.622979
-0.780257
-0.790336
-0.7376
-1.15732
-0.6356
-0.54999
-0.998986
-0.428504
-0.7511
-0.930549
-0.862663
-0.624402
-0.832621
-0.624033
-1.27636
-0.867675
-0.626014
-0.981545
-0.653371
-0.941847
-0.800134
-1.23249
-0.703626
-0.651888
-0.860302
-1.02298
-0.576422
-0.676358
-0.598634
-0.689644
-0.620994
-0.521458
-0.931661
-0.801405
-0.81975
-0.693133
-1.03233
-0.744137
-0.72031
-0.848583
-1.08726
-0.792181
-0.853874
-0.851268
-0.664297
-0.581628
-0.536722
-0.929663
-0.730003
-0.573042
-0.954025
-0.712419
-1.04538
-0.623135
-0.952993
-0.636856
-0.398337
-0.611082
-0.921792
-0.639586
-1.01616
-0.480571
0.34409
-0.634597
-0.937547
-0.485513
-0.868459
-0.819491
-0.776375
-0.528462
-1.01406
-0.535886
-0.287504
-0.513455
-0.764481
-0.626098
-0.828462
-0.338733
-0.736756
-0.616279
-0.836345
-0.628938
-0.784429
-0.691431
-0.568343
-1.19577
-0.748028
-0.515184
-0.855613
-0.801747
-0.979563
-0.788792
-0.58956
-0.882797
-0.710908
-0.815835
-0.881375
-0.584926
-0.526627
-0.588823
-0.851572
-0.134468
-0.578148
-0.758794
-0.699099
-0.671098
-0.63898
-0.619622
-0.83732
-0.741498
-0.88455
-0.719944
-0.69659
-0.371797
-0.837842
-0.678314
-0.429216
-0.577766
-0.448357
-1.09867
-0.333499
-0.778579
-0.695605
-0.665982
-0.70456
-0.809424
0.428094
-0.874235
-0.348495
-0.446736
-0.875111
-0.242241
-0.518771
-0.532185
-0.495307
-0.905207
-0.672918
-0.394676
-0.308478
-0.354627
-0.696442
-0.688358
-1.00266
-0.631824
-0.982302
-0.690775
-0.737523
-0.758404
-0.442678
-0.888932
-0.604724
-0.874539
-0.535218
-0.6325
-0.746132
-0.574836
-0.913888
-0.895019
-0.301244
-1.17594
-0.863043
-0.678737
-0.956275
-0.733366
-0.244676
-0.706893
-0.775457
-1.00586
-0.782526
-0.650342
-0.839256
-0.733298
-0.561013
-0.867008
-0.809822
-1.13615
-0.831799
-0.630466
-0.991797
-0.729545
-0.579633
-0.80296
-1.20459
-0.743265
-0.751142
-1.05065
-0.864641
-0.854517
-0.891764
-0.874069
-0.717009
-0.768315
-0.767888
-0.575508
-0.548554
-0.482481
-0.623448
-0.562449
-0.60133
-1.00199
-1.16742
-1.33964
-0.706565
-0.982189
-0.747123
-0.795116
-0.833589
-0.918213
-1.1058
-0.148047
-0.858608
-0.521347
-0.581368
-0.523289
-0.611394
-1.06245
-0.607004
-0.624708
-0.708389
-0.990578
-0.868286
-0.828598
-0.869039
-0.932755
-0.863239
-0.000270106
-1.00079
-0.868174
-1.00981
-0.895511
-0.436886
-0.960953
-0.875293
-0.758008
-0.620113
-0.668348
-0.710824
-0.707294
-0.738228
-0.96122
0.130974
-0.9626
-0.92636
-0.658594
-0.842864
0.312623
-0.545207
-0.787752
-0.450878
-0.666867
-0.648514
-1.04344
-0.485182
-0.769632
-0.822421
-0.620857
-0.974522
-1.04818
-0.887236
-0.573285
-0.676202
-0.795149
-0.815343
-1.01747
-0.917548
-0.814712
-0.736286
-0.730828
-0.944027
-0.895394
-0.671062
-0.456607
-0.768572
-0.292382
-0.653506
-0.599572
-0.901152
-0.507223
-0.440083
-0.784497
-1.13659
-1.38006
-0.624453
-0.129255
-0.669773
-0.871957
-0.634747
-0.430947
-1.1864
-0.785309
-0.386116
-0.746446
-0.987842
-0.570527
-0.926551
-0.630554
-0.031473
-0.824057
-0.978859
-0.592313
-0.788183
-0.637388
-0.880526
-0.972835
-1.14261
-0.990781
-0.76615
-0.76671
-0.83047
-0.724844
-0.876048
-0.447503
-0.28746
-1.08016
-0.969128
-0.687886
-0.497666
-0.629726
-0.445559
-1.11557
