0.889009
0.899129
0.829579
0.80652
0.803671
0.86231
1.07084
1.02071
0.771106
0.935322
0.792321
0.879243
0.941051
1.08783
1.21521
0.744004
0.860967
0.91714
0.81379
0.767061
0.965055
0.87624
0.906868
0.9237
0.923404
0.802231
1.08664
1.04976
0.882406
1.02513
0.914001
0.992924
1.00331
0.987416
0.965353
1.09738
0.904183
1.10067
0.850766
0.907925
0.938844
0.960521
1.07664
0.761363
1.00443
0.524314
0.806216
0.853899
0.942524
0.954387
0.79336
0.852212
0.841482
1.09049
0.882615
0.973968
0.870904
0.811262
0.891734
0.755466
0.914162
0.945915
0.951498
0.724382
0.566413
0.945607
0.93536
0.856058
1.05744
0.83932
0.819671
0.519491
0.970748
0.823527
0.920313
1.02646
0.907161
0.58122
0.945881
0.916205
0.954244
0.984097
0.851161
0.910291
1.02648
1.36178
1.02899
0.909116
0.915402
0.928312
1.20564
0.966398
0.828476
0.799758
0.800769
0.974117
0.982229
0.931377
0.554485
0.970007
1.01146
0.906611
0.923734
0.762596
1.00642
0.791342
0.867267
0.961935
0.939436
1.03402
1.26578
0.811959
0.815725
0.896371
1.10286
0.906196
0.93364
0.777748
1.061
0.860192
0.920667
0.832238
0.760228
0.775594
0.73804
0.993981
1.07217
0.78772
0.930474
0.833915
1.02194
0.785022
0.952376
0.955609
0.955039
0.995594
0.868053
0.845699
0.932528
0.987252
0.979827
0.916914
0.946204
0.797571
0.741413
0.962113
0.713309
0.863432
0.972613
0.758605
0.406211
0.957346
0.84051
0.810776
0.913614
1.02811
1.01123
0.826493
0.86587
0.97055
1.11169
0.689507
0.836996
0.833711
0.839387
0.912338
0.817966
0.86297
1.02414
0.876605
1.08784
1.09339
0.820753
1.15462
0.977669
0.560549
0.959337
0.916142
0.856436
0.67955
0.914318
0.860143
0.899801
0.7523
0.780469
0.861849
0.838535
1.06641
1.04711
0.909409
0.972258
0.821234
0.939116
0.877543
0.922956
0.978992
0.865826
0.735419
1.11009
0.735774
0.911064
0.923372
0.953185
0.857146
1.0252
0.835066
1.21169
0.84035
0.864801
1.10363
0.945891
0.972553
0.990241
1.12625
0.917464
0.929056
0.982166
1.01041
0.795065
0.939754
0.816768
0.979027
0.870443
0.801429
0.970514
0.942028
0.952229
0.837904
0.987432
0.756034
0.86042
0.926945
0.905494
0.854396
0.961733
1.01087
0.843873
0.792892
0.769142
0.937643
0.913028
0.869866
1.08266
0.872937
0.979913
0.924628
0.989448
0.870507
0.744724
0.818807
0.833135
0.901092
1.10282
0.763292
0.39774
0.825496
1.0778
0.799293
0.841449
0.910207
0.96433
0.798294
1.02584
0.804112
0.672384
0.821265
0.976915
0.827392
0.854968
0.740926
0.927538
0.849144
1.02577
0.818393
0.910953
0.901597
0.727218
1.09364
0.796332
0.82641
0.894503
0.872747
0.923396
0.965714
0.81948
0.903023
0.880106
0.887337
0.916994
0.789581
0.724767
0.840951
0.933014
0.645825
0.904122
0.867909
0.808726
0.834771
0.838318
0.800024
0.85645
0.887608
0.961786
0.863705
0.926488
0.683842
0.91267
0.882074
0.779767
0.806005
0.772544
1.0976
0.768017
0.932012
0.881477
0.998094
0.894159
1.03959
0.413333
0.878146
0.76177
0.752105
1.03306
0.690311
0.788357
0.826961
0.78241
1.01129
0.833061
0.784709
0.739968
0.686011
0.948422
0.96206
0.977211
0.897441
1.18544
0.959479
0.93986
0.962533
0.800445
0.986204
0.927716
0.925285
0.829424
0.767883
0.830193
0.81076
0.85461
0.966269
0.71864
1.01608
0.976988
0.880149
0.857991
0.94918
0.633805
0.858394
0.923936
0.823733
0.81433
0.881286
1.03489
0.871962
0.802324
0.972822
1.11851
1.00116
0.878899
0.892506
0.967395
0.852596
0.826942
0.898653
1.05351
0.943557
0.870049
1.09639
0.851818
0.946729
0.976933
0.814901
0.928801
0.947318
0.882874
0.86068
0.764349
0.759667
0.92123
0.799244
0.890844
1.42913
0.953667
1.20386
1.0205
1.04845
0.951432
0.856867
0.930905
0.980769
1.12782
0.606661
1.06707
0.844898
0.875435
0.802504
0.929841
1.06952
0.854105
0.776546
0.923119
0.903115
1.01114
0.822555
0.940557
0.945843
0.981821
0.588807
0.917894
0.942075
1.01462
1.06988
0.733509
0.957126
0.956606
0.826402
0.74869
0.876744
0.790465
0.880701
0.862542
0.954163
0.488961
0.991451
1.09954
0.907649
1.00962
0.400397
0.849697
0.88992
0.741713
0.850509
0.883846
0.973971
0.776709
0.86828
0.933675
0.964612
1.11467
0.917798
0.982478
0.849042
0.970878
0.947467
0.946035
0.965707
1.03825
0.996009
0.935627
0.904271
1.07706
0.850942
0.872538
0.717627
0.844609
0.717013
0.889127
0.769389
0.977417
0.828975
0.78814
0.955973
1.07809
1.09764
0.848008
0.674428
0.899302
0.910046
0.905014
0.813007
1.0275
0.987863
0.726086
0.874791
1.08028
0.816948
0.964472
0.890745
0.598436
0.995569
0.965836
0.818172
0.993379
0.918819
0.94571
0.932773
1.18854
0.906377
0.887006
0.966521
0.824189
0.846841
0.837259
0.879541
0.651902
1.074
0.913881
0.841378
0.810078
0.878203
0.749618
1.16646
