1.4564
1.40664
1.06269
1.62435
1.46919
1.42444
0.812759
1.2972
1.30087
1.43486
0.916786
0.945943
0.916584
1.57802
0.935455
1.17522
1.13478
0.902155
1.23387
1.41694
1.12841
1.37859
1.35825
1.42865
1.5928
1.404
1.20343
1.35109
1.4126
1.11725
1.58552
1.99521
0.672886
1.797
1.73435
1.44755
1.60682
1.72055
1.7483
0.872095
1.21421
1.11889
1.14807
1.04151
1.1625
1.91835
1.19921
1.59706
1.33468
1.12253
0.960632
0.859817
1.1875
1.15737
1.54239
1.20628
1.08213
1.88805
1.55831
0.779283
1.17227
1.1621
1.43975
0.974634
1.73562
1.04278
1.5549
1.62008
1.02427
1.57007
1.23047
1.6817
1.43332
1.09077
1.20582
1.11702
1.66464
1.34608
1.56344
1.41455
1.57664
1.21851
1.0441
0.877208
1.56244
1.27716
1.15955
1.53826
1.0308
1.54959
1.3737
1.23792
1.26244
1.17164
0.923483
1.06191
1.32627
1.36799
1.21488
1.47878
0.969143
1.4868
1.67575
1.44825
1.72341
0.982243
0.72812
1.62037
1.63124
1.10522
1.22989
1.67041
1.3387
1.2163
1.02357
1.02565
1.02556
1.01465
1.057
1.03396
1.9185
1.40675
1.4043
0.97644
0.573608
1.55393
1.34644
1.32117
1.12585
1.59997
0.973656
1.25316
0.958489
1.14374
1.18112
1.7345
1.90452
1.16075
1.79167
1.238
1.72043
1.27876
1.52287
1.0749
1.13781
1.13565
1.11865
1.32864
2.00447
0.963301
1.11594
1.19921
1.51132
1.39595
1.20448
1.26207
1.04003
1.25903
1.06778
1.02612
0.860285
1.21581
0.987132
1.58028
1.3975
1.99048
1.23293
1.10645
1.00565
1.03869
1.37369
1.65604
1.6594
1.07974
1.22562
0.822422
1.60162
1.11522
1.20522
1.41188
1.11701
1.05653
1.43654
1.03834
1.30625
1.28173
0.956376
1.07196
1.12392
1.23173
1.29676
1.9969
1.59799
1.23959
1.48952
1.53349
1.49218
1.04775
2.03583
1.72819
1.45449
1.36116
0.837266
1.08977
0.969488
1.52112
0.872321
1.19919
1.42982
1.32119
1.06589
0.992154
1.61405
1.33718
1.29749
1.49489
1.3729
1.55129
1.58747
1.56431
1.14396
1.7072
1.2663
1.36856
1.17638
1.26489
1.27545
1.14455
1.35747
1.21867
1.4885
1.33619
1.49858
1.12006
1.17079
1.51798
1.12965
1.33561
1.23293
0.952371
1.11554
0.939955
1.06508
1.37474
1.08232
1.35747
1.16947
1.21197
1.39332
1.57237
1.1911
0.923105
1.46216
1.46121
1.31992
1.08156
0.935564
1.52573
1.09523
1.62572
1.28126
1.24406
1.24364
1.11398
1.46316
1.07363
1.27489
1.49095
1.46379
1.07009
1.69783
1.2947
1.12023
1.39148
1.21196
1.71951
1.45393
1.09068
1.20637
1.24783
1.05094
1.17995
1.25505
1.07583
1.04384
1.12819
1.77099
1.48745
1.33305
1.19779
1.07323
1.15743
0.924158
1.14155
1.3492
1.276
1.27848
0.934801
1.52026
1.0695
0.888582
1.45824
1.26435
1.18171
1.08549
1.14981
1.2192
1.30623
0.954134
1.01488
1.4465
1.21107
1.35233
1.08918
1.28771
1.75278
1.53931
1.33121
1.78811
1.32948
1.29948
1.24741
1.34685
1.24612
1.71141
0.771923
1.51517
1.1807
1.42786
0.918765
1.42893
1.1959
1.05377
1.5455
1.33536
1.23034
1.08888
1.91001
1.02291
1.26942
0.985178
1.44017
1.09262
1.25915
1.35723
1.78382
1.51541
1.32896
0.880962
1.05062
1.91359
1.2928
1.55785
1.03386
1.80293
1.64734
1.03009
0.997053
1.03175
0.884756
1.19729
1.53859
0.922102
1.68354
1.2272
1.30319
1.32419
0.806435
1.23541
1.38796
1.22036
1.39711
1.38702
1.44409
1.06305
1.69636
1.13032
1.35487
1.35981
1.09915
1.19368
1.44838
1.3366
1.4335
1.10499
1.2247
1.69822
1.38231
1.1434
1.46027
1.62788
1.01563
1.47997
1.10919
1.08227
1.5538
1.29574
1.59682
0.91633
1.09693
1.54379
1.45131
1.37229
1.25042
0.909774
1.19684
1.02251
1.29564
1.22642
1.28292
1.33758
1.0366
1.30808
1.48674
1.45645
1.05841
1.01356
1.4296
1.48506
1.65907
0.861192
0.882198
0.867775
1.43366
1.90212
1.46567
1.78349
1.70293
1.27257
1.53362
1.05907
1.65527
1.29237
1.11043
1.20439
1.38997
1.06601
1.33522
0.867583
1.26716
1.07418
1.19277
0.864285
1.43843
1.51052
1.55379
1.64061
1.24335
1.18831
1.11209
1.13574
1.34225
1.6203
1.17819
1.06327
1.26897
1.39283
2.25253
1.16805
1.48952
1.81581
0.983044
0.925906
1.7796
1.13278
0.874415
0.989338
0.993856
0.992516
1.50496
1.14743
1.6007
2.15117
1.41312
1.57205
1.19073
1.27579
1.37487
1.31767
1.73704
0.892338
1.16506
0.833805
1.50288
0.948802
1.06877
1.46696
1.61937
1.60364
1.25658
1.64923
1.21886
1.09924
1.01721
0.904001
1.59641
1.20913
1.87724
0.862549
1.22895
1.33543
0.950145
1.54644
1.21119
1.03784
1.61762
1.62895
1.76573
1.55385
1.23432
1.16807
1.43849
1.83363
1.42442
1.47052
1.1544
1.70305
1.41165
1.04902
1.46847
1.15096
1.88235
1.66931
1.79635
0.913355
1.48232
1.49331
0.975402
1.62137
1.60798
1.17595
1.17124
1.31475
1.12298
1.29547
1.25993
1.18096
1.38114
1.57324
1.58187
1.31575
1.30674
1.22033
1.0297
1.20311
1.20754
1.42482
0.987801
1.28665
1.65604
1.54678
0.91848
1.84282
0.827454
0.908267
0.959107
0.905272
1.19889
1.1176
1.13507
1.04658
0.967676
1.38161
1.03409
1.51931
1.0349
1.51003
1.11445
1.06794
0.870506
1.19098
1.55168
1.37685
1.10514
1.27832
1.04667
1.53538
1.31618
1.52753
1.03908
1.09966
0.913561
0.946781
1.06608
1.12431
1.28354
0.869891
1.14202
1.19736
1.17132
1.13701
1.22708
1.58343
0.887247
1.21535
1.1387
1.20699
1.2609
1.02775
1.54626
1.27634
1.46534
1.21505
1.44351
1.15073
1.1544
1.35084
1.41041
1.54377
1.40384
1.20464
1.47238
1.17935
1.28741
0.969779
1.19548
1.20341
1.37774
1.45409
1.166
1.14595
1.14228
1.12176
1.19631
0.986124
1.31321
1.5913
1.20112
0.934145
1.06821
1.55782
1.1005
1.17464
1.24481
1.22548
1.02572
1.50449
1.43308
1.43535
1.00374
1.22099
1.93429
1.30911
1.46045
1.28125
1.54638
1.59389
1.53847
1.37801
1.07788
1.32132
1.22545
1.31381
1.56617
1.21122
0.848738
1.78121
1.33845
1.27412
1.61027
1.18039
1.56378
1.50856
1.45513
0.996087
1.5852
0.973164
0.97502
1.21428
1.20952
1.37817
1.06959
1.54268
1.80794
1.03292
1.24975
1.09806
1.34503
1.23566
1.09253
0.944799
1.689
1.6457
1.75941
1.10152
1.69049
1.77574
1.12128
1.02736
1.3965
1.53708
1.4884
1.39611
0.959608
1.11027
1.23678
1.42581
0.837025
1.10422
1.08386
1.34674
1.58733
1.11243
1.53359
1.38688
1.3203
1.08143
1.13922
0.997355
1.25855
1.00286
1.35569
1.11246
1.60651
1.17696
1.58924
1.24067
0.985187
1.33982
1.20005
1.18631
1.03336
1.21498
1.07904
1.54095
1.2746
1.11978
1.16778
1.07208
1.36174
1.0481
1.33272
1.68772
1.85859
0.983089
1.01287
1.02095
1.59701
1.23816
0.854599
1.12359
1.53465
1.0726
1.46405
1.17579
1.06275
1.25194
1.37738
1.38956
1.40981
1.45687
1.31709
1.16509
1.07742
1.41216
0.966122
1.10082
1.3172
1.19844
1.49615
1.10148
0.995392
1.07481
1.53981
1.82895
1.15562
1.5198
1.82085
1.01365
1.57743
1.27494
1.37265
1.38859
1.65675
1.31519
1.32363
1.28558
1.06688
1.19261
1.00458
0.85593
1.29169
1.25218
1.17309
1.40353
1.07678
1.22064
1.57479
1.42547
1.2673
1.38243
1.37407
0.930439
1.21864
1.14318
1.35265
1.55109
1.08051
1.14905
0.964552
1.53328
0.890598
1.58895
1.26537
1.19331
0.913619
1.11207
1.90765
1.10699
0.99493
1.54468
1.25135
0.960381
0.886517
1.07429
1.2222
1.24862
1.10981
0.764491
1.1372
1.45312
0.764096
1.04804
1.04448
1.7143
1.32532
1.04031
1.9551
1.45482
1.14935
1.63284
1.35051
1.27709
1.33626
1.52371
0.943566
0.934253
1.00832
1.09913
1.09711
1.21866
1.34382
1.15053
1.15743
1.35541
1.17774
1.0407
1.35717
1.42368
1.42686
0.886767
1.42379
1.09898
1.00415
1.29613
1.4017
1.76445
1.61131
1.0876
1.21491
1.15418
1.26873
1.09397
1.09449
1.08981
1.26365
1.10148
1.42706
1.44708
0.98795
1.53545
0.90872
1.74555
1.09699
1.31306
1.43531
0.895519
1.04375
1.09791
1.31654
1.6627
1.41745
1.43825
2.25596
1.64003
1.22529
1.16913
0.994848
1.08861
1.41332
1.0017
1.91865
1.31925
1.95346
1.64071
1.14455
1.15823
1.62383
1.01178
1.22343
0.971912
2.53749
1.11438
1.74615
1.4782
1.64586
1.62906
1.62982
1.9154
1.32526
1.34612
1.05745
1.32513
1.32975
0.961005
1.11494
1.41728
1.07963
1.088
1.13636
1.21289
0.967083
1.28183
1.38753
1.20106
1.64025
1.04556
1.12998
1.51986
1.43136
0.94886
1.05739
1.25714
1.04966
1.26662
1.30192
1.11639
1.57575
2.1806
1.01822
1.00838
1.59476
1.00974
0.863423
1.25023
1.78758
0.7811
1.12169
1.13282
1.86589
1.38352
1.06581
1.57313
1.20749
2.1293
1.3152
1.15448
1.10855
1.28646
1.39613
0.753847
1.41624
1.25302
1.14474
1.18238
1.76219
0.850195
0.94899
1.15913
1.42523
1.72564
1.22054
0.96864
1.32088
0.894418
0.904597
1.46893
1.55062
1.03377
0.829351
1.17306
1.5757
1.40786
0.761141
0.917821
1.20626
1.97076
1.36152
1.14455
1.45014
1.79468
1.30041
1.11323
1.12478
1.27389
1.08967
1.08228
2.34117
0.912627
1.52942
0.961641
1.63456
1.12997
1.02942
1.67141
0.833094
0.906994
1.29404
1.35457
1.3212
0.972811
1.35319
1.03993
1.43394
1.51186
1.02135
1.3703
1.17617
1.7251
1.13971
1.04192
1.27344
1.34627
1.61017
0.958897
1.47159
0.829186
1.08423
1.29088
1.13268
0.938072
1.08795
1.31644
1.49177
1.57487
0.968149
1.52954
1.252
1.47736
1.09996
0.978783
1.38847
1.02156
1.49939
1.49286
1.24842
1.6236
1.04783
1.1804
1.41029
1.74832
1.20019
1.43207
1.04385
1.55385
1.29429
1.54907
1.98185
1.02727
0.93222
1.17135
2.13136
1.26906
1.01161
1.17731
1.50572
1.32934
1.2244
1.22171
1.22752
1.14177
1.36359
1.37647
1.09574
1.36631
1.59061
1.21346
1.6329
1.31214
1.33592
1.32873
1.25497
1.11322
0.9821
1.06698
1.12367
1.68452
1.35657
1.19069
0.994022
1.37903
1.04189
1.11316
1.59953
1.02435
1.31375
0.993091
1.14275
0.892739
1.56287
1.33886
1.51601
1.14756
2.34593
1.27736
1.37067
0.825738
1.18661
1.00206
1.83416
1.39233
1.16764
2.32956
1.57061
1.39584
1.38854
1.43197
1.49086
0.999036
1.61024
0.989918
1.26401
1.70472
2.29929
1.30114
1.05806
1.20709
1.07871
1.7351
0.968361
1.12587
0.975141
0.83128
1.09548
1.49721
1.52185
0.902025
1.09816
1.1423
1.33296
1.12374
1.46712
1.41633
0.90154
1.24385
1.04502
1.561
1.55088
1.29161
1.4943
1.85789
1.26224
1.5491
1.14108
1.24582
1.79837
1.14955
1.85649
1.26971
1.51088
1.63583
1.138
1.49025
1.48172
1.80051
1.47596
1.27579
1.38951
1.06809
1.97722
1.16903
1.44255
1.61694
1.94749
1.01419
1.70949
1.25993
1.36153
1.02727
1.19674
0.835667
1.18248
0.903813
1.48322
1.06143
1.40489
1.34
1.49406
1.24957
1.46311
1.86098
0.972686
1.29763
1.68438
1.08128
0.867104
1.50263
1.46712
1.62395
1.44643
1.06347
1.29129
1.07076
1.40924
1.15948
0.997634
0.923999
1.57305
1.23792
1.57149
0.999693
1.12877
1.00255
1.37699
1.5171
1.06591
1.86481
0.795468
1.77744
1.08418
1.15921
0.923768
1.84063
0.811104
1.42434
1.18939
0.924268
1.09609
1.91621
1.55792
1.09649
1.29456
1.4004
1.04366
1.57249
2.03276
1.45702
1.34821
1.4117
1.22177
1.16055
1.73717
1.05475
0.941411
1.47788
1.20136
1.49927
1.28122
1.01627
1.24699
1.95165
1.5312
1.39561
1.68683
0.993827
1.39799
1.27349
1.35317
1.43642
1.09694
1.12545
1.37118
1.69962
1.38757
1.25116
1.11751
1.30382
0.919529
1.09886
1.0181
1.25458
1.10311
1.008
1.01144
1.173
1.15556
1.07572
1.26827
1.26857
1.72039
1.17088
1.36176
1.04918
1.78322
1.05893
1.73183
0.958228
0.820066
1.74467
0.910312
1.27304
1.78441
1.40266
1.38785
1.39879
1.41312
1.45546
1.43438
1.25162
1.24362
0.790142
1.27085
1.22053
1.33378
1.5541
1.02553
1.24287
1.04246
1.05021
1.08795
1.36785
1.59128
1.11549
1.11031
1.03612
1.27507
1.32276
1.24505
1.37361
1.05172
1.17503
1.53544
1.2473
1.51411
1.28758
1.41988
1.30078
1.3735
1.22399
1.1927
0.950608
1.46468
1.14488
1.168
1.24717
1.04646
0.86838
1.29491
1.58727
0.964661
1.09781
1.16663
1.26275
1.31741
1.46779
1.02911
1.20443
1.41037
1.15101
0.992414
1.34247
1.26992
1.56512
1.2357
1.51187
1.14611
1.36619
1.45227
1.66565
1.19708
1.9038
1.21858
1.8162
1.30254
1.36684
1.13719
1.22417
1.38167
1.19416
1.43478
0.769092
1.30536
1.36104
1.03318
1.00479
1.0126
1.52514
1.08775
1.50234
1.17477
1.30057
1.12616
1.47165
1.16622
0.877183
1.33393
1.05368
1.55688
1.01296
1.12325
1.17761
1.24852
1.77576
0.862125
1.45803
1.08589
1.49021
1.00011
1.16556
1.5878
1.4644
1.46389
0.771881
1.38896
1.31909
1.58606
1.60355
0.905098
1.47161
1.34991
0.901238
1.66114
1.46717
0.963315
1.38568
1.34866
1.04812
0.984119
1.49224
1.11447
1.08288
1.30802
1.21709
1.16905
1.61261
1.43157
1.8463
1.09744
0.917608
1.37582
1.26489
1.77096
1.78244
1.35768
2.29631
1.17948
1.55812
1.41217
1.42911
1.40446
1.41594
1.29209
1.23322
1.89669
1.09409
1.2642
1.67023
1.13144
1.52591
0.853943
1.01052
1.35424
1.22592
0.828198
1.42053
1.41977
1.32213
1.28823
1.12024
1.18853
1.28755
1.5713
0.915361
1.9689
1.83646
1.24673
1.45937
1.25838
1.01909
1.45611
1.22551
0.924168
0.977509
1.03153
1.36089
1.81811
1.1213
0.951642
1.14732
2.33027
1.32527
1.08305
1.04596
1.2617
1.61106
1.26653
0.869473
1.10527
1.26703
1.07277
1.76358
1.24518
1.08302
1.5899
0.963216
1.02841
0.854412
1.13658
1.5573
1.48373
1.26461
1.07867
1.00488
1.08969
0.957309
1.50889
1.01342
1.02351
1.20005
1.12889
0.84167
1.68919
1.15022
1.11128
1.89888
1.45286
1.2203
1.33241
1.09297
0.893861
1.28813
1.26276
0.902452
1.27757
0.75253
1.53989
1.25823
1.26571
0.991928
1.15969
1.35153
1.21127
1.67455
1.59893
0.888121
1.23286
1.22427
1.27083
1.24049
1.34476
0.980024
1.59194
1.04393
1.14298
1.2816
1.48279
1.04799
1.55923
1.00618
1.05452
1.27068
1.3178
0.916958
1.22179
1.00286
1.05381
1.00259
1.21722
1.39256
1.68464
1.11109
1.39641
1.38024
0.956975
1.0835
1.48237
1.37274
1.7251
1.48959
0.915381
1.56484
1.79688
1.02519
1.15063
1.20504
1.316
1.10319
1.2153
1.37111
1.09961
0.931113
1.64028
0.961553
1.08537
1.35199
1.28342
1.04479
1.39623
1.64799
1.12592
1.01804
0.974331
1.15782
1.14937
1.03871
1.19398
1.43523
1.12734
0.960319
0.985062
1.51579
1.16619
1.04049
0.937618
0.762092
0.870259
1.13468
1.84823
1.18672
1.44194
1.49713
1.306
1.5307
1.18188
1.12346
1.43131
1.06829
1.25888
1.06565
1.68498
1.34484
0.980403
0.887886
1.07094
0.973719
1.3378
1.14165
1.41618
1.66966
0.825202
1.41035
1.25278
1.2871
1.26518
0.904327
1.47222
1.60248
1.58136
1.25496
1.05807
0.976218
1.47388
1.07984
1.43996
1.15949
1.69601
1.17016
1.02386
1.37787
1.3088
1.08645
1.4669
0.980955
1.01623
1.22417
1.12603
1.26145
0.900283
1.42223
1.07894
1.46376
1.23761
1.39153
1.63469
1.31116
1.92442
1.07023
1.37209
1.3106
1.73253
1.37352
0.923431
0.929238
1.18918
1.53712
0.939402
1.41934
0.984828
1.35008
1.27869
1.08607
1.27161
1.68916
1.55761
1.07696
1.12975
0.874952
0.921426
1.61793
1.32095
1.4375
1.32472
0.899803
0.992567
1.07786
1.26077
2.56574
0.90409
1.10747
1.14305
1.10162
1.26319
1.38686
0.967579
1.63292
1.27123
1.25626
0.877679
1.37443
1.29737
0.978842
0.909854
1.27743
1.9005
1.79641
1.57364
1.14056
1.13036
1.34058
1.03331
1.74383
1.02535
1.07185
0.959815
1.28469
1.09464
1.6755
1.31799
1.04153
0.9828
1.70962
1.63529
1.27505
2.18762
0.990382
0.957405
1.50283
1.21973
1.1429
1.27612
1.08835
0.935707
1.15095
1.3219
1.73858
1.70622
1.03405
1.39442
1.37599
1.97615
1.43097
1.43462
1.70007
0.964485
0.993863
1.32897
1.19017
1.585
1.07248
1.13965
1.23725
1.19605
1.29672
1.04982
1.37332
1.74662
1.26467
1.16379
1.16196
0.841464
1.08678
0.975481
1.52715
0.892402
1.1686
1.33522
0.981419
1.18997
1.37803
1.04056
1.26145
0.875259
1.13695
1.49441
0.867301
1.14546
1.81022
1.30533
1.21982
1.77392
1.3014
1.87931
0.877253
1.71345
1.13043
1.3817
1.87968
1.34083
1.39345
1.13967
1.35527
1.17667
2.01616
2.84656
1.40013
1.2349
1.309
1.30841
1.41905
0.959782
0.848244
1.06992
1.66134
1.06706
1.19422
1.43419
1.4495
1.46497
1.10038
1.6506
1.25649
1.38911
1.15814
1.3022
1.66677
1.6526
1.67134
1.32253
1.03736
1.04127
1.40217
1.2239
2.18577
1.3809
1.20079
1.14621
1.53591
0.961498
1.21023
1.04211
1.24331
1.73449
1.3898
1.35242
0.893502
1.39553
1.26817
1.25509
1.39035
1.19367
1.208
1.7578
1.20261
0.937319
1.40812
0.976169
0.995292
0.904707
1.3569
1.36079
1.05422
1.40204
1.26077
1.21448
1.24075
1.02879
0.867346
2.02607
1.09778
1.49721
1.40252
1.37778
1.00161
1.34565
1.55159
1.08259
0.932235
1.43664
1.22594
1.6436
1.35919
1.05281
1.19892
1.12876
1.26604
1.63455
1.81879
1.14581
1.36251
0.943071
1.21614
1.22675
0.765757
1.00577
0.962922
1.16328
1.11031
1.2907
1.20871
1.65697
1.14052
1.53688
1.00514
0.870844
1.19925
1.61224
1.17
1.53344
1.2069
1.24538
1.29007
1.55683
1.20181
1.49527
1.38538
1.59282
1.43624
0.986789
1.78328
1.03135
1.25423
1.59933
0.82237
0.884065
1.3161
1.10054
1.20674
0.83665
1.14824
1.90966
0.982081
1.10707
1.43576
1.46991
1.51866
1.11404
1.18876
1.23766
1.21147
0.908979
0.992821
1.19543
1.69347
1.27249
1.6252
1.09524
1.40617
2.00086
1.70693
0.978278
1.68876
1.5965
1.06347
1.28092
1.51109
1.33551
1.50334
1.01314
1.1347
1.11102
1.38258
1.25354
0.781544
1.14739
1.03124
1.34006
1.5733
1.32845
1.06434
2.50149
1.27461
1.29979
1.2595
1.26905
1.56834
1.34268
1.3239
1.56683
0.892544
1.24784
0.869662
1.29096
0.847805
1.37387
1.14011
1.02571
1.45874
1.53613
1.18257
0.876888
0.98985
1.05995
1.41341
2.17624
1.08311
1.14797
1.68885
1.06007
1.42231
1.45058
1.65973
1.09989
0.914074
1.37631
1.22793
1.55365
1.29357
1.55553
1.03322
1.04407
1.29157
1.06715
1.27611
1.20182
1.33066
1.35629
1.40372
1.69487
0.968333
1.07059
1.14195
0.980568
1.09466
1.37106
1.73275
1.39402
1.68586
1.32868
1.12808
0.942598
1.528
0.867525
0.798847
1.27729
1.06918
1.20575
1.61681
1.59689
1.08302
1.30653
1.23177
1.61759
1.25322
1.18101
1.09555
1.10508
1.03308
1.0974
