-1.22786
-0.700573
-1.0786
-0.995215
-0.196227
-1.26652
-0.989903
-0.712055
-0.55634
0.0984786
-1.20415
-0.806563
-0.249444
-0.595716
-0.515261
-0.00237119
-0.271584
-0.317504
-0.407829
-0.642945
-0.696149
-0.994669
-0.806628
-0.616386
-0.487039
-0.841333
0.036394
-1.15056
-0.511777
-0.930177
-0.89226
-0.662496
-0.613746
-0.774504
-0.293511
-0.778086
-1.07131
-0.402035
-0.624094
-1.18705
-0.925098
-0.676242
0.646182
-1.24639
-0.993944
-0.91626
-1.12144
0.0469125
-0.514961
-0.694877
-0.542897
-0.569619
-0.579771
-0.379391
-1.02932
-0.939385
-1.08236
-1.10786
-1.13675
-0.855523
-1.49752
-0.993515
-0.692371
-0.69415
0.0437851
1.18083
-0.514862
-0.112423
-1.06198
-0.627866
-0.563215
-0.539344
-0.336008
-0.913754
-0.307033
-0.573013
-1.23062
-0.672605
-0.588944
-1.01498
-1.38943
-0.477598
-0.473981
-1.11133
-0.480566
-1.02489
-1.02137
-0.984008
-0.238906
-0.403734
-0.459662
-1.41803
-1.13823
-0.42729
-0.115382
-0.941992
-1.09307
-0.83208
-1.15401
-0.961917
-0.650953
-0.142647
-0.454779
-0.727263
-1.14604
-0.544021
-0.250341
-1.08928
-1.01247
-0.625914
-0.380723
-0.409721
-0.552465
-0.835814
-0.672335
-0.752859
-0.801973
-0.975646
-1.25801
-0.267614
0.157112
-0.766686
-0.146522
-1.12041
-0.342416
-0.76256
-0.986346
-0.241726
-1.08942
-0.561924
-0.931537
-0.562644
-0.864997
-1.10442
-0.311194
-1.11034
-0.196559
-0.41774
-0.525595
-0.309636
-0.639507
-0.778539
-0.953021
-0.748151
-0.647442
-0.017602
-0.366553
-0.862782
-0.36678
-0.776465
-0.852944
-0.972379
-0.266442
-0.554709
-0.878845
-1.12162
-0.354183
-0.0778335
-1.16701
-0.600141
-0.445025
-0.637896
-0.73371
-0.776339
-0.5907
-1.34597
-0.452073
-0.182995
-0.866163
-0.4696
-0.887317
-0.278051
-0.654296
-0.597545
-1.24824
-0.237007
-0.557824
-0.917686
-1.35415
-0.741741
-1.09331
-0.623615
-0.914609
-0.650996
-0.276832
-1.14691
-0.22007
-0.415642
-0.708628
-0.347335
-1.06043
-0.37231
-0.439704
-0.364982
-0.456391
-0.649216
-0.423893
-0.633245
-0.62458
-1.26261
-0.237666
-0.501761
-0.459274
-0.345248
-0.315311
-0.566711
-0.876289
-0.372499
-0.191112
-0.21498
-1.20948
-0.156254
-0.444528
-1.15311
-0.00646317
-0.904407
-1.19192
-0.428829
-0.849971
-0.504031
-0.312673
-1.59021
-1.06898
-0.519973
-0.561898
-0.689194
-0.813876
-0.739719
-1.07101
-0.542943
-0.852191
-0.79469
-0.883412
-0.864352
-0.865923
-0.73128
-0.383829
-0.618093
-0.556193
-0.517678
-1.63149
-0.867804
-1.16001
-0.673366
-0.524162
-1.05424
-0.241683
-0.351346
-0.0837647
-0.726466
-0.308478
-0.0137833
-1.2481
-1.51163
-0.457608
-0.390364
-1.20279
-1.30925
-1.0827
-0.7225
-0.405146
-0.62804
-0.388695
-0.678073
-0.461396
-0.474301
-0.128177
-0.735123
-0.0236051
-0.83171
-0.108857
-0.489702
-0.404962
-0.466781
-0.749987
-0.4942
-0.473016
-1.28398
-0.659005
-0.63864
-0.498328
-0.724097
-0.916829
-0.58684
-1.35056
-0.680146
-0.944577
-0.464911
-1.156
-1.00387
-0.700949
0.0783525
-0.457897
-0.70291
-0.847014
-0.406745
-0.574453
-0.614759
-0.554692
-0.489814
-1.02224
-0.71883
-0.917866
-0.598793
-0.279377
-1.87113
-0.588222
-0.801643
-0.322126
-0.560811
-0.481988
-0.472122
-0.540065
-1.29665
-0.952874
-0.182279
-1.25321
-1.14956
-0.85649
-1.08879
-0.877577
-0.0833209
-0.576421
-0.321461
-0.974385
-0.523865
-0.779643
-0.955861
-0.327792
-0.846119
-0.992193
-0.510247
-0.899307
-0.0320058
-0.414602
-1.37163
-1.12201
-1.08316
-0.717294
-0.896254
-0.478146
-0.282847
0.12636
-0.742984
-0.539871
-0.754153
-0.416511
-1.26186
-0.190051
-1.13453
-0.914818
-1.02493
-0.71121
-0.759298
-0.494519
-0.227647
-0.44347
-0.656892
-1.16609
-0.352498
-0.580104
-0.491519
-0.838892
-0.554983
-0.217985
-1.11763
-0.595513
-1.00072
-1.24113
-0.632291
-0.864241
-1.24887
-0.516567
-0.765253
-1.36087
-0.596182
-1.08112
-1.30821
-0.817069
-0.802156
-0.83302
-0.174244
-0.843688
-1.23684
-0.506694
-0.677835
-0.420721
-0.696522
-1.33551
-0.569045
-0.42956
-0.402368
-0.939615
-0.325053
-0.658649
-1.11144
-0.829613
-0.608042
-0.884825
-1.3845
-0.816269
-0.810275
-0.572164
-1.21286
-1.00346
-0.729192
-0.83479
-0.833307
-0.371275
-0.474742
-0.342265
-0.800683
-0.633048
-1.06521
-0.957926
-0.210924
-0.720596
-0.967093
-0.336919
-0.109884
-0.156333
-1.10264
-0.476131
-0.606866
-1.24557
-0.239101
-1.07629
-0.832721
-1.00237
-1.30045
-0.678809
-0.716821
-1.3343
-0.622396
-0.732204
-1.31774
-1.06766
-0.857308
-0.766669
-0.473023
-0.45617
-1.00448
-1.19402
-0.307871
-0.890831
-0.918473
-0.93828
-0.664675
-0.291572
-0.655209
-0.786122
-0.353166
-0.558975
-0.953426
-0.530061
-0.323668
-0.817649
-1.11001
-1.22555
-0.848271
-0.397251
-0.630187
-0.966999
-1.1793
-0.90377
-1.09952
-0.650983
-0.93025
-0.586211
-0.953377
-1.00691
-1.09824
-0.790783
-0.619917
-0.475748
-0.859892
-0.391836
-1.41963
-1.15713
-0.984606
-1.34244
-1.19072
-0.935943
-0.169789
-0.735092
-0.673274
-0.69798
-0.649803
-0.860945
-1.06677
-0.684526
-1.22626
-1.01188
-0.390666
-0.680404
-0.63751
-0.569348
-0.650748
-0.845306
-0.313792
-0.754459
-0.207417
-0.269462
-0.395322
-0.841107
-0.342039
-0.67083
-0.921208
-1.14547
-1.10327
-0.788563
-0.881604
