1.06686
0.979566
1.13399
1.01696
0.795756
1.15014
1.02727
0.969462
0.938915
0.611926
1.19954
0.977233
0.784497
0.920101
0.865409
0.680686
0.812255
0.769113
0.804841
0.948161
0.951742
1.09484
1.04318
0.917427
0.920036
1.03336
0.619108
1.13834
0.883564
1.07161
1.0308
0.994752
0.955551
0.95818
0.820358
1.0095
1.10828
0.880416
0.923506
1.1284
1.056
0.988202
0.516349
1.13195
1.06271
1.06626
1.17446
0.796823
0.890744
0.947778
0.921945
0.930256
0.884837
0.845402
1.12176
1.00168
1.08262
1.09281
1.1518
1.03276
1.18865
1.10479
0.944574
1.00021
0.5964
0.619229
0.834632
0.729108
1.04263
0.863684
0.892703
0.925579
0.815975
1.04879
0.814917
0.987646
1.15542
0.995474
0.92562
1.03845
1.21149
0.902024
0.96697
1.16351
0.838741
1.10596
1.14379
1.0672
0.81841
0.822714
0.822002
1.15687
1.07228
0.84778
0.724422
1.03498
1.04664
1.02402
1.21289
1.07845
0.950505
0.75874
0.871238
0.985284
1.10455
0.913157
0.765579
1.07441
1.01533
0.948929
0.800946
0.844678
0.866188
0.993934
0.919891
1.01757
0.957877
0.993776
1.23666
0.741818
0.585214
0.9871
0.71769
1.16686
0.788889
1.02627
1.00274
0.784975
1.08273
0.951278
1.00298
0.894337
1.01087
1.10331
0.854123
1.06815
0.707571
0.852285
0.871429
0.852027
0.922063
0.956769
1.02909
1.00758
0.965023
0.646973
0.824464
1.02575
0.79515
1.05916
1.0391
1.08821
0.807929
0.915911
1.01572
1.10038
0.809621
0.712261
1.13977
0.915093
0.853847
0.938004
0.954779
0.95105
0.90463
1.19957
0.819457
0.781329
1.00839
0.876781
1.04265
0.813104
0.917511
0.91088
1.0705
0.774901
0.871432
1.06502
1.23545
1.06536
1.14531
0.968243
1.01962
1.01766
0.788467
1.17376
0.747305
0.821713
0.937843
0.870412
1.11121
0.781386
0.857764
0.826972
0.839154
0.933453
0.867021
0.936946
0.950504
1.1214
0.813242
0.905324
0.859185
0.809679
0.780657
0.947133
1.01209
0.838725
0.722223
0.742211
1.11193
0.743833
0.916639
1.10834
0.664006
1.08085
1.1059
0.858833
1.00106
0.871079
0.895432
1.22776
1.09718
0.897258
0.908431
0.960188
1.03902
0.958105
1.05795
0.915908
1.06333
1.00772
0.978488
0.992026
1.08445
0.989141
0.84133
0.96227
0.918268
0.880966
1.33467
1.01972
1.13542
0.990739
0.911649
1.12038
0.754769
0.834723
0.668578
1.01355
0.804408
0.634516
1.13735
1.24559
0.89258
0.832818
1.15185
1.21528
1.09157
0.97108
0.8346
0.968925
0.855611
0.995305
0.825624
1.01266
0.691981
0.950235
0.673009
1.05431
0.690851
0.84134
0.864672
0.878891
1.02444
0.900634
0.887974
1.18079
0.99057
0.911369
0.934216
0.943372
1.02513
0.884029
1.22449
0.926029
1.04521
0.890448
1.1451
1.03304
0.917504
0.63717
0.844552
0.936721
1.01551
0.879513
0.91011
0.941341
0.865258
0.928385
1.09093
0.95551
1.05156
0.892606
0.825513
1.28364
0.919467
1.00058
0.815876
0.964423
0.878534
0.913395
0.915505
1.18198
1.09133
0.745649
1.07229
1.11001
0.993979
1.08224
1.05289
0.673065
0.891369
0.812591
1.08289
0.831443
0.991634
1.05052
0.821176
0.999442
1.04513
0.913566
1.01708
0.702131
0.845826
1.04237
1.07402
1.08522
0.918969
1.07061
0.874035
0.77265
0.636641
1.05518
0.903023
0.94621
0.895282
1.15198
0.76034
1.1461
1.04958
1.07066
0.972424
0.970478
0.867875
0.746079
0.861184
0.975335
1.12644
0.821752
0.863278
0.846126
0.996464
0.98021
0.764818
1.183
0.936812
1.07962
1.14466
0.922159
1.09009
1.24004
0.8616
0.934811
1.21641
0.88848
1.06769
1.21039
0.942792
0.960066
1.0417
0.748214
1.02242
1.15892
0.883195
0.990577
0.884453
0.954239
1.12522
0.935721
0.879688
0.91351
1.06859
0.850249
0.930349
1.08465
1.03878
0.920443
1.01966
1.1786
1.0376
1.03367
0.904242
1.14199
1.08192
1.01785
1.04534
0.961935
0.81108
0.889828
0.816663
0.994321
0.920859
1.05742
1.03635
0.771552
1.00199
1.01582
0.837484
0.743353
0.712962
1.09564
0.82604
0.919235
1.09813
0.783021
1.11854
1.01008
1.02502
1.13966
0.966367
1.05866
1.2429
0.995608
0.951314
1.1545
1.04816
1.01531
1.018
0.890686
0.865586
1.04672
1.17693
0.800765
1.01597
1.0641
1.09828
1.03047
0.802435
0.924291
1.06471
0.771493
0.888524
1.06822
0.90885
0.83933
1.00886
1.0666
1.10061
1.05661
0.857468
0.916286
1.08601
1.11663
0.97267
1.10078
0.997177
1.07419
0.898886
1.07611
1.05791
1.10262
0.959646
0.974983
0.855873
1.00125
0.828459
1.2013
1.14337
1.05936
1.18356
1.16553
1.01759
0.69932
0.938308
0.978386
0.991677
1.02466
1.02345
1.0581
0.990921
1.20668
1.06124
0.851107
0.996085
0.983439
0.965071
0.942612
1.00152
0.821989
1.02358
0.736788
0.754768
0.862559
0.98508
0.834828
0.941543
1.01991
1.07273
1.04847
0.998461
1.0138
