1.34518
1.39657
1.44532
1.54145
1.86409
2.22917
1.2848
1.69864
1.26938
1.28806
1.60017
1.56608
1.97184
1.72406
1.40118
2.31857
1.26287
2.37917
1.47468
1.72782
1.94527
0.950962
2.18827
1.0567
1.10751
1.9804
1.04915
1.19484
1.87678
1.5829
1.23714
1.88211
1.49227
1.68384
1.72623
1.83793
1.8145
1.80249
1.5936
1.71206
1.49007
1.59018
1.8573
0.991469
1.58814
2.15665
1.43136
1.91551
2.1186
1.23915
1.40371
0.869379
1.64902
1.46256
2.13258
2.19997
2.33998
1.3734
1.53073
1.43607
1.31736
1.16968
1.43838
1.76496
1.42448
1.65142
1.53765
1.35853
2.3086
1.85519
1.22663
1.40206
1.28684
1.50993
1.81944
1.14915
1.32944
2.46795
1.33439
1.44487
1.38686
2.28373
1.73281
1.65524
1.39148
1.17203
2.109
1.33897
2.14126
2.39298
1.67041
2.09955
1.88132
1.45742
1.58236
2.2072
0.92283
1.8036
1.20035
1.08851
1.89849
0.916955
1.47322
1.62734
1.9145
1.7306
2.25765
1.88555
1.79794
1.11352
1.82977
1.50875
1.73664
1.21569
1.72102
1.32137
0.916484
1.25944
1.99775
1.42114
1.42314
1.27407
1.26089
1.5368
0.434784
1.66037
1.68999
1.34062
2.19071
1.56395
1.41336
1.5992
1.83113
1.99826
1.43324
1.80833
1.18198
1.99594
1.79403
1.70769
1.28373
1.44582
1.46742
1.83452
2.15333
2.06108
1.39546
2.17962
1.28835
1.34959
1.04454
1.23456
1.56898
2.3699
1.46415
1.76486
1.83377
2.30384
1.4806
1.45253
1.53569
1.79081
1.83855
1.48239
1.51218
1.88673
1.13897
1.83229
1.39479
0.915606
1.89886
1.84391
1.45405
2.43974
1.50703
1.6761
1.21866
1.69523
1.96619
1.78305
1.30479
1.53198
1.70736
1.2853
1.28723
1.12212
1.25349
1.62896
1.3995
1.23501
1.63834
2.6928
1.18043
1.84169
1.27781
1.41176
1.51984
2.32371
1.72275
1.04855
1.16687
1.77319
1.54505
1.62176
1.75992
1.61591
1.60391
1.0459
1.7723
1.80049
1.4033
1.70074
1.26729
2.22697
1.75945
1.60134
2.08353
1.50047
1.38535
2.13355
1.1559
1.51186
1.3103
1.65286
1.26449
1.692
1.69226
1.3034
2.45675
1.54465
1.43021
1.58009
1.88794
1.43105
1.67656
1.57698
1.70594
1.34614
1.03364
1.78508
1.75134
2.53173
1.10361
1.57494
1.79332
1.56765
2.13642
2.23887
1.61724
1.10435
1.69124
1.93042
1.44238
1.44984
2.09645
1.60483
1.6491
1.68264
2.68411
2.19455
1.91673
1.36925
1.11085
1.27679
1.27214
1.72677
1.78109
1.66799
1.34534
1.28326
1.7775
2.17008
1.69087
1.68617
1.34643
1.35229
1.40953
1.72074
1.28322
1.75559
1.48907
1.7307
1.50683
1.88269
1.72598
0.966165
1.70051
1.37665
1.65896
2.26309
1.84477
1.71297
1.45526
1.60681
1.13596
1.96377
2.20143
1.49006
1.56995
2.06837
1.6346
1.76473
1.53933
1.34772
1.07755
1.63478
1.62464
2.11055
1.82636
1.84761
1.88628
1.22278
1.43769
2.04124
1.33647
1.76279
1.35245
1.76956
1.76295
1.39445
1.43217
1.42899
1.62385
1.80995
1.92037
1.78915
1.85979
1.10477
1.55207
1.54573
1.48831
1.28858
1.42829
1.2597
1.20361
1.59548
1.46534
1.54128
1.21166
1.5556
1.93051
1.58476
1.54502
1.4077
1.32812
1.41875
1.41549
1.65643
1.46984
1.65985
1.35494
1.57324
1.33251
0.866992
1.79906
1.39315
1.71183
1.28279
1.36301
1.42757
1.17306
1.50003
2.62521
1.26831
2.04569
2.25795
1.38621
1.32825
1.87297
1.73082
1.45153
1.55935
1.57392
1.59537
2.16097
1.63011
1.58829
1.45175
1.1517
1.62164
1.52245
1.30282
1.58782
1.6854
1.69815
1.83206
1.57611
2.21761
1.21122
1.80935
1.37929
1.29967
1.38062
1.62562
1.98289
0.984258
1.03183
1.54904
1.79995
1.93749
1.77057
1.58132
2.08132
1.33285
1.68659
1.5239
1.99809
1.29969
1.46531
1.49247
1.97772
1.69069
1.28745
1.79958
1.3819
1.97265
1.67807
1.55532
1.95539
1.29016
1.5208
1.75456
1.34898
1.80939
2.6271
1.63866
1.62175
1.56647
1.53409
1.2859
1.39136
1.90942
1.1965
2.27912
1.32185
1.21633
1.42555
1.77597
2.14688
1.26665
0.97794
1.91726
1.48336
1.63174
1.59445
1.43166
2.10012
1.56668
1.34294
2.25732
1.16371
1.63066
1.85834
1.36103
2.11854
1.75138
1.54478
2.42298
1.50545
1.23817
2.02117
1.62834
1.16214
2.18531
1.40569
2.01852
1.08465
1.64538
1.34113
1.24244
1.72488
1.21484
2.16746
1.59853
1.92889
1.05627
1.29787
1.51812
1.42948
2.26521
2.00326
2.14708
2.02351
1.36754
1.82136
1.42715
1.53394
1.29576
1.1509
1.47409
1.29068
1.4189
2.21456
1.17004
1.37876
1.14784
1.88212
1.6814
1.51044
1.30264
1.2209
1.56177
1.51738
1.49138
1.2164
1.8689
1.61906
2.02062
1.91196
1.33135
1.40935
1.17208
1.60394
1.57116
1.35953
1.31497
1.49087
1.24745
1.67052
1.36942
1.06353
2.86432
1.80548
1.49379
1.39288
1.68025
1.41813
2.17039
2.54732
1.52266
1.60823
1.79837
1.33791
1.52594
1.6696
1.37384
2.2474
1.98276
1.38401
1.80184
1.34684
2.0065
1.15379
1.89159
2.28143
1.90565
1.29692
2.33339
1.65079
1.43177
1.88538
0.849709
1.49286
0.8254
1.27286
1.80188
1.33146
1.42066
1.42719
2.01141
1.60441
0.950864
1.56195
1.34525
1.36351
1.82484
1.99427
1.4865
1.61754
1.91304
1.72817
1.50179
1.29514
2.19898
1.09025
1.1999
1.66465
1.29293
1.84476
1.02572
1.3949
1.56943
1.62294
1.46682
1.5635
1.27877
1.90932
1.62499
1.12067
1.76848
1.06236
1.48101
2.13015
2.1603
2.26332
1.24225
1.77982
1.29441
1.55802
1.28426
1.42833
2.33716
1.70463
1.39268
1.69158
1.61268
1.86076
1.56297
1.72514
1.01945
1.57391
1.43026
1.61844
1.36255
1.42093
1.30362
1.3816
1.24758
1.45738
1.46311
1.6555
1.67372
1.4227
1.95956
1.4066
1.56505
1.45111
1.39129
1.53839
1.12691
1.18417
1.62147
1.17228
2.16132
1.46916
1.92782
1.75331
1.58858
1.84213
1.93926
1.55029
1.71957
1.34234
0.981099
1.55261
1.85969
1.14599
1.69975
1.70892
1.40237
1.23664
1.93719
1.51534
1.38923
1.58438
1.7887
1.32184
1.76672
1.61944
1.43257
1.8078
1.9253
1.59328
1.71942
1.5479
1.80577
1.68266
1.67092
1.8168
1.99432
2.17985
1.10773
1.22178
2.02482
1.29847
1.4501
1.55797
1.5075
1.70962
1.76787
1.97122
2.21952
1.35061
1.18232
1.46201
1.88815
1.69718
1.82477
1.1897
1.43087
1.59704
2.08327
2.42524
1.98761
1.26519
1.63699
1.81175
1.38587
1.49557
1.60617
1.16088
2.04585
1.83511
1.63888
1.2324
1.18073
1.88634
1.33681
1.05993
1.6305
1.68972
1.56602
1.23096
1.68121
1.97396
1.39169
2.13911
1.84792
1.46158
1.16481
1.55906
1.47584
2.19147
1.04434
1.23322
1.35513
1.67944
1.64968
1.72438
1.86867
2.04798
1.43142
1.30825
1.25684
1.57886
2.41606
1.35925
1.74148
1.54833
1.49768
1.32843
1.43
1.75699
1.85603
1.41695
2.0781
1.22607
1.34202
1.8784
1.24799
1.43746
1.69912
1.85973
1.27003
2.03337
1.50773
0.955856
1.90783
1.12754
1.4018
1.84166
1.08796
1.25424
1.4836
1.31658
2.20547
1.47631
1.48046
1.42558
1.09718
1.93075
1.54545
1.84622
1.52506
1.74361
1.69027
1.35387
1.51943
1.50395
1.45532
1.59681
1.37679
1.91473
1.82586
1.44285
1.7832
1.89295
1.26372
2.0456
1.52777
1.56538
1.5615
1.25339
1.85162
1.92625
1.34169
1.7887
2.19222
1.73479
1.85619
1.46951
1.31727
1.37435
2.21728
1.46357
2.06908
2.01838
2.08027
1.28201
2.13469
1.33188
1.2472
1.38649
1.31917
1.78797
1.75675
1.93925
1.78092
1.75874
1.82517
1.80806
1.66968
1.493
1.43908
1.80433
1.98685
1.59537
1.66842
1.92848
1.58532
2.12519
1.9672
1.16088
1.95352
1.43693
1.47973
0.944351
1.95216
1.72394
1.18036
1.28789
1.65138
1.49956
1.63528
1.41863
1.27182
1.70484
1.71777
1.48799
2.34204
1.71531
1.50121
1.4263
2.09403
1.87202
1.8603
1.71468
1.09895
1.90415
2.03488
1.66671
1.51129
1.3281
1.69265
1.97708
1.8766
1.48933
1.29671
1.67768
0.990011
1.49305
1.98206
1.66326
1.06909
1.55831
1.65844
1.54924
1.70372
1.04504
1.71241
1.53815
1.36179
1.27643
1.42642
1.14967
1.5826
1.60031
1.83387
1.03461
1.25362
1.3513
1.79977
1.05427
1.55748
1.58305
1.68397
1.47458
1.77129
1.0298
1.95793
1.57852
1.60158
1.971
1.37334
1.10099
1.32263
1.44601
1.38903
1.58131
1.2919
1.37423
2.20003
1.47303
2.13815
1.87307
1.51901
2.24429
1.34273
1.56003
1.23321
1.6885
1.37238
1.28571
1.37576
1.81021
1.96616
1.1163
1.57816
1.89841
1.74955
1.64203
1.79019
2.04909
2.05204
1.47704
2.0106
2.25755
1.65931
2.37858
1.76465
1.86262
1.33409
1.31004
1.97915
1.43085
1.92006
1.90756
1.53111
1.52923
1.66732
1.44386
1.55246
1.54684
1.7926
1.06366
1.11021
2.19502
2.26723
1.70446
1.65653
1.23235
1.66316
1.68877
1.27918
1.42708
1.94768
1.58981
1.81956
1.209
1.33508
1.92
1.59297
1.2484
1.57048
1.80282
1.77626
1.57768
1.62303
1.9755
1.76028
1.08152
1.49358
1.9995
2.04995
2.02267
1.83477
2.22441
1.52754
1.60196
1.4024
1.68694
2.12394
1.56713
1.91315
1.78208
1.65395
1.71837
2.46506
1.90849
1.52014
1.48182
1.25484
1.70311
1.74405
1.69139
1.26845
2.04912
1.35383
1.47472
1.40106
2.44988
1.78482
2.1713
1.53472
1.32884
1.71828
1.07313
1.07628
1.57843
1.56061
1.88333
1.39812
1.22251
2.05766
1.66612
1.98941
1.42375
1.74687
1.20361
1.33103
1.67255
1.40375
1.18082
1.69035
1.45883
1.286
1.89152
1.84719
1.35543
1.56746
2.03067
1.69055
1.67325
1.22751
1.16588
1.84796
1.61396
1.22789
1.63711
1.3948
1.78991
1.90619
1.1772
1.92725
2.19737
1.75479
1.82627
1.38498
2.00355
1.91009
1.93312
1.716
1.58393
1.81416
1.9903
1.47176
1.4865
1.56734
1.89994
1.28198
1.18797
1.2054
1.44756
1.25989
1.22498
2.01351
1.34336
1.88212
1.37016
1.13322
1.43924
1.25774
1.65055
1.427
1.4452
1.27851
1.22218
1.26406
1.3902
1.18031
2.12657
1.57656
1.6629
1.4892
1.13033
1.77278
1.51846
1.63977
1.09445
1.33354
1.73864
1.15815
1.98108
1.30955
1.52735
1.87863
1.25095
1.65903
1.72523
1.86099
1.90594
1.3095
2.21722
1.60756
1.24749
1.9212
1.82032
1.47511
1.66322
1.37008
0.939379
1.47015
1.73301
1.42346
1.1919
1.50411
1.14652
1.83705
2.14867
2.2551
1.39994
1.59253
1.80893
1.33691
1.33438
1.36059
1.79071
1.33516
2.38789
1.89534
1.65235
2.0514
1.54057
1.55863
2.28155
2.23516
1.2443
1.70015
1.14332
1.59856
1.58305
1.13672
1.58315
1.74439
1.3967
1.93803
1.46622
2.28119
1.2352
1.00985
1.76897
1.11699
1.56632
1.49345
1.79195
1.59728
2.42121
1.74191
1.90831
2.14511
2.0057
1.97283
1.57536
2.00575
1.81177
1.76268
1.41478
1.28415
2.39291
1.86347
1.39576
1.79592
1.77204
1.79862
1.29082
1.39855
2.10057
1.52194
1.69944
1.65241
1.62492
2.05536
1.33292
1.88387
1.69487
1.3932
1.51155
2.13138
2.04199
1.70331
2.05531
1.56686
1.38351
1.56496
1.96126
1.53224
1.46755
1.92751
1.2417
1.50395
1.6652
2.09296
1.91319
1.77027
1.37207
1.53723
2.01128
1.57287
1.99656
1.43062
1.52955
1.78892
1.68178
1.93493
1.5036
1.73374
1.77865
1.60231
1.72408
1.26137
1.44335
2.36972
1.3285
1.26022
1.09211
1.70484
1.85628
1.64931
1.66478
1.16835
1.07708
1.92999
1.7068
1.37001
2.36265
1.3566
1.71556
1.78835
1.06552
1.38012
1.73935
1.50011
1.39679
1.55071
1.39636
1.58622
1.71549
1.06345
1.86169
1.77656
1.5304
2.219
1.72228
1.35363
1.74971
1.35311
1.97317
2.26946
1.36354
1.4475
1.80843
1.6116
2.32067
2.43346
1.77287
1.44341
1.64651
1.93505
1.38935
2.28615
1.58062
1.51913
1.95831
1.56709
1.43117
1.65808
1.87836
1.75139
1.24871
1.82688
1.56637
1.51027
1.85896
1.8526
1.73289
1.62811
1.5252
1.82765
1.42779
1.34825
1.48131
2.02035
1.50434
1.5336
1.98948
1.43058
1.42251
1.60203
1.2933
1.61854
1.36434
1.63616
1.2293
1.39563
1.79586
2.04575
1.56253
1.40738
2.05428
1.69097
1.38104
1.65306
1.36846
2.10489
2.14856
1.76796
1.37703
1.83738
1.40527
1.48298
1.97456
1.58309
2.14967
1.58217
1.88872
1.15314
1.33441
1.48975
1.93852
1.34271
2.03519
1.67741
1.19976
1.266
1.96519
0.906744
1.83024
1.64637
1.60312
1.59157
1.29886
1.61966
1.46592
1.9067
1.93054
1.23548
1.36618
1.28266
1.81208
1.31684
1.90011
1.40419
1.31245
1.69914
1.16826
1.98899
1.3522
1.67499
1.26204
1.64976
1.50765
1.51288
1.19426
1.41254
1.4218
1.90851
1.56833
1.63289
1.15316
2.20824
1.48535
1.43823
1.39924
1.31291
1.54344
1.60517
1.68328
1.5527
1.09265
1.15897
1.29508
2.01964
2.20739
1.26973
1.3606
2.23616
1.63185
1.33323
2.04744
1.37289
1.95814
1.88832
1.93442
1.62909
1.4947
1.50003
1.55273
1.51311
1.91049
1.51103
1.95134
1.68741
1.32805
1.50598
1.47293
1.29855
2.1199
2.08208
1.50676
1.72833
2.43025
1.80314
1.64143
2.07772
1.29042
1.2
1.26618
1.90952
2.09498
1.24466
1.5586
1.82679
1.74035
1.59997
1.29334
1.25441
1.65482
1.60401
1.36081
1.90389
1.93855
1.72828
1.41522
2.12036
1.37707
2.25627
1.90477
1.10605
1.81585
2.06876
1.79055
1.98673
1.7844
2.21505
1.04725
1.30137
1.43815
1.16647
1.20321
1.57609
1.9272
2.02777
1.70747
1.76052
1.99128
1.8165
1.4379
1.22354
1.81907
1.41081
1.2607
0.645162
1.47504
1.5613
1.66866
1.48293
1.72471
1.23777
1.74359
1.40935
1.09016
1.32293
1.91399
1.10905
1.15966
1.46286
1.43803
1.81392
1.79916
1.65513
1.68032
1.72513
1.91497
1.74082
2.05664
1.94899
2.31848
1.9812
1.80192
1.45829
1.47825
1.54672
1.21527
1.23602
1.70009
1.708
1.85167
1.66462
1.86157
1.31595
2.27714
1.52377
1.14711
1.41981
2.10323
1.9239
1.53294
1.78376
1.58089
1.97991
2.2305
1.41728
1.9019
1.70873
2.16233
1.37713
1.41244
1.62892
1.6436
1.6287
2.03821
1.33914
1.22712
1.18542
1.6372
1.60904
1.63826
1.60059
1.39447
1.70688
1.23767
1.42219
1.32688
1.75781
1.31987
1.99509
1.71112
1.69193
1.46777
1.77737
1.26411
1.4023
1.59231
1.54055
1.78371
1.34736
1.50348
1.54987
1.55722
1.4877
1.21592
1.48903
1.90324
1.37079
1.73786
1.43687
1.3432
1.60786
1.50696
2.3278
1.49226
2.24078
1.55975
1.61541
1.70303
1.89698
1.81359
1.83206
1.57898
1.82684
1.34737
1.58352
1.74428
1.28347
1.9792
1.64549
1.87255
1.60261
1.67272
1.3186
1.51951
2.2647
1.68492
2.16613
1.18817
1.45725
2.31552
1.89787
1.86135
2.74629
1.87757
1.76367
2.56896
2.11555
1.39836
1.68142
1.53455
1.84568
2.58496
1.05861
1.74953
1.17514
1.34849
1.28392
1.71779
1.15063
1.2757
1.48962
1.52379
1.59032
1.89836
1.6038
1.66763
1.46659
1.3977
1.28187
1.94664
1.4501
1.31957
1.74001
1.37989
1.24628
1.35692
1.89492
1.3028
2.12695
1.44929
2.06775
1.54022
2.19022
1.341
2.24583
1.76993
1.43636
1.00683
1.66786
1.86677
1.49931
1.54145
1.06731
1.79306
1.33715
1.63998
2.45739
1.45951
1.47284
1.71143
1.84656
1.83757
1.83013
1.58555
2.10615
1.3483
2.26684
1.73046
1.63286
1.58844
1.49859
1.13512
1.16013
1.1419
1.48088
1.73081
1.76119
1.5506
1.48522
1.19415
1.85062
2.00285
1.20936
1.16341
1.548
1.63969
1.29276
2.16686
1.44249
1.08322
1.34081
1.38052
2.25294
1.2801
2.04983
1.9768
1.88018
1.60833
1.62903
2.11437
1.32174
1.61127
1.47104
0.995945
1.51973
1.27003
1.72075
1.75114
1.72098
1.34372
1.90319
1.49149
1.17731
1.79182
1.91643
1.92164
1.79457
2.33555
1.46896
1.4121
1.81951
1.46396
1.62253
1.43573
1.8138
1.67062
1.31605
1.36276
1.6856
1.5106
1.74657
1.49687
1.72857
1.21513
2.07835
1.53704
2.16217
1.46619
1.5814
1.37876
1.80311
2.26891
1.87596
1.42198
1.29493
1.44034
1.54341
2.22288
1.20337
1.13093
1.28322
0.785111
1.90168
1.65777
2.31629
1.30149
1.73209
2.02814
2.36158
1.17244
1.4816
1.98152
1.45458
1.29342
1.32603
1.16475
1.36441
1.57685
1.94572
1.20946
1.52758
1.54812
1.43231
1.79075
1.68425
1.32096
2.2697
2.31233
1.13488
2.69522
1.8949
1.80709
1.69147
1.55938
1.13296
1.70213
1.34572
1.65218
1.98539
1.24311
1.48631
1.3463
2.4054
1.78809
1.08398
1.99365
1.43157
1.40109
1.69294
1.77161
1.44277
1.61816
1.52942
1.60966
2.04071
1.09762
3.07318
1.69881
1.8446
2.20065
1.8878
1.21217
1.42558
1.72486
1.66264
1.66577
1.86849
1.44979
1.53662
2.0153
1.27354
1.61961
1.51737
1.60622
1.39307
1.01793
1.64373
1.56561
2.02768
1.39818
1.43428
1.30625
1.4286
1.83992
2.20207
1.39594
1.32082
2.39247
1.06915
2.31119
1.88069
1.88394
1.42116
1.48409
1.95302
1.14666
1.34804
2.13569
1.47314
1.34497
1.76839
1.24054
1.71795
1.768
1.40295
1.51618
1.65547
1.81592
1.46496
1.54962
1.7349
1.92254
1.52776
1.49101
1.39963
1.89723
1.25471
1.24148
2.0137
1.16895
1.69304
1.04174
1.23623
1.83264
1.84114
1.62797
1.4806
1.14505
1.56718
2.17878
1.26251
1.23066
1.49727
1.69362
1.44334
1.61799
2.0662
1.88449
1.84003
1.80922
1.50454
1.24938
1.50472
1.83443
1.39494
0.675103
1.69945
1.57559
2.04332
2.04668
1.40883
1.57254
1.90416
2.25237
2.00325
1.54189
1.97714
1.62475
1.59472
1.70336
1.4523
1.16531
1.47089
1.77394
1.60592
1.17874
1.32207
1.7097
1.89542
1.39345
2.0363
1.60699
1.42221
1.53346
1.59254
0.961234
1.80241
1.20959
1.56817
1.7553
1.38092
2.22317
2.09815
1.70642
1.05867
1.37129
1.74368
1.23112
1.58478
1.28067
1.55426
1.16533
1.35433
2.19594
1.09821
1.51208
1.1916
1.51192
1.8782
1.60288
2.39901
2.3062
2.01153
1.45743
1.91717
1.50462
1.93244
1.19201
1.17381
1.85898
1.28883
1.1549
1.69758
1.29086
1.5865
2.02644
1.75021
2.01365
1.46462
2.00661
1.65153
2.13549
2.15979
1.44316
1.38721
1.55359
2.23889
1.35743
1.39653
1.48798
1.26827
1.74063
1.68849
1.48676
1.77313
1.21501
1.42316
1.51302
1.6103
1.77991
2.00464
1.30231
1.81234
2.11444
1.52587
2.65337
1.63147
1.38562
1.30935
1.58151
1.48358
1.85839
2.0966
1.41725
1.74974
1.09421
1.8548
1.80911
1.62815
1.33228
1.83891
1.77961
1.81336
1.39514
1.8521
1.40897
1.99699
1.44159
2.18908
1.27572
2.00524
2.13967
1.58981
1.73503
1.83668
1.41735
1.30915
1.57411
1.35244
1.57063
2.04204
1.42811
2.55893
1.4339
1.71819
1.76371
1.59385
2.21092
1.61549
1.39396
1.48078
1.3729
1.6572
1.75792
1.59391
1.70873
1.83029
1.32524
1.2093
1.59697
1.43211
