-0.613209
-0.90087
-0.697609
-0.753017
-0.778176
0.246092
-1.24844
-0.700178
-0.279593
-0.886116
-0.680391
-1.10247
-0.691763
-1.52467
-1.00994
-1.34114
-1.07987
-1.49639
-1.10544
-0.607472
0.236423
-1.31623
-1.29818
-0.887958
-1.07022
-0.811966
-1.27022
-1.00021
-1.11205
-0.433502
-0.993545
-1.4348
-0.796041
-1.17544
-1.02005
-0.426458
-0.382796
-0.688858
-0.905367
-0.932635
-0.580342
-0.29256
-0.572987
-1.55276
-1.48978
-1.16341
-0.719667
-0.916531
-1.42806
-0.440966
-1.10505
-0.684885
0.565073
-0.815319
-0.592808
-1.09344
-1.24637
-0.733346
-0.950607
-1.16576
-0.618256
-0.886769
-0.973855
-1.60559
-1.09003
-1.03308
-1.24675
-0.582203
-0.88302
-0.0800445
-1.13404
-1.20146
-1.06244
-1.05577
-1.16476
-1.21539
-0.726165
-1.1803
-0.844483
-0.892527
-1.06726
-1.11191
-0.910174
-1.19372
-0.803871
-0.944068
-0.945164
-0.918017
-1.40916
-0.729172
-0.747795
-0.964602
-1.26614
-1.06862
-1.23938
-0.870847
-1.30483
-0.691246
-1.09234
-0.938107
-0.780191
-1.29849
-0.81951
0.203172
-1.23579
-0.792107
-1.16182
-1.35039
-1.10027
-0.861171
-1.09581
-0.931468
-1.1399
-1.31008
-0.988586
-0.627884
-1.14268
-1.17649
-0.374169
-0.973429
-0.8037
-0.915369
-0.79306
-1.1694
-0.734942
-1.14419
-0.770974
-1.19348
-0.696081
-0.873273
-0.4949
-0.683023
-0.883433
-0.952501
-1.42995
-0.593248
-0.939799
-0.534456
-0.695674
-0.610441
-1.12013
-0.938555
-1.28513
-0.9049
-1.24655
-0.581859
-0.793304
-1.09572
-1.08774
-0.913921
-0.680503
-1.25802
-1.33512
-1.12263
-0.362706
-0.890251
-0.682528
-1.09128
-1.05941
-0.945475
-1.13477
-0.565558
-1.41624
-0.938806
-1.30537
-1.17819
-1.17578
-1.16223
-0.894314
-0.893243
-0.911339
-1.50163
-1.1708
-1.29534
-1.169
-0.956494
-0.704865
-0.22992
-1.0767
-1.17252
-1.15973
-1.13789
-0.631665
0.159782
-1.13077
-0.576717
-0.568092
-0.536225
-0.843096
-0.959437
-0.856936
-0.557495
-0.912894
-0.657296
-0.90702
-0.907958
-1.6283
-1.05918
-0.798161
-0.796098
-0.876743
-0.87822
-0.426461
-0.988205
-0.462148
-1.02979
-1.204
-1.06247
-0.56089
0.20435
-0.828331
-0.714562
-0.847777
-0.829982
-0.958962
-0.550135
-0.883975
-0.380588
-1.11964
-1.52932
-0.912909
-0.970058
-0.783477
-1.24219
-0.684145
-1.05018
-0.867501
-1.51996
-0.957691
-1.43509
-0.506345
-0.908235
-0.864909
-0.90605
-0.93233
-1.0002
0.753237
-0.988285
-0.724107
-0.84825
-0.910459
-0.847625
-0.758855
-1.29241
-0.952768
-1.24197
-1.19389
-0.584577
-0.652016
-0.469694
-1.19328
-0.853028
-0.639595
-1.52513
-0.635255
-1.33159
-1.04592
-1.22033
-0.931293
-1.053
-0.774448
-1.36808
-1.54278
-0.910528
-0.592729
-0.862207
-0.659809
-0.540777
-1.16328
-0.431405
-0.585499
-1.11047
-1.00632
-0.960565
-1.16795
-1.08475
-0.885463
-0.902304
-1.03427
-0.6366
-1.06995
-0.605979
-0.915991
-0.576052
-1.17759
-0.65385
-0.771432
-0.759307
-1.15567
-0.728394
-1.05692
-0.890741
-0.604756
-0.798337
-0.352111
-1.09927
-0.880811
-1.05657
-0.604668
-1.14821
-0.962961
-1.043
-1.2424
-0.865924
-0.957805
-1.4462
-0.642277
-1.2155
-1.36365
-1.15073
-0.813615
-0.776522
-0.811745
-0.571011
-0.726125
-0.804994
-0.575655
-1.02796
-0.806825
-0.474314
-0.94702
-0.485412
-0.847974
-1.05393
-1.66425
-0.834453
-0.995337
-1.03266
-0.716261
-1.17407
-0.746221
-0.819185
-0.676058
-0.622563
-0.710475
-1.02522
-1.14263
-0.934618
-1.56629
-0.764383
-0.733112
-1.03956
-1.44632
-0.630063
-1.32418
-0.886146
-1.44019
-1.22995
0.0201087
-0.851701
-0.732556
-1.15082
-0.853444
-0.883598
-0.823723
-1.12945
-1.35001
-0.72356
-1.16787
-1.15645
-1.15528
-1.18518
-0.505349
-0.583915
-0.52016
-0.716701
-0.80392
-0.321882
-0.303408
-0.707934
-0.710796
-0.726094
0.315816
-0.465767
-1.0765
-0.540808
-0.565643
-1.23811
-0.78568
-0.901364
-0.716771
-1.03234
-0.854849
-0.783664
-1.63996
-0.932
-0.963759
-1.21549
-0.682294
-1.27167
-0.868983
-1.31818
-0.773527
-1.08444
-0.686873
-0.693666
-0.560444
-0.979516
-0.954934
-0.910953
-1.132
-1.01839
-1.25802
-0.285629
-0.703543
-1.26467
-0.929209
-0.562964
-0.705153
-0.971374
0.0114997
-0.959882
-0.728685
-0.752411
-1.36047
-1.06777
-1.26408
-1.16148
-0.714776
-0.880578
-1.0596
-1.047
-0.97207
-0.926528
-0.805181
-0.836849
-1.20475
-0.995492
-0.971702
-0.771143
-0.881746
-0.376575
-1.01513
-0.878539
-0.976794
-0.890429
-0.845049
-0.713027
-0.470539
-0.722851
-1.01141
-1.07538
-0.835209
-1.13154
-1.29319
-0.88363
-1.03877
-1.13687
-0.48952
-0.854153
-1.01054
-0.937901
-0.55318
-0.816478
-0.516768
-1.15421
-1.49533
-1.23546
-0.890191
-1.307
-1.21819
-0.754147
-0.662234
-1.28298
-1.08827
-0.651443
-0.944557
-0.715943
-1.03322
-1.2147
-0.891757
-1.1841
-0.864524
-1.06517
-0.740251
-1.05646
-1.1398
-0.875105
-0.58652
-0.836298
-1.08745
-0.742592
-0.709005
-0.611779
-0.648138
-1.2342
-1.08844
-1.02402
-0.779285
-0.870348
-1.19037
-0.648875
-0.796246
-1.52835
-0.797616
-0.853881
-0.609337
-1.17986
-0.744308
-0.622681
-0.901821
-0.769261
-0.945123
-0.755682
-0.61486
-1.17114
-0.663456
-1.04978
-0.966543
-0.697625
-0.753004
-0.728724
