2.903335727751255035e-02
1.966379582881927490e-02
-9.698497160570695996e-05
-1.944693364202976227e-02
-2.226643078029155731e-02
3.180156648159027100e-02
2.381801232695579529e-02
2.818956971168518066e-03
-2.016657404601573944e-02
-2.909410558640956879e-02
2.916251122951507568e-02
2.321356907486915588e-02
3.781858365982770920e-03
-2.023696154356002808e-02
-3.529854491353034973e-02
2.713731117546558380e-02
2.575372718274593353e-02
1.296134758740663528e-02
-1.132626365870237350e-02
-3.336287289857864380e-02
2.007303573191165924e-02
2.558102086186408997e-02
1.743616536259651184e-02
-4.862171597778797150e-03
-3.116041608154773712e-02
1.945005543529987335e-02
1.057003624737262726e-02
-8.608927018940448761e-03
-2.751580812036991119e-02
-2.979353815317153931e-02
2.181098982691764832e-02
1.454372704029083252e-02
-5.491953343152999878e-03
-2.797980606555938721e-02
-3.728819638490676880e-02
1.999710313975811005e-02
1.462198980152606964e-02
-3.832010785117745399e-03
-2.751855924725532532e-02
-4.336389154195785522e-02
1.881321705877780914e-02
1.813326962292194366e-02
6.033599842339754105e-03
-1.831369660794734955e-02
-4.209532216191291809e-02
1.177798490971326828e-02
1.807525381445884705e-02
1.127578131854534149e-02
-1.182092726230621338e-02
-4.027702286839485168e-02
3.353248164057731628e-02
2.409446984529495239e-02
3.940482158213853836e-03
-1.598899066448211670e-02
-1.937115378677845001e-02
3.555846214294433594e-02
2.739634923636913300e-02
6.463980767875909805e-03
-1.702811382710933685e-02
-2.766652964055538177e-02
3.311339765787124634e-02
2.737270295619964600e-02
8.184080943465232849e-03
-1.644786819815635681e-02
-3.379364311695098877e-02
3.229108825325965881e-02
3.062095306813716888e-02
1.817872002720832825e-02
-7.756635546684265137e-03
-3.306169435381889343e-02
2.544553950428962708e-02
3.100008890032768250e-02
2.325237169861793518e-02
-8.745965315029025078e-04
-3.133059665560722351e-02
2.780430950224399567e-02
1.001665461808443069e-02
-8.362411521375179291e-03
-7.328466512262821198e-03
-2.304570982232689857e-03
2.797877043485641479e-02
1.220919936895370483e-02
-7.007939275354146957e-03
-7.766226306557655334e-03
-7.932184264063835144e-03
2.445901371538639069e-02
1.254723034799098969e-02
-4.220039583742618561e-03
-7.105048280209302902e-03
-1.116618048399686813e-02
2.258266322314739227e-02
1.479363255202770233e-02
-8.408796857111155987e-04
-7.511282805353403091e-03
-1.614205352962017059e-02
1.637728884816169739e-02
1.523221656680107117e-02
1.791138667613267899e-03
-8.350513875484466553e-03
-1.735225506126880646e-02
2.137654647231101990e-02
2.189323306083679199e-03
-1.705426536500453949e-02
-1.661030575633049011e-02
-1.177734695374965668e-02
2.179799042642116547e-02
4.361026454716920853e-03
-1.609914377331733704e-02
-1.698309555649757385e-02
-1.769597642123699188e-02
1.837656460702419281e-02
5.249493755400180817e-03
-1.215300057083368301e-02
-1.537043787539005280e-02
-1.982970163226127625e-02
1.710288412868976593e-02
8.303754962980747223e-03
-7.893178611993789673e-03
-1.435260474681854248e-02
-2.410612814128398895e-02
1.185841858386993408e-02
9.645302779972553253e-03
-4.268508870154619217e-03
-1.474567689001560211e-02
-2.467945590615272522e-02
2.824739553034305573e-02
8.438642136752605438e-03
-1.107524614781141281e-02
-1.030666287988424301e-02
-4.638503305613994598e-03
2.799621038138866425e-02
1.020206324756145477e-02
-1.035862788558006287e-02
-1.128914766013622284e-02
-1.142965909093618393e-02
2.500478550791740417e-02
1.103277411311864853e-02
-6.700178608298301697e-03
-9.979312308132648468e-03
-1.435893215239048004e-02
2.375213429331779480e-02
1.449917536228895187e-02
-2.608677139505743980e-03
-9.618104435503482819e-03
-1.925269328057765961e-02
1.842246763408184052e-02
1.541685406118631363e-02
8.441071840934455395e-04
-1.000819634646177292e-02
-2.044907771050930023e-02
2.109347144141793251e-03
-2.009276766330003738e-03
-2.534389728680253029e-03
6.907108472660183907e-04
4.762085620313882828e-03
1.191455172374844551e-03
5.675160209648311138e-04
1.053691143169999123e-03
3.479833249002695084e-03
7.437590509653091431e-03
2.069485373795032501e-03
4.931510891765356064e-03
7.281065918505191803e-03
8.388194255530834198e-03
1.049410365521907806e-02
5.558374337852001190e-03
9.487350471317768097e-03
1.187214907258749008e-02
1.177926734089851379e-02
1.162795349955558777e-02
3.320577088743448257e-03
9.862144477665424347e-03
1.229361444711685181e-02
1.092564966529607773e-02
9.531274437904357910e-03
-1.349218189716339111e-03
-5.442186258733272552e-03
-5.945054814219474792e-03
-2.056955127045512199e-03
2.320974133908748627e-03
-2.514918800443410873e-03
-2.845036331564188004e-03
-2.414701739326119423e-03
6.075331475585699081e-04
4.680299665778875351e-03
-1.148712006397545338e-03
1.562038902193307877e-03
4.085570573806762695e-03
5.471543874591588974e-03
8.109988644719123840e-03
2.067475812509655952e-03
6.262247450649738312e-03
8.823429234325885773e-03
8.958584628999233246e-03
9.337480179965496063e-03
1.763402979122474790e-04
6.506358273327350616e-03
9.384794160723686218e-03
8.503667078912258148e-03
7.299022749066352844e-03
-1.162268687039613724e-02
-1.612380519509315491e-02
-1.656432822346687317e-02
-1.316419616341590881e-02
-9.110249578952789307e-03
-1.206871680915355682e-02
-1.266086101531982422e-02
-1.242086943238973618e-02
-9.868442080914974213e-03
-6.191852968186140060e-03
-1.022159121930599213e-02
-7.581516634672880173e-03
-5.281694233417510986e-03
-4.379696212708950043e-03
-2.323424676433205605e-03
-6.193878594785928726e-03
-2.240710658952593803e-03
2.748086699284613132e-04
-1.354312407784163952e-04
-5.647614016197621822e-04
-7.710140664130449295e-03
-1.531493617221713066e-03
1.202578772790730000e-03
-9.200450585922226310e-05
-1.858381670899689198e-03
1.256009005010128021e-02
1.098568737506866455e-02
1.182683836668729782e-02
1.241350546479225159e-02
1.287900004535913467e-02
1.345924753695726395e-02
1.134396344423294067e-02
1.109319180250167847e-02
1.182414311915636063e-02
1.107474137097597122e-02
6.488506682217121124e-03
5.361219402402639389e-03
7.797025609761476517e-03
8.451103232800960541e-03
5.362377502024173737e-03
-1.643245108425617218e-03
-1.297869137488305569e-03
3.058257745578885078e-03
1.717596896924078465e-03
-3.453203476965427399e-03
-3.985385410487651825e-03
-2.661594422534108162e-03
-6.180375930853188038e-04
-3.760139923542737961e-03
-8.616302162408828735e-03
1.072501577436923981e-02
8.741329424083232880e-03
9.100143797695636749e-03
9.524743072688579559e-03
1.092134695500135422e-02
1.130116265267133713e-02
8.973374962806701660e-03
8.165583945810794830e-03
9.061075747013092041e-03
9.416308254003524780e-03
4.262793809175491333e-03
2.945212647318840027e-03
5.005011800676584244e-03
5.802020430564880371e-03
3.602175042033195496e-03
-3.448724979534745216e-03
-3.196335630491375923e-03
5.897101946175098419e-04
-8.036991930566728115e-04
-4.903126507997512817e-03
-5.582832731306552887e-03
-4.146946594119071960e-03
-2.351739909499883652e-03
-5.802340805530548096e-03
-9.312426671385765076e-03
4.736981354653835297e-04
-1.470451359637081623e-03
-8.775880560278892517e-04
-1.044410964823327959e-04
2.300380496308207512e-03
1.905014039948582649e-03
-5.806919070892035961e-04
-1.015848480165004730e-03
-2.166589547414332628e-04
8.540190174244344234e-04
-4.573337733745574951e-03
-5.863069556653499603e-03
-3.825109917670488358e-03
-2.941379556432366371e-03
-4.486585035920143127e-03
-1.172704808413982391e-02
-1.141789369285106659e-02
-7.543826941400766373e-03
-9.094202890992164612e-03
-1.217833720147609711e-02
-1.279357075691223145e-02
-1.119653135538101196e-02
-9.564303793013095856e-03
-1.293163653463125229e-02
-1.589302159845829010e-02
1.357923494651913643e-03
-4.228121601045131683e-03
-9.633156470954418182e-03
-5.245734006166458130e-03
1.359069487079977989e-03
1.464461092837154865e-03
-4.434227012097835541e-03
-1.051096525043249130e-02
-6.282718386501073837e-03
2.425487182335928082e-04
1.889223116450011730e-03
-4.296133760362863541e-03
-1.118218526244163513e-02
-8.954255841672420502e-03
-3.338533686473965645e-03
3.609939711168408394e-03
-1.217649900354444981e-03
-7.968789897859096527e-03
-8.020775392651557922e-03
-3.255109535530209541e-03
6.407754030078649521e-03
1.301809912547469139e-03
-5.658247042447328568e-03
-6.059363950043916702e-03
-1.267977873794734478e-03
3.908976446837186813e-03
-1.234600320458412170e-03
-6.717735901474952698e-03
-2.137095667421817780e-03
4.710562527179718018e-03
3.736197017133235931e-03
-1.702750800177454948e-03
-7.606444414705038071e-03
-3.531072987243533134e-03
3.555984469130635262e-03
3.303761128336191177e-03
-2.063579391688108444e-03
-8.588693104684352875e-03
-5.931061692535877228e-03
-2.605103654786944389e-04
5.041826982051134109e-03
8.972738287411630154e-04
-5.153708625584840775e-03
-5.297656636685132980e-03
-1.463760127080604434e-04
7.634629029780626297e-03
3.335181390866637230e-03
-2.765384269878268242e-03
-3.127014497295022011e-03
2.071388065814971924e-03
1.496965438127517700e-02
9.648481383919715881e-03
4.069427493959665298e-03
7.791801355779170990e-03
1.356831099838018417e-02
1.464584469795227051e-02
8.989210240542888641e-03
3.167880000546574593e-03
6.478235591202974319e-03
1.260390877723693848e-02
1.398178283125162125e-02
8.458298631012439728e-03
1.906371093355119228e-03
3.396329935640096664e-03
8.750512264668941498e-03
1.556183956563472748e-02
1.096933893859386444e-02
4.537455737590789795e-03
3.957555163651704788e-03
8.581425063312053680e-03
1.702572405338287354e-02
1.261376589536666870e-02
6.123463157564401627e-03
5.593201145529747009e-03
1.018363889306783676e-02
1.145513914525508881e-02
1.032463461160659790e-02
3.569101681932806969e-03
-9.326091967523097992e-03
-1.794242858886718750e-02
7.050185464322566986e-03
7.677749264985322952e-03
3.216115524992346764e-03
-7.359073963016271591e-03
-1.641908101737499237e-02
3.715310711413621902e-03
4.988876171410083771e-03
2.998570678755640984e-03
-3.351038554683327675e-03
-1.238885894417762756e-02
-3.372170263901352882e-03
-9.641982032917439938e-04
-1.571398752275854349e-04
-1.669374294579029083e-03
-8.557942695915699005e-03
-1.319421175867319107e-02
-9.418701753020286560e-03
-4.179538227617740631e-03
-1.713761826977133751e-03
-5.211266223341226578e-03
4.454783629626035690e-03
3.189746057614684105e-03
-2.923198277130723000e-03
-1.533236447721719742e-02
-2.337360195815563202e-02
-5.690655088983476162e-04
6.602697540074586868e-04
-3.180472878739237785e-03
-1.297881361097097397e-02
-2.146582864224910736e-02
-3.669701283797621727e-03
-1.626586541533470154e-03
-3.264015074819326401e-03
-8.468482643365859985e-03
-1.713429950177669525e-02
-1.102899201214313507e-02
-7.557001430541276932e-03
-5.933343432843685150e-03
-6.204735487699508667e-03
-1.327198930084705353e-02
-1.960080489516258240e-02
-1.463375147432088852e-02
-8.491077460348606110e-03
-4.802749492228031158e-03
-8.555322885513305664e-03
2.837990224361419678e-02
2.649985998868942261e-02
1.948610506951808929e-02
6.506587844341993332e-03
-3.380955429747700691e-03
2.452529780566692352e-02
2.480133995413780212e-02
2.031408436596393585e-02
9.599124081432819366e-03
-6.533691193908452988e-04
2.173138037323951721e-02
2.339284121990203857e-02
2.107601240277290344e-02
1.506662368774414062e-02
4.318867344409227371e-03
1.499864645302295685e-02
1.811097934842109680e-02
1.867339015007019043e-02
1.711656339466571808e-02
8.552985265851020813e-03
6.227947771549224854e-03
1.086211018264293671e-02
1.631181128323078156e-02
1.883536204695701599e-02
1.338534709066152573e-02
1.357818371616303921e-03
8.445276878774166107e-03
1.526256464421749115e-02
1.474276185035705566e-02
1.311945542693138123e-02
-8.371176198124885559e-03
-2.799683425109833479e-04
6.593018304556608200e-03
9.959470480680465698e-03
1.214861217886209488e-02
-1.485797110944986343e-02
-9.560336358845233917e-03
-4.901711363345384598e-03
2.290983451530337334e-03
8.956027217209339142e-03
-1.239743083715438843e-02
-1.063380856066942215e-02
-9.096808731555938721e-03
-2.493619453161954880e-03
6.245016586035490036e-03
-8.209644816815853119e-03
-6.896189879626035690e-03
-5.640226416289806366e-03
-3.912395797669887543e-03
1.906696124933660030e-03
-1.741293381201103330e-04
6.540775299072265625e-03
1.307909004390239716e-02
1.296788267791271210e-02
1.086066290736198425e-02
-1.091196388006210327e-02
-3.364339470863342285e-03
3.435748396441340446e-03
6.782620213925838470e-03
8.705011568963527679e-03
-1.824215613305568695e-02
-1.328224223107099533e-02
-8.908780291676521301e-03
-1.704021356999874115e-03
4.427897743880748749e-03
-1.660862751305103302e-02
-1.548214908689260483e-02
-1.442184206098318100e-02
-7.868056185543537140e-03
8.881502435542643070e-04
-1.267887931317090988e-02
-1.239750254899263382e-02
-1.130751613527536392e-02
-9.458625689148902893e-03
-3.788990667089819908e-03
9.737246728036552668e-05
7.208280730992555618e-03
1.490646321326494217e-02
1.521613541990518570e-02
1.433278247714042664e-02
-1.115200109779834747e-02
-2.836990403011441231e-03
5.111492704600095749e-03
9.053277783095836639e-03
1.207121368497610092e-02
-1.926080882549285889e-02
-1.363630499690771103e-02
-7.784573361277580261e-03
2.721810596995055676e-04
7.666160818189382553e-03
-1.737713627517223358e-02
-1.581113226711750031e-02
-1.329444255679845810e-02
-5.774956196546554565e-03
4.100128076970577240e-03
-1.374313700944185257e-02
-1.303234696388244629e-02
-1.101061515510082245e-02
-7.860897108912467957e-03
-5.834600888192653656e-04
-4.775145091116428375e-03
-2.612446201965212822e-03
1.090552890673279762e-03
3.982399590313434601e-03
7.460560649633407593e-03
-6.869899109005928040e-03
-5.095470231026411057e-03
-1.293450943194329739e-03
2.809380879625678062e-03
8.722092956304550171e-03
-6.819752510637044907e-03
-4.589079413563013077e-03
-6.675287149846553802e-04
4.462831187993288040e-03
1.086118351668119431e-02
-4.829287994652986526e-03
-4.064817447215318680e-03
-8.117685792967677116e-04
3.376245498657226562e-03
8.757691830396652222e-03
-3.865835722535848618e-03
-3.784371307119727135e-03
-9.718946530483663082e-04
1.788161112926900387e-03
4.443367477506399155e-03
-2.515574218705296516e-03
-1.536850468255579472e-03
1.650483463890850544e-03
3.723997622728347778e-03
6.893429439514875412e-03
-5.629758816212415695e-03
-4.787482321262359619e-03
-1.598453614860773087e-03
1.913554617203772068e-03
7.582872174680233002e-03
-6.324498448520898819e-03
-4.882387351244688034e-03
-1.916761859320104122e-03
2.713658381253480911e-03
8.703183382749557495e-03
-5.160144995898008347e-03
-5.181607324630022049e-03
-2.697126707062125206e-03
9.542509214952588081e-04
5.710477940738201141e-03
-3.893446177244186401e-03
-4.935075063258409500e-03
-2.963403007015585899e-03
-9.502805914962664247e-05
1.558430958539247513e-03
-8.392879739403724670e-03
-7.268082350492477417e-03
-3.899353789165616035e-03
-1.012319698929786682e-03
2.845147624611854553e-03
-1.148751657456159592e-02
-1.053061708807945251e-02
-7.116580847650766373e-03
-3.107982687652111053e-03
3.353100037202239037e-03
-1.220880355685949326e-02
-1.085436064749956131e-02
-7.321606855839490891e-03
-1.978039974346756935e-03
4.745956510305404663e-03
-1.067140884697437286e-02
-1.101826597005128860e-02
-8.318687789142131805e-03
-3.689295845106244087e-03
2.060601953417062759e-03
-8.407995104789733887e-03
-9.670010767877101898e-03
-7.759606000036001205e-03
-4.240514710545539856e-03
-1.395685598254203796e-03
1.546588446944952011e-02
7.054756395518779755e-03
-2.846849849447607994e-03
-6.338306237012147903e-03
-3.277951851487159729e-03
1.516096666455268860e-02
7.820172235369682312e-03
-1.517661381512880325e-03
-5.089712329208850861e-03
-4.558837972581386566e-03
1.274185720831155777e-02
7.396622560918331146e-03
-9.802508429856970906e-05
-3.776658326387405396e-03
-5.393478088080883026e-03
1.364833954721689224e-02
1.003141980618238449e-02
3.180094761773943901e-03
-2.870612544938921928e-03
-6.978037767112255096e-03
1.178058702498674393e-02
1.070158928632736206e-02
4.287285264581441879e-03
-4.179654642939567566e-03
-9.865092113614082336e-03
1.414350233972072601e-02
5.434664431959390640e-03
-4.532833117991685867e-03
-7.505699060857295990e-03
-4.862572532147169113e-03
1.329175755381584167e-02
5.959221627563238144e-03
-3.310976549983024597e-03
-6.786587182432413101e-03
-6.510250270366668701e-03
1.046705618500709534e-02
5.045073106884956360e-03
-1.953867962583899498e-03
-5.654607899487018585e-03
-7.634941022843122482e-03
1.124829705804586411e-02
7.542195264250040054e-03
8.532801293767988682e-04
-4.929398652166128159e-03
-9.795031510293483734e-03
9.691633284091949463e-03
8.313215337693691254e-03
2.065483015030622482e-03
-6.503717508167028427e-03
-1.252011954784393311e-02
1.095405966043472290e-02
2.033592667430639267e-03
-7.623905315995216370e-03
-1.058128010481595993e-02
-7.621298544108867645e-03
9.919640608131885529e-03
2.415230264887213707e-03
-6.594905164092779160e-03
-1.015880145132541656e-02
-9.404628537595272064e-03
6.868308875709772110e-03
1.108500640839338303e-03
-5.602751858532428741e-03
-8.969224058091640472e-03
-1.080396305769681931e-02
7.710550911724567413e-03
4.171671811491250992e-03
-2.695082686841487885e-03
-8.360596373677253723e-03
-1.285705436021089554e-02
6.713279522955417633e-03
5.522475577890872955e-03
-7.620786782354116440e-04
-9.143108502030372620e-03
-1.509423833340406418e-02
-1.616125553846359253e-02
-2.617367543280124664e-02
-3.018406033515930176e-02
-1.798596419394016266e-02
-8.356579579412937164e-03
-2.349450252950191498e-02
-3.220644593238830566e-02
-3.272728249430656433e-02
-1.634125970304012299e-02
-7.239419035613536835e-03
-2.116449922323226929e-02
-1.763599924743175507e-02
-1.049206126481294632e-02
1.400655455654487014e-04
2.491093939170241356e-03
-5.071663763374090195e-03
7.730166893452405930e-03
1.974501274526119232e-02
2.258984372019767761e-02
2.096171304583549500e-02
9.467513300478458405e-03
2.768757380545139313e-02
4.150449112057685852e-02
3.980177640914916992e-02
3.448024764657020569e-02
-2.199269272387027740e-02
-3.382596001029014587e-02
-3.664427623152732849e-02
-2.139313705265522003e-02
-8.272093720734119415e-03
-2.746730670332908630e-02
-3.773509711027145386e-02
-3.664492443203926086e-02
-1.588957570493221283e-02
-2.814011881127953529e-03
-2.354234270751476288e-02
-2.102627791464328766e-02
-1.092609204351902008e-02
3.570721484720706940e-03
1.001694519072771072e-02
-3.880413481965661049e-03
9.503770619630813599e-03
2.532576210796833038e-02
3.217468038201332092e-02
3.312860056757926941e-02
1.402254123240709305e-02
3.332980722188949585e-02
4.991811513900756836e-02
5.116571485996246338e-02
4.731515794992446899e-02
-2.789269015192985535e-02
-3.852095454931259155e-02
-3.810798749327659607e-02
-2.023085393011569977e-02
-5.042120814323425293e-03
-3.332417458295822144e-02
-4.260373860597610474e-02
-3.751629590988159180e-02
-1.471233647316694260e-02
1.552973844809457660e-04
-2.827567420899868011e-02
-2.459526062011718750e-02
-1.192562747746706009e-02
4.320765845477581024e-03
1.211312972009181976e-02
-8.729000575840473175e-03
5.836359690874814987e-03
2.363002300262451172e-02
3.175028041005134583e-02
3.396631404757499695e-02
8.762439712882041931e-03
2.914605475962162018e-02
4.796567931771278381e-02
4.993521049618721008e-02
4.669809713959693909e-02
1.532437745481729507e-02
1.713514141738414764e-02
2.359189093112945557e-02
2.739287912845611572e-02
2.617095224559307098e-02
2.938489615917205811e-02
2.545862272381782532e-02
2.652646787464618683e-02
3.117527998983860016e-02
3.176328539848327637e-02
2.555925771594047546e-02
2.076396904885768890e-02
2.269946783781051636e-02
2.430980093777179718e-02
2.667918056249618530e-02
1.716633327305316925e-02
1.347770914435386658e-02
1.636039838194847107e-02
1.996607705950737000e-02
2.036972716450691223e-02
5.430783145129680634e-03
7.736078463494777679e-03
1.470097247511148453e-02
1.781110092997550964e-02
1.726138219237327576e-02
6.287644151598215103e-03
8.253792300820350647e-03
1.478686183691024780e-02
1.891556382179260254e-02
1.837838813662528992e-02
1.985650695860385895e-02
1.609046384692192078e-02
1.712737604975700378e-02
2.238327078521251678e-02
2.334670908749103546e-02
1.684080064296722412e-02
1.196417491883039474e-02
1.395978033542633057e-02
1.608831807971000671e-02
1.875306665897369385e-02
8.857516571879386902e-03
5.119670182466506958e-03
8.209004066884517670e-03
1.210440415889024734e-02
1.268358901143074036e-02
-1.835255883634090424e-03
4.547144635580480099e-04
7.432308048009872437e-03
1.016237959265708923e-02
9.910437278449535370e-03
-1.419069431722164154e-02
-1.279897429049015045e-02
-6.306812632828950882e-03
-2.627247245982289314e-03
-3.113001119345426559e-03
6.744486163370311260e-04
-3.526127897202968597e-03
-2.754431217908859253e-03
2.009149407967925072e-03
2.745055360719561577e-03
-2.115409122779965401e-03
-7.497942540794610977e-03
-5.506592802703380585e-03
-3.687091870233416557e-03
-1.083488692529499531e-03
-9.064324200153350830e-03
-1.323031727224588394e-02
-1.028132811188697815e-02
-6.706206128001213074e-03
-6.229449529200792313e-03
-1.963992230594158173e-02
-1.742154918611049652e-02
-1.051950454711914062e-02
-7.771540433168411255e-03
-7.912323810160160065e-03
7.504713721573352814e-03
3.623985219746828079e-03
5.359204486012458801e-03
7.931320928037166595e-03
5.978769622743129730e-03
1.187773980200290680e-02
4.112218506634235382e-03
3.095940919592976570e-03
7.270312402397394180e-03
5.952811799943447113e-03
9.789624251425266266e-03
3.342475742101669312e-03
3.870261600241065025e-03
7.523905485868453979e-03
6.556814536452293396e-03
2.650228329002857208e-03
-5.460255779325962067e-04
3.307510400190949440e-03
7.721461821347475052e-03
5.359405651688575745e-03
-6.123517639935016632e-03
-7.058589253574609756e-03
-6.663579260930418968e-04
3.596443682909011841e-03
1.786995213478803635e-03
8.570881560444831848e-03
6.238038651645183563e-03
8.775437250733375549e-03
1.215362828224897385e-02
1.016763411462306976e-02
1.290009450167417526e-02
6.238126661628484726e-03
6.156852003186941147e-03
1.115418132394552231e-02
9.814383462071418762e-03
1.029384881258010864e-02
5.162069108337163925e-03
6.718960590660572052e-03
1.079940050840377808e-02
1.024660281836986542e-02
2.260951558127999306e-03
4.348382062744349241e-04
5.555077455937862396e-03
1.039942726492881775e-02
8.124114945530891418e-03
-6.277872249484062195e-03
-6.344231776893138885e-03
1.025699661113321781e-03
6.327143404632806778e-03
4.502149764448404312e-03
1.473712921142578125e-02
1.151150558143854141e-02
1.407637167721986771e-02
1.703009940683841705e-02
1.405910030007362366e-02
1.901688799262046814e-02
1.209124829620122910e-02
1.171369105577468872e-02
1.620007306337356567e-02
1.395104546099901199e-02
1.667340472340583801e-02
1.119347102940082550e-02
1.232080347836017609e-02
1.585816405713558197e-02
1.467071287333965302e-02
9.399991482496261597e-03
7.069326471537351608e-03
1.146096363663673401e-02
1.619902253150939941e-02
1.312122680246829987e-02
1.580800861120223999e-03
1.431882614269852638e-03
8.176391944289207458e-03
1.319809909909963608e-02
1.058037113398313522e-02
-1.714342157356441021e-03
3.711717668920755386e-03
9.649937972426414490e-03
1.343103684484958649e-02
1.421477645635604858e-02
-3.555923700332641602e-03
4.740423173643648624e-04
7.998125627636909485e-03
1.388996839523315430e-02
1.659725047647953033e-02
-6.676997989416122437e-03
-5.318499635905027390e-03
-9.643605881137773395e-05
7.020610850304365158e-03
1.281802635639905930e-02
-6.892155390232801437e-03
-1.024997886270284653e-02
-8.131980895996093750e-03
-2.532105660066008568e-03
4.268174525350332260e-03
1.225968240760266781e-03
-3.011276246979832649e-03
-3.212174400687217712e-03
4.232518767821602523e-05
3.243061713874340057e-03
-5.805638153105974197e-03
-1.068291021510958672e-03
4.330704919993877411e-03
7.676311302930116653e-03
8.364586159586906433e-03
-8.594973012804985046e-03
-5.062707699835300446e-03
1.777034369297325611e-03
7.442875299602746964e-03
9.764404036104679108e-03
-1.239660196006298065e-02
-1.159902662038803101e-02
-6.463712081313133240e-03
-1.185051223728805780e-04
5.226550623774528503e-03
-1.345008518546819687e-02
-1.701175794005393982e-02
-1.554019190371036530e-02
-1.015174388885498047e-02
-3.988945391029119492e-03
-6.385216489434242249e-03
-1.068549696356058121e-02
-1.141681894659996033e-02
-8.450997062027454376e-03
-5.645645782351493835e-03
-8.632746525108814240e-03
-3.351421095430850983e-03
3.083044430240988731e-03
7.100468035787343979e-03
8.791206404566764832e-03
-1.166966371238231659e-02
-7.604265119880437851e-03
2.010671305470168591e-04
6.576826795935630798e-03
9.857988916337490082e-03
-1.639099232852458954e-02
-1.493857428431510925e-02
-8.932679891586303711e-03
-1.669486868195235729e-03
5.123745184391736984e-03
-1.692638732492923737e-02
-2.062412537634372711e-02
-1.808658614754676819e-02
-1.203545555472373962e-02
-4.274239763617515564e-03
-9.759296663105487823e-03
-1.451910100877285004e-02
-1.419257931411266327e-02
-1.029889751225709915e-02
-5.961058195680379868e-03
-2.399341575801372528e-02
-1.592590846121311188e-02
-5.573179572820663452e-03
4.997536074370145798e-03
6.624290836043655872e-04
-5.040512885898351669e-03
-6.915404228493571281e-04
3.591617103666067123e-03
1.237521320581436157e-02
8.993762545287609100e-03
1.277654152363538742e-02
9.982405230402946472e-03
1.186832226812839508e-02
1.959499344229698181e-02
1.943915523588657379e-02
1.997090131044387817e-02
1.469486951828002930e-02
1.334173791110515594e-02
2.045068889856338501e-02
2.122991718351840973e-02
1.316737104207277298e-02
1.008060947060585022e-02
1.112532429397106171e-02
1.592397689819335938e-02
1.475896872580051422e-02
-2.077794633805751801e-02
-1.248230971395969391e-02
-2.565886825323104858e-03
6.548827979713678360e-03
1.427322626113891602e-03
-2.341275569051504135e-03
1.951161189936101437e-03
6.376449950039386749e-03
1.382412668317556381e-02
9.917778894305229187e-03
1.347000803798437119e-02
1.066045649349689484e-02
1.268923096358776093e-02
2.022483572363853455e-02
2.039560861885547638e-02
1.856716163456439972e-02
1.355552766472101212e-02
1.260757446289062500e-02
1.982374861836433411e-02
2.182041667401790619e-02
9.403795003890991211e-03
6.562972906976938248e-03
8.168499916791915894e-03
1.378946378827095032e-02
1.413668040186166763e-02
-1.197414752095937729e-02
-3.555215196684002876e-03
7.031968794763088226e-03
1.610196009278297424e-02
1.060271076858043671e-02
6.784603931009769440e-03
1.128672808408737183e-02
1.608006469905376434e-02
2.311778068542480469e-02
1.879310049116611481e-02
2.296657115221023560e-02
2.051045931875705719e-02
2.261343784630298615e-02
2.945869788527488708e-02
2.915620617568492889e-02
2.919097431004047394e-02
2.400858327746391296e-02
2.320249006152153015e-02
2.997728995978832245e-02
3.089042566716670990e-02
1.795687153935432434e-02
1.461661979556083679e-02
1.628462411463260651e-02
2.085545286536216736e-02
2.137579768896102905e-02
-6.164777558296918869e-03
-9.547624737024307251e-03
-6.966387387365102768e-03
-6.261418573558330536e-03
-4.301832988858222961e-03
-6.423076149076223373e-03
-1.166922971606254578e-02
-8.251822553575038910e-03
-5.971470382064580917e-03
-1.619951915927231312e-03
-3.564524231478571892e-03
-9.210730902850627899e-03
-5.759885068982839584e-03
-5.851717432960867882e-04
4.324174486100673676e-03
-1.418037223629653454e-03
-1.016357168555259705e-02
-8.723177015781402588e-03
-3.925161436200141907e-03
-7.947125122882425785e-04
3.294231370091438293e-03
-7.210003677755594254e-03
-7.368827238678932190e-03
-2.242586808279156685e-03
8.536768291378393769e-05
-1.227481476962566376e-02
-1.780475676059722900e-02
-1.724668778479099274e-02
-1.804012246429920197e-02
-1.730525121092796326e-02
-1.260181795805692673e-02
-1.998060941696166992e-02
-1.850057765841484070e-02
-1.790675707161426544e-02
-1.454139780253171921e-02
-9.600549004971981049e-03
-1.770815253257751465e-02
-1.558520644903182983e-02
-1.160771399736404419e-02
-7.581394631415605545e-03
-7.525971625000238419e-03
-1.811528764665126801e-02
-1.788814365863800049e-02
-1.345925778150558472e-02
-1.119887270033359528e-02
-2.013090532273054123e-03
-1.423299871385097504e-02
-1.520142424851655960e-02
-9.892023168504238129e-03
-7.506521418690681458e-03
-1.425028219819068909e-02
-2.021047845482826233e-02
-1.862757280468940735e-02
-1.782616600394248962e-02
-1.469358615577220917e-02
-1.494236290454864502e-02
-2.326083369553089142e-02
-2.100097574293613434e-02
-1.853251270949840546e-02
-1.254749856889247894e-02
-1.196568273007869720e-02
-2.116305008530616760e-02
-1.866959035396575928e-02
-1.297977846115827560e-02
-6.051379721611738205e-03
-9.638349525630474091e-03
-2.132426016032695770e-02
-2.052216418087482452e-02
-1.469291467219591141e-02
-9.472510777413845062e-03
-3.176386933773756027e-03
-1.647110469639301300e-02
-1.705313846468925476e-02
-1.063406094908714294e-02
-5.765988491475582123e-03
-1.962671242654323578e-02
-2.196064777672290802e-02
-2.193140238523483276e-02
-2.387169562280178070e-02
-2.780819125473499298e-02
-2.023826912045478821e-02
-2.229776792228221893e-02
-2.244510129094123840e-02
-2.401890233159065247e-02
-2.724761515855789185e-02
-2.142287604510784149e-02
-2.289302460849285126e-02
-2.354970388114452362e-02
-2.513111010193824768e-02
-2.768886648118495941e-02
-2.091467007994651794e-02
-2.221792750060558319e-02
-2.242559567093849182e-02
-2.441301755607128143e-02
-2.714946866035461426e-02
-1.988227665424346924e-02
-2.042583376169204712e-02
-2.078043855726718903e-02
-2.250747010111808777e-02
-2.478868328034877777e-02
6.011861842125654221e-03
6.559949833899736404e-03
7.786313537508249283e-03
7.045830599963665009e-03
3.504481632262468338e-03
6.562362425029277802e-03
7.549333851784467697e-03
8.762618526816368103e-03
8.188413456082344055e-03
4.898308310657739639e-03
5.690824240446090698e-03
7.253288291394710541e-03
7.845268584787845612e-03
7.216446101665496826e-03
4.802186507731676102e-03
5.392854101955890656e-03
6.979586556553840637e-03
8.133003488183021545e-03
7.228932809084653854e-03
4.321118816733360291e-03
5.340924020856618881e-03
7.547498214989900589e-03
8.490807376801967621e-03
7.863141596317291260e-03
5.482327658683061600e-03
1.338723767548799515e-02
1.307330932468175888e-02
1.331041660159826279e-02
1.128750946372747421e-02
5.335861351341009140e-03
1.397373620420694351e-02
1.401625759899616241e-02
1.408982370048761368e-02
1.245340891182422638e-02
6.966954562813043594e-03
1.309163123369216919e-02
1.377703528851270676e-02
1.344483159482479095e-02
1.193668507039546967e-02
7.113292347639799118e-03
1.240860484540462494e-02
1.325797010213136673e-02
1.318584196269512177e-02
1.123385597020387650e-02
6.569519639015197754e-03
1.172633934766054153e-02
1.307020988315343857e-02
1.297086942940950394e-02
1.174102444201707840e-02
7.507976144552230835e-03
5.379838868975639343e-03
-4.133637994527816772e-03
-2.239537239074707031e-02
-2.281266637146472931e-02
-1.357968524098396301e-02
1.109669078141450882e-02
8.329840493388473988e-04
-2.109318412840366364e-02
-2.466959320008754730e-02
-1.738976128399372101e-02
2.038688957691192627e-02
1.049826201051473618e-02
-9.500061161816120148e-03
-1.587188802659511566e-02
-1.360896509140729904e-02
3.162027895450592041e-02
2.406453713774681091e-02
1.187582686543464661e-02
4.731513559818267822e-03
2.626472851261496544e-04
3.293168544769287109e-02
2.863216400146484375e-02
1.968401297926902771e-02
1.498552598059177399e-02
8.707226254045963287e-03
-1.102189067751169205e-02
-1.925375312566757202e-02
-3.679618984460830688e-02
-3.694378957152366638e-02
-2.763447724282741547e-02
-4.217509645968675613e-03
-1.294008921831846237e-02
-3.419415280222892761e-02
-3.796989098191261292e-02
-3.133283182978630066e-02
6.351564079523086548e-03
-2.538056345656514168e-03
-2.210718393325805664e-02
-2.908766455948352814e-02
-2.802446484565734863e-02
1.885542832314968109e-02
1.129778474569320679e-02
-5.002329708077013493e-04
-7.789530791342258453e-03
-1.266048662364482880e-02
2.098471112549304962e-02
1.690979488193988800e-02
8.094631135463714600e-03
2.977353986352682114e-03
-3.687652060762047768e-03
1.303980033844709396e-02
3.641470801085233688e-03
-1.412832830101251602e-02
-1.411021780222654343e-02
-4.745735321193933487e-03
1.944299973547458649e-02
9.448578581213951111e-03
-1.233780942857265472e-02
-1.625363901257514954e-02
-9.590489789843559265e-03
2.936607599258422852e-02
1.925805024802684784e-02
-1.035697758197784424e-03
-8.246204815804958344e-03
-7.428785320371389389e-03
4.095420241355895996e-02
3.231288865208625793e-02
1.978609897196292877e-02
1.178885065019130707e-02
6.028936710208654404e-03
4.123919457197189331e-02
3.559354320168495178e-02
2.613260224461555481e-02
2.046750672161579132e-02
1.342666894197463989e-02
-2.352499775588512421e-02
-2.401201240718364716e-02
-2.227212116122245789e-02
-1.745257154107093811e-02
-1.516269985586404800e-02
-2.783197723329067230e-02
-2.785776369273662567e-02
-2.346786856651306152e-02
-1.529503893107175827e-02
-1.047171279788017273e-02
-2.814326435327529907e-02
-2.601268701255321503e-02
-2.200468815863132477e-02
-1.335843931883573532e-02
-8.028812706470489502e-03
-2.469047531485557556e-02
-2.752968296408653259e-02
-2.524072118103504181e-02
-1.957450248301029205e-02
-1.850041560828685760e-02
-1.756258681416511536e-02
-2.324664965271949768e-02
-2.141630277037620544e-02
-1.669708639383316040e-02
-1.850470341742038727e-02
-2.697243541479110718e-02
-2.752330154180526733e-02
-2.564202807843685150e-02
-1.792798563838005066e-02
-1.273841969668865204e-02
-3.148374333977699280e-02
-3.299594670534133911e-02
-2.849804237484931946e-02
-1.737853698432445526e-02
-9.611753746867179871e-03
-3.087072633206844330e-02
-3.048056550323963165e-02
-2.675701305270195007e-02
-1.480037625879049301e-02
-6.044833920896053314e-03
-2.610401250422000885e-02
-3.044763766229152679e-02
-2.891544066369533539e-02
-1.970977894961833954e-02
-1.568329334259033203e-02
-1.553169824182987213e-02
-2.293122000992298126e-02
-2.017037011682987213e-02
-1.348026748746633530e-02
-1.326215453445911407e-02
-8.516026660799980164e-03
-7.833676412701606750e-03
-4.134291317313909531e-03
5.204007960855960846e-03
9.937943890690803528e-03
-1.358457189053297043e-02
-1.400030683726072311e-02
-7.172423414885997772e-03
5.701187532395124435e-03
1.363779883831739426e-02
-1.245243474841117859e-02
-1.204139366745948792e-02
-6.099550053477287292e-03
7.442499045282602310e-03
1.644643023610115051e-02
-7.660466711968183517e-03
-1.270836964249610901e-02
-9.411325678229331970e-03
1.890073879621922970e-03
6.860910449177026749e-03
3.668005811050534248e-03
-4.673209041357040405e-03
-1.023987075313925743e-03
8.349762298166751862e-03
9.370751678943634033e-03
2.350312098860740662e-02
2.646990120410919189e-02
3.046385198831558228e-02
3.036437928676605225e-02
3.043067269027233124e-02
2.798639796674251556e-02
3.162371367216110229e-02
3.476946800947189331e-02
3.492172807455062866e-02
3.204574063420295715e-02
9.016838856041431427e-03
1.445631310343742371e-02
1.808395795524120331e-02
1.850518956780433655e-02
1.761818863451480865e-02
-1.867990195751190186e-02
-9.972149506211280823e-03
-3.615261521190404892e-03
-6.512489635497331619e-04
1.925784628838300705e-03
-2.875210903584957123e-02
-2.574140764772891998e-02
-2.101566269993782043e-02
-1.432309020310640335e-02
-5.351336672902107239e-03
1.262523233890533447e-02
1.722373999655246735e-02
2.290415018796920776e-02
2.391379699110984802e-02
2.493877336382865906e-02
1.718550734221935272e-02
2.219096198678016663e-02
2.661354653537273407e-02
2.808499149978160858e-02
2.583558112382888794e-02
-2.833096077665686607e-04
6.415270268917083740e-03
1.138131786137819290e-02
1.214295625686645508e-02
1.129331532865762711e-02
-2.778345718979835510e-02
-1.795510016381740570e-02
-1.138652302324771881e-02
-8.288077078759670258e-03
-5.401674658060073853e-03
-3.771506994962692261e-02
-3.400486335158348083e-02
-2.843176387250423431e-02
-2.194925025105476379e-02
-1.266795210540294647e-02
-7.446378585882484913e-04
3.267756663262844086e-03
8.878146298229694366e-03
9.971855208277702332e-03
1.011583954095840454e-02
4.329105373471975327e-03
9.143422357738018036e-03
1.389352977275848389e-02
1.483264006674289703e-02
1.195593643933534622e-02
-1.280617341399192810e-02
-6.418482866138219833e-03
-1.492477487772703171e-03
-7.200396503321826458e-04
-2.078078687191009521e-03
-3.923353552818298340e-02
-2.971901558339595795e-02
-2.286411449313163757e-02
-1.994521357119083405e-02
-1.772368885576725006e-02
-4.731703549623489380e-02
-4.385715723037719727e-02
-3.846367076039314270e-02
-3.203531354665756226e-02
-2.367183193564414978e-02
-1.220554206520318985e-02
-1.174497976899147034e-02
-8.046624250710010529e-03
-2.258643973618745804e-03
-3.130399563815444708e-04
-1.143146771937608719e-02
-1.071643456816673279e-02
-5.650336854159832001e-03
5.150240394868887961e-05
1.764702494256198406e-03
-1.036422047764062881e-02
-9.563581086695194244e-03
-4.280471708625555038e-03
3.120167239103466272e-04
1.226199441589415073e-03
-9.749040007591247559e-03
-7.292542140930891037e-03
-3.264552913606166840e-03
2.004591078730300069e-04
2.962152357213199139e-04
-7.496451959013938904e-03
-4.656463395804166794e-03
-8.806589175947010517e-04
1.789933186955749989e-03
1.503497129306197166e-03
-3.662448609247803688e-03
-3.717333776876330376e-03
4.503172240220010281e-04
6.943581625819206238e-03
8.890261873602867126e-03
-3.858920885249972343e-03
-2.994495211169123650e-03
2.901416970416903496e-03
9.218534454703330994e-03
1.097449380904436111e-02
-3.093758597970008850e-03
-1.526465988717973232e-03
4.597326740622520447e-03
9.611892513930797577e-03
1.008204557001590729e-02
-2.500984817743301392e-03
8.945185691118240356e-04
5.776508711278438568e-03
9.562109597027301788e-03
9.588206186890602112e-03
-1.778744044713675976e-04
3.283184254541993141e-03
7.849666289985179901e-03
1.111011486500501633e-02
1.025564316660165787e-02
-1.211954001337289810e-02
-1.198681909590959549e-02
-7.493442390114068985e-03
-1.044071163050830364e-03
1.221574726514518261e-03
-1.234519202262163162e-02
-1.136498991400003433e-02
-5.342765245586633682e-03
1.366960816085338593e-03
3.472379874438047409e-03
-1.161191519349813461e-02
-1.015796978026628494e-02
-3.977471962571144104e-03
1.797879929654300213e-03
2.617277437821030617e-03
-1.056883670389652252e-02
-7.497365586459636688e-03
-2.371531212702393532e-03
2.247664378955960274e-03
2.337967045605182648e-03
-7.598747499287128448e-03
-4.054235760122537613e-03
1.004384015686810017e-03
4.617327824234962463e-03
3.917427733540534973e-03
-1.189937908202409744e-02
-5.146767478436231613e-03
2.153781708329916000e-03
1.209688652306795120e-02
1.032523158937692642e-02
8.303231559693813324e-03
7.802592124789953232e-03
8.616307750344276428e-03
1.513780467212200165e-02
1.864052750170230865e-02
2.147418260574340820e-02
1.402663346379995346e-02
1.250768080353736877e-02
1.837524771690368652e-02
2.311862818896770477e-02
1.850833930075168610e-02
1.326784677803516388e-02
1.147050224244594574e-02
1.564692147076129913e-02
2.035305835306644440e-02
8.423548191785812378e-03
6.661749910563230515e-03
9.123185649514198303e-03
1.344344206154346466e-02
1.391369663178920746e-02
-1.234011724591255188e-02
-4.794519394636154175e-03
3.096606815233826637e-03
1.261091046035289764e-02
1.065408065915107727e-02
7.046733517199754715e-03
7.281725294888019562e-03
8.438041433691978455e-03
1.544572878628969193e-02
1.878099143505096436e-02
1.942607201635837555e-02
1.257347315549850464e-02
1.170201692730188370e-02
1.849440671503543854e-02
2.357294037938117981e-02
1.516697835177183151e-02
1.070193760097026825e-02
1.023011375218629837e-02
1.542667392641305923e-02
2.080931141972541809e-02
3.474519588053226471e-03
2.999979304149746895e-03
6.791975349187850952e-03
1.273054908961057663e-02
1.450584735721349716e-02
-1.460258662700653076e-02
-7.255222648382186890e-03
6.082374966354109347e-05
9.071512147784233093e-03
6.272741127759218216e-03
5.596272181719541550e-03
5.470148753374814987e-03
6.178249605000019073e-03
1.234623976051807404e-02
1.483365520834922791e-02
1.868084818124771118e-02
1.095557771623134613e-02
9.853561408817768097e-03
1.594751700758934021e-02
1.997628994286060333e-02
1.506659295409917831e-02
9.716479107737541199e-03
8.649829775094985962e-03
1.301195286214351654e-02
1.743452996015548706e-02
2.087594708427786827e-03
8.140747086144983768e-04
4.043830092996358871e-03
9.175581857562065125e-03
1.044292561709880829e-02
-1.509071700274944305e-02
-1.456642802804708481e-02
-1.170969009399414062e-02
-7.731783203780651093e-03
-4.295425023883581161e-03
-2.057875134050846100e-02
-1.924202404916286469e-02
-1.497481577098369598e-02
-9.661639109253883362e-03
-2.803117269650101662e-03
-2.207841910421848297e-02
-1.976468414068222046e-02
-1.547095552086830139e-02
-7.882591336965560913e-03
-4.776480491273105145e-04
-1.828336343169212341e-02
-1.929186657071113586e-02
-1.596168614923954010e-02
-9.292398579418659210e-03
-6.079036742448806763e-03
-1.502301637083292007e-02
-1.889196597039699554e-02
-1.595441810786724091e-02
-1.034377701580524445e-02
-1.058850158005952835e-02
-5.667307414114475250e-03
-7.670409977436065674e-03
-6.969561334699392319e-03
-3.363413037732243538e-03
-7.417878077831119299e-05
-1.250218134373426437e-02
-1.376113761216402054e-02
-1.135458424687385559e-02
-6.609326228499412537e-03
6.985753861954435706e-05
-1.482452917844057083e-02
-1.513713318854570389e-02
-1.240314636379480362e-02
-4.619252867996692657e-03
2.401480916887521744e-03
-1.232165470719337463e-02
-1.586629264056682587e-02
-1.390659529715776443e-02
-6.674012634903192520e-03
-3.375619882717728615e-03
-8.734680712223052979e-03
-1.528205722570419312e-02
-1.268509868532419205e-02
-6.641101092100143433e-03
-6.596012972295284271e-03
-1.058090385049581528e-02
-1.175970677286386490e-02
-9.353103116154670715e-03
-4.513365216553211212e-03
-2.203280455432832241e-04
-1.799785532057285309e-02
-1.843914203345775604e-02
-1.435936987400054932e-02
-8.034556172788143158e-03
-2.923806896433234215e-04
-2.069296874105930328e-02
-2.099369280040264130e-02
-1.638342253863811493e-02
-6.864818278700113297e-03
1.505242777056992054e-03
-1.729313284158706665e-02
-2.160622738301753998e-02
-1.777826435863971710e-02
-8.716925978660583496e-03
-3.768967464566230774e-03
-1.271775458008050919e-02
-2.002013660967350006e-02
-1.623785123229026794e-02
-8.414288051426410675e-03
-7.052728906273841858e-03
-1.572133973240852356e-02
-1.417532935738563538e-02
-1.411303319036960602e-02
-1.044721342623233795e-02
-4.369007423520088196e-03
-1.810959540307521820e-02
-1.519907265901565552e-02
-1.340762618929147720e-02
-6.934077013283967972e-03
-8.818090427666902542e-04
-1.845472678542137146e-02
-1.561596244573593140e-02
-1.253163814544677734e-02
-4.399546887725591660e-03
2.180587965995073318e-03
-1.973007619380950928e-02
-1.824744790792465210e-02
-1.457077171653509140e-02
-8.271205238997936249e-03
-2.933810697868466377e-03
-1.829069852828979492e-02
-1.488394755870103836e-02
-9.247845970094203949e-03
-6.130577996373176575e-03
-6.834519095718860626e-03
-6.315610371530056000e-03
-4.819801542907953262e-03
-4.428561311215162277e-03
6.184377707540988922e-04
8.028334937989711761e-03
-9.910978376865386963e-03
-6.917987484484910965e-03
-3.932155203074216843e-03
3.517284523695707321e-03
1.106337178498506546e-02
-1.083909627050161362e-02
-7.807477377355098724e-03
-3.637186484411358833e-03
5.983761511743068695e-03
1.355481892824172974e-02
-1.207728032022714615e-02
-1.058620866388082504e-02
-5.795870441943407059e-03
2.111651236191391945e-03
8.418554440140724182e-03
-9.541741572320461273e-03
-6.681018043309450150e-03
1.688483171164989471e-04
4.661248065531253815e-03
5.060871131718158722e-03
-1.919930614531040192e-02
-1.693219691514968872e-02
-1.489225123077630997e-02
-8.465320803225040436e-03
-5.314698209986090660e-04
-2.294099703431129456e-02
-1.917471736669540405e-02
-1.474253274500370026e-02
-5.791020113974809647e-03
2.075380412861704826e-03
-2.414464391767978668e-02
-2.048784866929054260e-02
-1.459135487675666809e-02
-3.645961405709385872e-03
4.580009728670120239e-03
-2.488985471427440643e-02
-2.298937365412712097e-02
-1.642828062176704407e-02
-7.261685095727443695e-03
-2.123828890034928918e-04
-2.118006348609924316e-02
-1.795312203466892242e-02
-9.666489437222480774e-03
-3.528845496475696564e-03
-2.669199602678418159e-03
2.627455629408359528e-02
2.602021023631095886e-02
3.192667290568351746e-02
3.341899067163467407e-02
3.546128049492835999e-02
2.244997024536132812e-02
2.296674065291881561e-02
2.670702524483203888e-02
2.974424511194229126e-02
3.098044730722904205e-02
2.180745359510183334e-03
6.733639165759086609e-03
1.133071817457675934e-02
1.310142688453197479e-02
1.459358725696802139e-02
-1.968342438340187073e-02
-9.856481105089187622e-03
-4.963659215718507767e-03
-6.126785883679986000e-04
2.232909435406327248e-03
-2.698343247175216675e-02
-2.236703783273696899e-02
-1.898873224854469299e-02
-1.263848878443241119e-02
-4.556131083518266678e-03
1.763691194355487823e-02
1.836293749511241913e-02
2.438749000430107117e-02
2.667465433478355408e-02
2.893845923244953156e-02
1.400479674339294434e-02
1.528993900865316391e-02
1.944194547832012177e-02
2.320843376219272614e-02
2.413796633481979370e-02
-4.918254446238279343e-03
2.872373734135180712e-04
5.118327680975198746e-03
6.922013126313686371e-03
7.721969857811927795e-03
-2.599561773240566254e-02
-1.580145955085754395e-02
-1.116012874990701675e-02
-7.388006430119276047e-03
-4.744930658489465714e-03
-3.339475020766258240e-02
-2.869065478444099426e-02
-2.531379275023937225e-02
-1.956245489418506622e-02
-1.199554186314344406e-02
6.151710636913776398e-03
6.366610992699861526e-03
1.278638187795877457e-02
1.525998953729867935e-02
1.725205034017562866e-02
3.163571935147047043e-03
4.194976761937141418e-03
8.713919669389724731e-03
1.232596579939126968e-02
1.311225723475217819e-02
-1.596652530133724213e-02
-1.091662794351577759e-02
-5.480659194290637970e-03
-3.513091942295432091e-03
-3.125624731183052063e-03
-3.602346405386924744e-02
-2.610935457050800323e-02
-2.071813493967056274e-02
-1.684739254415035248e-02
-1.447836123406887054e-02
-4.241689667105674744e-02
-3.773012757301330566e-02
-3.419208526611328125e-02
-2.802780084311962128e-02
-2.064126729965209961e-02
2.858441695570945740e-02
1.023386325687170029e-02
-1.439713314175605774e-02
-2.479348145425319672e-02
-2.418258227407932281e-02
2.937557548284530640e-02
1.297199726104736328e-02
-1.280472427606582642e-02
-2.188025042414665222e-02
-2.396094240248203278e-02
2.447615191340446472e-02
1.256827358156442642e-02
-8.145980536937713623e-03
-1.880111917853355408e-02
-2.431450597941875458e-02
3.265503048896789551e-02
2.528257854282855988e-02
8.626477792859077454e-03
-4.186735488474369049e-03
-1.875028945505619049e-02
3.144891187548637390e-02
3.265692293643951416e-02
1.905309781432151794e-02
2.006050432100892067e-03
-1.419481355696916580e-02
2.964624762535095215e-02
8.811278268694877625e-03
-1.723362877964973450e-02
-2.921562269330024719e-02
-3.028041869401931763e-02
2.994963712990283966e-02
1.169287413358688354e-02
-1.615159027278423309e-02
-2.654838189482688904e-02
-3.087239712476730347e-02
2.512528002262115479e-02
1.099223922938108444e-02
-1.130275335162878036e-02
-2.340194769203662872e-02
-3.078493475914001465e-02
3.355842828750610352e-02
2.435741387307643890e-02
6.245699245482683182e-03
-8.106380701065063477e-03
-2.493083849549293518e-02
3.280327841639518738e-02
3.274082764983177185e-02
1.787929795682430267e-02
-1.149343210272490978e-03
-1.961513981223106384e-02
2.979824505746364594e-02
7.789804134517908096e-03
-1.972615905106067657e-02
-3.209048509597778320e-02
-3.229689970612525940e-02
2.915511652827262878e-02
9.784273803234100342e-03
-1.881306990981101990e-02
-3.006426990032196045e-02
-3.374754264950752258e-02
2.459756471216678619e-02
9.031333029270172119e-03
-1.423779875040054321e-02
-2.712639421224594116e-02
-3.446346521377563477e-02
3.288822248578071594e-02
2.263296768069267273e-02
3.098723711445927620e-03
-1.197334751486778259e-02
-2.865754440426826477e-02
3.236778452992439270e-02
3.066994994878768921e-02
1.472121011465787888e-02
-4.798753652721643448e-03
-2.314749173820018768e-02
8.527695201337337494e-03
-3.683194052428007126e-03
-1.132910419255495071e-02
-6.993254180997610092e-03
-5.001682322472333908e-03
1.274118945002555847e-02
7.743164896965026855e-04
-7.293698843568563461e-03
-5.167247261852025986e-03
-5.474953446537256241e-03
1.874832622706890106e-02
1.101651787757873535e-02
1.979292137548327446e-03
3.038488328456878662e-03
1.779134763637557626e-04
2.124160900712013245e-02
1.683017425239086151e-02
6.418415345251560211e-03
4.736320581287145615e-03
-1.320498995482921600e-03
1.617167517542839050e-02
1.258452609181404114e-02
2.522777067497372627e-03
-9.458415443077683449e-04
-6.325005553662776947e-03
-2.466001547873020172e-03
-1.500129792839288712e-02
-2.235547266900539398e-02
-1.778440922498703003e-02
-1.703782938420772552e-02
2.262818394228816032e-03
-9.569417685270309448e-03
-1.750137098133563995e-02
-1.498004142194986343e-02
-1.661872863769531250e-02
8.944504894316196442e-03
1.053214073181152344e-03
-7.579084951430559158e-03
-6.278575863689184189e-03
-9.746444411575794220e-03
1.205022633075714111e-02
7.532256655395030975e-03
-2.916989615187048912e-03
-4.214875865727663040e-03
-1.030370872467756271e-02
7.785217836499214172e-03
3.786436980590224266e-03
-6.230035796761512756e-03
-9.310925379395484924e-03
-1.447047758847475052e-02
-7.392414845526218414e-04
-1.436982955783605576e-02
-2.258147113025188446e-02
-1.832384802401065826e-02
-1.726073957979679108e-02
3.493679221719503403e-03
-9.446462616324424744e-03
-1.827777735888957977e-02
-1.622183620929718018e-02
-1.763385161757469177e-02
9.723034687340259552e-03
5.246242508292198181e-04
-8.706314489245414734e-03
-7.612893357872962952e-03
-1.149428542703390121e-02
1.262146793305873871e-02
6.729845423251390457e-03
-4.517832770943641663e-03
-6.053872872143983841e-03
-1.246405672281980515e-02
8.444914594292640686e-03
2.915137680247426033e-03
-7.883456535637378693e-03
-1.124997716397047043e-02
-1.660182699561119080e-02
-1.353924162685871124e-02
-2.592788450419902802e-02
-2.963717468082904816e-02
-1.150457933545112610e-02
1.910086604766547680e-03
-2.354690991342067719e-02
-3.168011829257011414e-02
-3.151466324925422668e-02
-1.018290687352418900e-02
1.562009798362851143e-03
-1.941012963652610779e-02
-1.399739366024732590e-02
-5.542526952922344208e-03
6.840273272246122360e-03
1.158747542649507523e-02
-3.122010035440325737e-03
1.356637571007013321e-02
2.842101827263832092e-02
3.258218988776206970e-02
3.167136386036872864e-02
8.827497251331806183e-03
3.065534867346286774e-02
4.619276896119117737e-02
4.678527265787124634e-02
4.108383879065513611e-02
-1.404795143753290176e-02
-2.989635430276393890e-02
-3.363457322120666504e-02
-1.492404937744140625e-02
1.383058959618210793e-03
-2.450956404209136963e-02
-3.522766008973121643e-02
-3.389513120055198669e-02
-9.913156740367412567e-03
4.746053367853164673e-03
-1.973399706184864044e-02
-1.602320931851863861e-02
-4.941597115248441696e-03
1.055735815316438675e-02
1.820433139801025391e-02
-1.557415002025663853e-03
1.468854583799839020e-02
3.361352905631065369e-02
4.061869904398918152e-02
4.188932478427886963e-02
1.215626392513513565e-02
3.508283942937850952e-02
5.332440510392189026e-02
5.632643774151802063e-02
5.171287804841995239e-02
-3.820988163352012634e-02
-5.386241152882575989e-02
-5.469476431608200073e-02
-3.370666503906250000e-02
-1.548662036657333374e-02
-4.786454513669013977e-02
-5.829823762178421021e-02
-5.404340103268623352e-02
-2.844862639904022217e-02
-1.155986171215772629e-02
-4.090031608939170837e-02
-3.624115884304046631e-02
-2.310561947524547577e-02
-6.548636127263307571e-03
2.871785545721650124e-03
-2.195692434906959534e-02
-4.630043171346187592e-03
1.610707305371761322e-02
2.396178990602493286e-02
2.662242949008941650e-02
-6.719992961734533310e-03
1.762402430176734924e-02
3.824274986982345581e-02
4.189169779419898987e-02
3.804114088416099548e-02
2.770119579508900642e-03
5.922934040427207947e-03
5.764526315033435822e-03
1.901931827887892723e-03
-2.818322274833917618e-03
7.910886779427528381e-03
8.672981522977352142e-03
6.342895328998565674e-03
9.690722799859941006e-04
-4.271667450666427612e-03
1.261490304023027420e-02
1.138554420322179794e-02
9.369767270982265472e-03
4.993431270122528076e-03
1.365080010145902634e-03
1.214326173067092896e-02
1.006355416029691696e-02
8.209872990846633911e-03
5.480302963405847549e-03
3.369310870766639709e-03
7.519386243075132370e-03
6.173324771225452423e-03
4.951761104166507721e-03
1.790778245776891708e-03
-1.339876092970371246e-03
4.813013598322868347e-03
7.335728500038385391e-03
6.368723232299089432e-03
2.415774157270789146e-03
-3.118551569059491158e-03
9.762606583535671234e-03
9.888725355267524719e-03
6.635366473346948624e-03
1.091357436962425709e-03
-4.677352961152791977e-03
1.396431121975183487e-02
1.224949304014444351e-02
9.684639982879161835e-03
5.201795138418674469e-03
8.120707352645695210e-04
1.291773281991481781e-02
1.060724630951881409e-02
8.180928416550159454e-03
5.322074983268976212e-03
3.023024182766675949e-03
7.049017120152711868e-03
5.758528131991624832e-03
4.304105881601572037e-03
1.402484369464218616e-03
-1.494990778155624866e-03
4.910765215754508972e-03
7.349646650254726410e-03
5.916266702115535736e-03
1.977537060156464577e-03
-3.400949994102120399e-03
9.840656071901321411e-03
9.674601256847381592e-03
6.049858871847391129e-03
7.662624120712280273e-04
-4.741989541798830032e-03
1.413488760590553284e-02
1.215729769319295883e-02
9.251876734197139740e-03
5.173227749764919281e-03
1.252354588359594345e-03
1.286004763096570969e-02
1.043134182691574097e-02
7.800247054547071457e-03
5.170095711946487427e-03
3.222805215045809746e-03
5.942819174379110336e-03
4.621819593012332916e-03
2.928161062300205231e-03
4.757664864882826805e-04
-2.033437369391322136e-03
-4.871942568570375443e-03
-4.057803191244602203e-03
-4.275851882994174957e-03
-1.821157638914883137e-04
2.390881069004535675e-03
-4.154158290475606918e-03
-3.886449616402387619e-03
-2.623513573780655861e-03
1.072792918421328068e-03
4.287929274141788483e-03
-3.173899138346314430e-03
-9.983929339796304703e-04
-1.124245813116431236e-03
1.503538573160767555e-03
2.461108379065990448e-03
-2.873618388548493385e-03
-1.607876154594123363e-03
-6.828337791375815868e-04
-5.344318342395126820e-04
-1.658845925703644753e-03
-8.206254569813609123e-04
6.399093545041978359e-04
2.969112712889909744e-03
3.388349432498216629e-03
3.407637705095112324e-04
-9.696723893284797668e-03
-9.194935671985149384e-03
-1.009632367640733719e-02
-5.536342039704322815e-03
-2.608672250062227249e-03
-8.982422761619091034e-03
-8.871422149240970612e-03
-8.024292066693305969e-03
-4.039848688989877701e-03
-5.804896354675292969e-04
-8.195606991648674011e-03
-6.303807720541954041e-03
-6.251838058233261108e-03
-3.217334160581231117e-03
-1.523705315776169300e-03
-8.147618733346462250e-03
-6.571895442903041840e-03
-5.219283979386091232e-03
-3.712951671332120895e-03
-4.274063743650913239e-03
-5.336686037480831146e-03
-3.222418716177344322e-03
-2.377138844167347997e-05
1.739386934787034988e-03
-1.055838190950453281e-03
-1.162870321422815323e-02
-1.108272653073072433e-02
-1.106555014848709106e-02
-5.945036187767982483e-03
-1.813342445529997349e-03
-1.117978245019912720e-02
-1.094939094036817551e-02
-9.037021547555923462e-03
-4.126572515815496445e-03
3.640408103819936514e-04
-9.972949512302875519e-03
-8.086342364549636841e-03
-6.967052817344665527e-03
-3.080787137150764465e-03
-3.549435350578278303e-04
-9.530873037874698639e-03
-7.771706674247980118e-03
-5.731300450861454010e-03
-3.647448727861046791e-03
-3.033688524737954140e-03
-6.118356715887784958e-03
-4.144034814089536667e-03
-4.342162574175745249e-04
2.089544199407100677e-03
7.361778407357633114e-04
-4.937273915857076645e-03
-7.984586991369724274e-03
-9.017577394843101501e-03
-3.580516437068581581e-03
-9.024554165080189705e-04
2.426737191854044795e-04
-1.280662952922284603e-03
-3.007440827786922455e-03
7.571812602691352367e-04
2.703687641769647598e-03
7.345367223024368286e-03
5.162441637367010117e-03
1.942777656950056553e-03
2.332932082936167717e-03
4.717388190329074860e-03
1.211543660610914230e-02
1.182260364294052124e-02
7.287703920155763626e-03
6.028252188116312027e-03
6.385243963450193405e-03
6.675637792795896530e-03
7.722865790128707886e-03
5.563670303672552109e-03
3.289851592853665352e-03
3.219492733478546143e-03
-1.255113631486892700e-02
-1.468128245323896408e-02
-1.495761889964342117e-02
-9.049796499311923981e-03
-3.789442591369152069e-03
-7.196458056569099426e-03
-8.217741735279560089e-03
-8.604593575000762939e-03
-3.642831463366746902e-03
4.605511203408241272e-04
-1.563508521940093488e-05
-1.327224192209541798e-03
-3.309196326881647110e-03
-1.815456198528409004e-03
2.917308360338211060e-03
4.946462810039520264e-03
5.287409760057926178e-03
2.053183037787675858e-03
2.025768393650650978e-03
4.730014130473136902e-03
1.457482139812782407e-04
1.750261755660176277e-03
5.236258148215711117e-04
-4.081582301296293736e-04
1.686941948719322681e-03
-3.984216600656509399e-03
-6.532832980155944824e-03
-7.319502532482147217e-03
-1.701541244983673096e-03
2.981079276651144028e-03
1.194347860291600227e-03
-2.036463120020925999e-04
-1.104512717574834824e-03
3.267584368586540222e-03
7.079489063471555710e-03
8.233840577304363251e-03
6.558905821293592453e-03
4.097228869795799255e-03
5.056019406765699387e-03
9.308064356446266174e-03
1.261525321751832962e-02
1.282955799251794815e-02
9.110406972467899323e-03
8.448029868304729462e-03
1.105248089879751205e-02
6.464374251663684845e-03
7.957355119287967682e-03
6.469748448580503464e-03
5.018812604248523712e-03
6.722911726683378220e-03
-1.834140904247760773e-02
-1.754453033208847046e-02
-1.576701737940311432e-02
-1.256640441715717316e-02
-1.196094974875450134e-02
-1.696938835084438324e-02
-1.599231362342834473e-02
-1.430613175034523010e-02
-1.036960911005735397e-02
-8.393820375204086304e-03
-1.489872578531503677e-02
-1.416237279772758484e-02
-1.305016316473484039e-02
-1.066013891249895096e-02
-8.897378109395503998e-03
-1.235050056129693985e-02
-1.482732128351926804e-02
-1.608857139945030212e-02
-1.473242044448852539e-02
-1.461829803884029388e-02
-8.659307844936847687e-03
-1.302584260702133179e-02
-1.304131373763084412e-02
-1.031247619539499283e-02
-9.569128043949604034e-03
-2.101789787411689758e-02
-2.050263248383998871e-02
-1.828515715897083282e-02
-1.312714815139770508e-02
-1.120391674339771271e-02
-1.944297738373279572e-02
-1.890361681580543518e-02
-1.685843057930469513e-02
-1.108101382851600647e-02
-6.924962624907493591e-03
-1.531069632619619370e-02
-1.470429450273513794e-02
-1.391072105616331100e-02
-9.768071584403514862e-03
-6.158693227916955948e-03
-1.102717500180006027e-02
-1.381133776158094406e-02
-1.452067401260137558e-02
-1.116005890071392059e-02
-9.370521642267704010e-03
-5.331241991370916367e-03
-1.013082265853881836e-02
-8.923160843551158905e-03
-4.872769117355346680e-03
-1.974120503291487694e-03
-3.020249539986252785e-03
-1.909784390591084957e-03
1.186619279906153679e-03
7.235362194478511810e-03
8.937086910009384155e-03
-1.834798604249954224e-03
-1.070336671546101570e-03
2.244888106361031532e-03
8.901845663785934448e-03
1.280487328767776489e-02
1.845296705141663551e-03
2.307432470843195915e-03
3.938569687306880951e-03
9.099573828279972076e-03
1.282029598951339722e-02
5.561816971749067307e-03
2.368449699133634567e-03
2.277594059705734253e-03
6.264019291847944260e-03
8.408228866755962372e-03
9.950173087418079376e-03
4.848615266382694244e-03
6.539973895996809006e-03
1.129971444606781006e-02
1.380724459886550903e-02
-1.109307352453470230e-02
-1.448148395866155624e-02
-1.461106631904840469e-02
-1.580988802015781403e-02
-1.628990657627582550e-02
-1.113517768681049347e-02
-1.377923786640167236e-02
-1.429678406566381454e-02
-1.612487807869911194e-02
-1.741865091025829315e-02
-1.162009686231613159e-02
-1.417934615164995193e-02
-1.502218935638666153e-02
-1.721801050007343292e-02
-1.863494887948036194e-02
-1.059276610612869263e-02
-1.316409464925527573e-02
-1.506223250180482864e-02
-1.709032058715820312e-02
-1.860229671001434326e-02
-9.277675300836563110e-03
-1.193323638290166855e-02
-1.417566929012537003e-02
-1.686360500752925873e-02
-1.840031519532203674e-02
2.995466638822108507e-04
-1.826796447858214378e-03
-1.973543316125869751e-03
-2.381819998845458031e-03
-2.664547180756926537e-03
-7.349516963586211205e-04
-2.569820964708924294e-03
-2.421950921416282654e-03
-3.008885076269507408e-03
-4.185261670500040054e-03
-1.353898667730391026e-03
-3.349378705024719238e-03
-3.241845406591892242e-03
-4.188682418316602707e-03
-5.209814757108688354e-03
-8.500853436999022961e-04
-2.563779707998037338e-03
-3.684602910652756691e-03
-4.516627639532089233e-03
-5.740074440836906433e-03
6.900708540342748165e-04
-1.376094063743948936e-03
-2.922000363469123840e-03
-4.282183479517698288e-03
-5.367868114262819290e-03
1.695468835532665253e-02
1.412449683994054794e-02
1.303861383348703384e-02
1.158648822456598282e-02
9.194634854793548584e-03
1.600297540426254272e-02
1.352212671190500259e-02
1.294632721692323685e-02
1.145252957940101624e-02
7.343919947743415833e-03
1.500545069575309753e-02
1.278307382017374039e-02
1.180161722004413605e-02
1.002327445894479752e-02
6.074628327041864395e-03
1.523969043046236038e-02
1.329854689538478851e-02
1.127514708787202835e-02
9.288745000958442688e-03
5.428197328001260757e-03
1.567228324711322784e-02
1.333765685558319092e-02
1.117612794041633606e-02
8.572320453822612762e-03
4.998516291379928589e-03
"
"
0.00145253 0.000356398 -9.56561e-06 0.00021695 -0.000245088 0.00119678 0.00012337 -6.61526e-05 0.00013842 0.00091855 0.000225941 0.000286162 9.10713e-05 0.000567531 -0.000370084 0.000499876 0.00100982 -0.000422486 0.00087456 -0.000220242 6.75035e-05 -0.000614309 -0.000105924 0.000551048 0.000736932 1.35142e-05 0.000789775 -1.72524e-05 -0.000120441 0.000418703 -0.000277298 0.00051894
