-9.725827723741531372e-02
-8.100062608718872070e-02
7.336616050451993942e-03
9.131968021392822266e-02
2.591018751263618469e-02
7.057759910821914673e-02
-6.524183601140975952e-02
-7.517189718782901764e-03
-6.404227018356323242e-02
-1.369653362780809402e-02
-1.781648397445678711e-02
-9.307947754859924316e-02
-2.272313237190246582e-01
1.662617176771163940e-02
3.486634790897369385e-02
9.956929087638854980e-02
-2.632443979382514954e-02
9.780097007751464844e-02
-3.407734259963035583e-02
-2.343211509287357330e-02
-6.180774047970771790e-02
-1.156629025936126709e-01
-1.879852451384067535e-02
-3.161972016096115112e-02
-2.077213525772094727e-01
3.434416279196739197e-02
7.378458231687545776e-02
5.521373823285102844e-02
-1.114610061049461365e-01
-1.303480267524719238e-01
1.231890916824340820e-02
1.131687313318252563e-01
-1.679054498672485352e-01
-8.829540014266967773e-02
6.137860193848609924e-02
3.271999582648277283e-02
-8.361274003982543945e-02
1.575021147727966309e-01
-7.060424238443374634e-02
-2.296385914087295532e-02
-2.609428167343139648e-01
-6.842893362045288086e-02
8.533485978841781616e-02
-3.073518723249435425e-02
-2.602251619100570679e-02
1.362392753362655640e-01
9.235792607069015503e-02
-4.344920068979263306e-02
1.017306465655565262e-02
-1.528115421533584595e-01
-6.888752430677413940e-02
-4.610181972384452820e-02
-1.020380705595016479e-01
6.514655053615570068e-02
4.343234375119209290e-02
8.897550404071807861e-02
-1.758214831352233887e-02
-9.892240911722183228e-02
2.540498077869415283e-01
6.552278250455856323e-02
-4.863785579800605774e-02
1.488379761576652527e-02
1.026984974741935730e-01
-8.259014785289764404e-02
-1.633988320827484131e-01
-1.623950004577636719e-01
5.428228527307510376e-03
1.596525907516479492e-01
-4.147844389081001282e-02
1.560312807559967041e-01
9.510684013366699219e-02
-6.362213194370269775e-02
8.208662271499633789e-02
-1.436058133840560913e-01
8.055476844310760498e-02
8.167734742164611816e-02
3.285558149218559265e-02
2.182791978120803833e-01
1.102371234446763992e-02
-1.431543380022048950e-01
6.134602800011634827e-02
7.510936260223388672e-02
-8.139577507972717285e-02
7.827953994274139404e-02
9.166461229324340820e-02
-4.214258491992950439e-02
-1.950139552354812622e-02
5.565248057246208191e-02
8.716651797294616699e-02
-4.308898746967315674e-02
7.477681338787078857e-02
1.281865835189819336e-01
-3.036031685769557953e-02
-3.057966753840446472e-02
-6.378558278083801270e-02
1.772394031286239624e-01
-5.630066245794296265e-02
-5.014985427260398865e-02
1.765025593340396881e-02
1.931388676166534424e-02
1.771353930234909058e-01
4.279336705803871155e-02
-5.737283453345298767e-02
1.018343344330787659e-01
1.376664042472839355e-01
-8.146310597658157349e-02
4.622559621930122375e-02
-2.855339460074901581e-02
-2.850831951946020126e-03
6.352493911981582642e-02
2.246922068297863007e-02
2.712190710008144379e-02
6.140934675931930542e-02
9.928014129400253296e-02
-3.980594500899314880e-02
-3.752917051315307617e-02
1.101983040571212769e-01
-4.763722792267799377e-02
8.046990260481834412e-03
-9.273634105920791626e-02
5.293440446257591248e-02
-8.891576528549194336e-02
2.023526281118392944e-01
5.259954929351806641e-02
-3.361228853464126587e-02
-8.911985903978347778e-03
9.742105007171630859e-02
-6.012399494647979736e-02
3.418235108256340027e-02
1.358428448438644409e-01
1.359475106000900269e-01
-1.695246249437332153e-01
5.458980798721313477e-02
-1.132869720458984375e-01
-9.055448323488235474e-02
-6.550159305334091187e-02
5.815168470144271851e-02
3.160844743251800537e-02
-1.098099201917648315e-01
8.748987317085266113e-02
3.355303406715393066e-02
5.729264393448829651e-02
4.642469063401222229e-02
9.029303491115570068e-02
-1.362447142601013184e-01
2.835599333047866821e-02
5.740915611386299133e-02
-7.080713752657175064e-03
-1.566095650196075439e-01
1.517429575324058533e-02
6.787242367863655090e-03
4.644376225769519806e-03
1.241574361920356750e-01
7.397191226482391357e-02
5.276980623602867126e-02
-1.400790512561798096e-01
8.995501697063446045e-02
-5.514062196016311646e-02
8.863620460033416748e-03
-9.908505529165267944e-02
1.066054925322532654e-01
2.815961465239524841e-02
-5.146124400198459625e-03
9.829839691519737244e-03
-5.690961703658103943e-02
1.928196549415588379e-01
-9.595818072557449341e-02
1.893358230590820312e-01
-7.728483527898788452e-02
8.098884671926498413e-02
-2.187909185886383057e-02
-3.730459511280059814e-02
1.681952178478240967e-02
1.268781535327434540e-02
-2.430093102157115936e-02
9.612862765789031982e-02
1.173443160951137543e-02
-1.189451888203620911e-01
1.945811957120895386e-01
-4.553852975368499756e-02
-5.476767942309379578e-02
2.471411786973476410e-02
1.229500696063041687e-01
1.020918935537338257e-01
1.414091605693101883e-02
8.207258582115173340e-02
6.032269448041915894e-02
8.366235345602035522e-02
-1.043324009515345097e-03
1.267303526401519775e-02
3.369592130184173584e-02
1.297618634998798370e-02
-7.415137439966201782e-02
-8.628200739622116089e-02
1.498899012804031372e-01
7.024585455656051636e-02
-7.646229583770036697e-03
-5.492898821830749512e-02
2.892299927771091461e-02
7.067155092954635620e-02
9.042878448963165283e-02
-1.294331345707178116e-02
-9.414102882146835327e-02
-9.066412597894668579e-02
-1.120763570070266724e-01
6.851912289857864380e-02
-2.422702312469482422e-02
1.103481277823448181e-01
6.014832295477390289e-03
-1.028832606971263885e-02
8.077635616064071655e-02
1.555135697126388550e-01
2.213787585496902466e-01
-1.551000028848648071e-02
-1.293090432882308960e-01
1.180049702525138855e-01
-4.072834562975913286e-04
-8.130481839179992676e-02
2.977887913584709167e-02
1.228981837630271912e-02
-1.117034628987312317e-01
6.725069135427474976e-02
8.594352751970291138e-02
1.089041028171777725e-02
-7.359021902084350586e-02
-1.463860366493463516e-02
7.442839443683624268e-02
-4.716588929295539856e-02
5.567981302738189697e-02
-1.051099374890327454e-01
3.281433135271072388e-02
1.354919970035552979e-01
5.449650809168815613e-02
1.462000459432601929e-01
-2.520554885268211365e-02
-1.329405605792999268e-02
-6.846063304692506790e-03
2.055386081337928772e-02
1.221874728798866272e-01
-1.528852712363004684e-02
3.675089776515960693e-02
-1.107349097728729248e-01
6.371758133172988892e-02
-6.843351572751998901e-02
-2.191434614360332489e-02
1.055640801787376404e-01
1.138349995017051697e-01
3.850157931447029114e-02
4.176363581791520119e-04
-1.609609723091125488e-01
-1.232352927327156067e-01
-5.477360263466835022e-02
1.020488888025283813e-02
5.333396047353744507e-02
1.818858981132507324e-01
7.633031159639358521e-02
4.347326606512069702e-02
2.324826270341873169e-02
2.299442514777183533e-02
-1.288677752017974854e-01
-9.336590021848678589e-02
-5.314683169126510620e-02
-9.544070810079574585e-02
-2.657278999686241150e-02
-7.571648806333541870e-03
-2.526456117630004883e-02
-3.395324805751442909e-03
7.950062304735183716e-02
2.071309238672256470e-01
-9.849985130131244659e-03
1.516423076391220093e-01
1.917112618684768677e-02
1.102883741259574890e-01
-1.592134237289428711e-01
2.305806986987590790e-02
-1.256034127436578274e-03
-1.155543792992830276e-02
-1.031231433153152466e-01
4.472730681300163269e-02
4.995105322450399399e-03
-1.923375390470027924e-02
1.199829727411270142e-01
1.347656082361936569e-02
-3.156848542857915163e-04
2.560216933488845825e-02
1.604288071393966675e-02
-3.507010638713836670e-02
4.046162962913513184e-02
3.046952933073043823e-02
1.758487373590469360e-01
-5.424258485436439514e-02
-2.044031471014022827e-01
9.044211357831954956e-02
4.092238470911979675e-02
-5.184438079595565796e-03
2.570296078920364380e-02
9.678052365779876709e-02
5.731655284762382507e-03
1.440829634666442871e-01
8.094242960214614868e-02
-6.591658294200897217e-02
8.532796055078506470e-02
4.288246855139732361e-02
-1.490761637687683105e-01
4.506248980760574341e-02
1.198125630617141724e-01
-4.376360774040222168e-02
-9.931027144193649292e-02
1.463921219110488892e-01
6.447061896324157715e-02
7.927284389734268188e-02
-6.406899541616439819e-02
9.880395978689193726e-02
-1.005427259951829910e-02
5.144889280200004578e-02
-2.517189458012580872e-02
1.259013563394546509e-01
-1.359066274017095566e-02
1.289123203605413437e-02
-5.686075612902641296e-02
-9.083893150091171265e-02
1.115701273083686829e-01
4.237037524580955505e-02
2.536284271627664566e-03
1.389773041009902954e-01
1.093044318258762360e-02
-7.068653404712677002e-02
-4.788540676236152649e-02
9.040152281522750854e-02
6.751377135515213013e-02
-1.571354866027832031e-01
-2.096568979322910309e-02
-7.377164065837860107e-02
-2.446551248431205750e-02
-2.615861967206001282e-02
1.968975178897380829e-02
2.113301120698451996e-02
-2.920613996684551239e-02
-1.165066882967948914e-01
-3.077854588627815247e-02
1.707335002720355988e-03
-5.293226987123489380e-02
8.608444780111312866e-02
1.183400526642799377e-01
8.224128186702728271e-02
-4.746492952108383179e-02
7.361922413110733032e-02
1.208098977804183960e-01
-4.464377835392951965e-02
-7.722720620222389698e-04
-1.467410624027252197e-01
4.371582530438899994e-03
-1.658714562654495239e-02
3.322986140847206116e-02
1.253285109996795654e-01
-1.132448688149452209e-01
-2.286723256111145020e-01
5.853897333145141602e-02
6.010473147034645081e-02
1.127180904150009155e-01
1.121747121214866638e-01
9.277167171239852905e-02
9.041635692119598389e-02
1.155463680624961853e-01
-1.208106279373168945e-01
-1.093218848109245300e-01
1.582500897347927094e-02
1.426961645483970642e-02
-1.699480600655078888e-02
1.017769053578376770e-02
-1.317436248064041138e-01
7.769186794757843018e-02
1.427223235368728638e-01
-8.873484283685684204e-02
1.247104927897453308e-01
-6.195813417434692383e-02
-8.338795974850654602e-03
-5.265821516513824463e-02
-2.270180918276309967e-02
4.617024585604667664e-02
-8.924405276775360107e-02
3.896211460232734680e-02
5.854320153594017029e-02
-2.827136078849434853e-03
4.544455930590629578e-02
8.813980966806411743e-02
-1.008832678198814392e-01
3.592741861939430237e-02
-1.092526540160179138e-01
3.066927194595336914e-02
-3.354448080062866211e-02
-1.042508631944656372e-01
-9.836367517709732056e-02
5.286962538957595825e-02
7.568713277578353882e-02
-7.412610948085784912e-02
1.410561427474021912e-02
-8.602292835712432861e-02
-4.268327727913856506e-02
9.322408586740493774e-02
1.125869005918502808e-01
1.877649128437042236e-01
1.144927293062210083e-01
-2.018579989671707153e-01
-3.526859357953071594e-02
-1.414801180362701416e-01
1.157056912779808044e-01
-6.289999186992645264e-02
-6.081882119178771973e-02
2.038354426622390747e-02
1.877494454383850098e-01
5.068787932395935059e-02
4.204976931214332581e-02
-4.875981807708740234e-02
1.478334069252014160e-01
-3.310711681842803955e-02
1.297047585248947144e-01
-6.680757552385330200e-02
1.148921549320220947e-01
-1.690853983163833618e-01
2.210816554725170135e-02
3.534137457609176636e-02
-6.659652292728424072e-02
3.645774722099304199e-02
3.266738355159759521e-02
-1.413720101118087769e-01
-9.191204607486724854e-02
-3.184057399630546570e-02
2.014595270156860352e-01
-5.400309339165687561e-02
1.111522018909454346e-01
6.578262150287628174e-02
8.703889697790145874e-02
-1.319691240787506104e-01
-1.394874155521392822e-01
9.938388317823410034e-02
6.975112110376358032e-02
8.593476563692092896e-02
6.145811453461647034e-02
-3.284501656889915466e-02
-1.471119280904531479e-02
1.386574208736419678e-01
8.611672557890415192e-03
1.948242890648543835e-03
-1.399454176425933838e-01
9.430080652236938477e-02
3.301481530070304871e-02
1.103542521595954895e-01
2.877551317214965820e-02
7.478918135166168213e-02
-5.512376874685287476e-02
-1.020725723356008530e-02
6.007654964923858643e-02
-1.498531997203826904e-01
-9.534896910190582275e-02
1.942554414272308350e-01
3.677304461598396301e-02
1.303042173385620117e-01
-5.091822519898414612e-02
-7.914318144321441650e-02
-8.326973021030426025e-02
1.146998330950737000e-01
-3.201330080628395081e-02
-1.518192291259765625e-01
3.389976173639297485e-02
1.825747191905975342e-01
4.612848162651062012e-03
-2.745750546455383301e-02
7.548243156634271145e-04
5.502549186348915100e-02
-2.067199796438217163e-01
-2.785387262701988220e-02
-1.457025408744812012e-01
2.395863644778728485e-02
-7.977478206157684326e-02
1.022606045007705688e-01
1.060846820473670959e-01
1.649361252784729004e-01
4.962827265262603760e-02
3.898830339312553406e-02
6.663958728313446045e-02
1.384110599756240845e-01
-1.026852279901504517e-01
-6.163858249783515930e-02
-1.035196408629417419e-01
8.100086450576782227e-02
1.110152155160903931e-01
-3.546445071697235107e-02
6.957598496228456497e-03
7.993053644895553589e-02
-4.459065198898315430e-02
-2.614742517471313477e-02
-5.134169477969408035e-03
1.129808723926544189e-01
1.110581830143928528e-01
6.299376487731933594e-02
1.459802128374576569e-02
-1.076340395957231522e-02
1.106631159782409668e-01
9.204407781362533569e-02
4.137300420552492142e-03
-3.402074053883552551e-02
-2.064477205276489258e-01
-1.135573443025350571e-02
-1.367817074060440063e-01
1.116964221000671387e-01
6.381855905055999756e-02
1.256298855878412724e-03
-4.088437557220458984e-02
1.017680466175079346e-01
7.090491801500320435e-02
1.799100637435913086e-02
-1.546251215040683746e-02
5.546578019857406616e-02
3.623910248279571533e-02
-1.486908085644245148e-02
2.601588889956474304e-02
5.838630348443984985e-02
-9.483845531940460205e-02
4.124235361814498901e-02
-1.421525478363037109e-01
5.262562260031700134e-02
5.867030099034309387e-02
-3.520470485091209412e-02
-6.129247322678565979e-02
-3.928598389029502869e-02
-1.354612782597541809e-02
-8.457309007644653320e-02
-2.438171580433845520e-02
-4.905533511191606522e-03
-1.191707402467727661e-01
6.088576093316078186e-02
-5.430102720856666565e-02
-3.000613301992416382e-02
7.969846576452255249e-02
-1.565226614475250244e-01
3.130896762013435364e-02
-7.734049111604690552e-02
7.626711577177047729e-02
-4.631927981972694397e-02
5.019963532686233521e-02
-5.990562215447425842e-02
3.599859774112701416e-02
1.037766337394714355e-01
1.418563574552536011e-01
6.229767575860023499e-02
7.867734134197235107e-02
1.621590852737426758e-01
5.710684135556221008e-02
7.151158154010772705e-02
1.291927546262741089e-01
3.013389557600021362e-02
8.107502758502960205e-02
-4.264628514647483826e-02
-1.127737611532211304e-01
1.359784882515668869e-02
6.798174232244491577e-02
-1.504689902067184448e-01
2.050114572048187256e-01
5.832769349217414856e-02
-3.032404929399490356e-02
8.208220452070236206e-02
5.485317204147577286e-03
-2.703276090323925018e-02
-5.244255438446998596e-02
3.994837403297424316e-02
-1.127259284257888794e-01
2.515076473355293274e-02
-7.625356316566467285e-02
-8.817336522042751312e-03
-2.938191592693328857e-02
-2.383778989315032959e-02
2.394177615642547607e-01
1.532060280442237854e-02
7.376375794410705566e-02
-2.901985123753547668e-02
B i a s : " " "
"
"
"
0.012483 -0.00756722 -0.00133713 0.0063292 -0.00952617 0.00429217 -0.00463069 -0.0116958 0.0116522
