-0.151246
-0.641936
-0.595049
0.557392
0.0496463
-1.35436
-0.557207
0.702812
0.722055
-0.062091
0.129618
0.0477622
0.00559795
-1.26601
0.337881
0.560916
-0.641165
-0.0736273
-0.243474
0.0868543
-0.105371
0.0945503
-2.30356
0.009311
-0.0788499
-0.0957285
1.56172
-0.159881
0.115975
0.743006
0.461793
-0.178678
0.191405
-0.0517144
2.71389
0.125935
-0.258158
0.17004
3.33426
-1.47245
0.362821
0.050769
-0.149578
0.318515
0.0554458
2.13436
-0.00823953
-0.477341
-0.454578
-0.0769876
2.99248
0.734286
0.116392
-0.200918
-0.694509
0.0571188
-0.493597
-0.257966
-0.261154
0.052624
0.211606
-0.270375
-3.5374
-0.0442209
