0.0109656
0.0855159
0.303217
0.0452342
0.190367
0.121126
0.175258
0.0250854
0.0149231
0.00502453
0.468735
0.00193313
0.268805
0.584669
2.01057
0.0837415
0.126213
0.278266
0.328262
0.00646589
0.00838488
0.92454
0.166703
0.757499
0.392586
0.138974
0.190991
0.0311987
0.555134
0.0965238
0.538428
8.66834e-06
0.269104
0.45076
0.379163
1.26719
0.0324423
0.841592
0.304393
0.714159
1.13675
0.143229
0.180179
0.63076
0.133019
0.500501
0.24521
0.0170027
0.634159
0.277648
0.00872338
0.0422563
0.207781
0.0984886
0.361084
0.75203
0.376055
0.0731508
0.0470236
0.139811
0.578455
0.0829818
0.228009
0.00420636
2.13696
1.19978
0.231914
0.225456
0.0371676
0.818588
0.185503
0.0453506
0.000425044
1.67433
0.289908
0.0173552
0.182433
0.657995
0.0468712
0.961473
0.312295
0.0572697
0.142866
0.460644
0.161977
0.148513
0.0608204
0.398239
0.278589
0.078152
1.38834
0.239651
0.754679
0.132854
0.0167386
0.0199898
0.178897
0.121318
0.230663
0.00335866
0.404965
0.00874253
0.031045
0.748764
0.0969604
0.0309841
0.048352
0.308399
0.245418
0.70402
0.0310178
0.886166
0.169626
0.00831407
0.313741
0.124122
2.05907
0.040753
0.116063
0.199064
0.331711
0.162761
0.0590338
1.3932
0.351812
0.149656
0.739863
0.200741
0.268999
1.35219
0.0646025
0.634944
0.942775
0.209324
0.0290955
0.0527418
1.41039
0.280783
0.245136
0.159146
0.0400716
0.111475
0.110431
0.222025
0.327881
0.419979
0.149382
0.012266
0.0423473
0.0873188
0.167942
0.0586088
0.24332
0.082853
0.199547
0.184956
0.0572988
0.00763811
0.26872
0.256579
0.135935
0.999146
0.523452
0.117462
0.834368
0.786667
0.241432
1.10105
0.170838
0.768703
0.132841
0.968068
0.0813171
0.440177
0.0152859
0.231812
0.853882
0.44116
0.109477
0.4966
0.139875
0.130227
0.713973
0.000172088
1.63433
0.332796
0.529088
0.298091
0.0253647
0.268277
0.0273658
0.885148
0.39729
0.331901
0.0241154
0.108477
0.118601
0.211935
0.0958872
0.243787
0.0983428
0.32335
0.0318082
0.0593121
0.00173074
0.226149
0.493047
0.227967
0.0852018
0.217217
8.59588e-07
0.119205
0.0843968
0.134743
0.556794
0.157688
0.00173144
0.189155
0.143576
0.156123
0.306589
0.427693
0.343357
0.0451613
0.333478
0.0295197
0.299896
0.139443
0.132971
0.0633753
0.115021
0.292983
0.0199552
0.00516315
0.0980212
0.625326
0.542408
0.29085
0.918996
0.151911
0.135031
0.0489863
0.163952
0.0704845
0.151743
1.32322
0.52246
0.0546866
0.0670618
0.252274
4.27145e-06
0.0235449
0.0268517
0.593145
1.56322
0.0050722
