0.538652
1.50824
0.640907
-2.62914
0.295505
-1.31059
1.67241
-1.38059
0.597426
-0.670417
0.215854
1.83399
0.978928
-1.53294
2.99842
1.56639
1.0075
0.224262
1.06408
0.156393
0.895476
0.544863
-0.472152
0.768735
-1.82947
-3.20528
-0.430365
0.0393823
0.093599
-1.30948
-0.300849
0.16406
-2.03602
1.46397
0.0842109
0.24295
0.0255645
1.0181
-0.488661
0.748506
2.56768
-0.00886796
1.39627
0.396
-1.23207
0.691146
0.0629643
0.618137
1.36032
1.12661
-0.908389
1.16408
0.206975
-4.01137
-1.73171
1.51694
-0.918004
-1.07774
-1.37975
1.39154
0.220316
1.02116
-1.25826
1.73875
