-3.54908
-3.70203
-2.21699
1.02984
-3.97318
0.971656
-1.53257
-3.34399
-2.19808
0.867559
0.865664
0.609781
-0.5103
-4.10683
7.61555
-3.30189
-2.51706
0.793274
-2.7929
-1.48578
1.58685
-1.93178
-1.13751
1.27053
-3.48495
-1.36918
-2.13291
-1.92553
-2.62562
-4.41869
-1.37539
-0.681788
-2.46233
-1.02441
-1.57956
-1.10095
-2.06327
-0.305661
-2.54546
-2.37575
-2.71138
-2.13513
-0.276527
1.24777
-3.15486
-2.38359
-1.83186
-0.620523
-2.24856
-1.77966
0.480116
-2.37604
-2.38414
-2.85093
-3.98914
0.445794
0.595258
0.434072
-2.68742
-2.55263
-3.18983
-2.9069
-4.625
4.63137
