0.0391763
0.302975
1.65826
0.214129
0.548739
0.211171
0.787511
0.116051
0.0936751
0.0420285
1.12579
0.0127184
0.665918
2.80783
4.95669
0.424835
0.4184
0.956166
1.51854
0.0185215
0.0218167
2.00024
0.48582
2.30697
1.44919
0.771559
1.2098
0.181673
1.90974
0.731214
1.66786
1.97948e-05
1.34883
1.34321
1.36401
5.56995
7.32741
2.26096
0.608452
1.47541
1.78263
0.515926
0.600995
1.98534
0.516906
2.63628
0.731856
1.08767
2.50679
2.1826
0.0367589
0.272756
0.528388
0.539334
3.20495
3.70076
1.56273
0.165532
0.129854
0.478568
2.74706
0.206182
0.973777
0.106283
3.4581
5.93134
1.1293
0.972442
0.19097
0.900182
0.65361
0.207621
0.0010728
4.86719
0.598617
0.0254852
0.85181
1.7601
0.342531
2.54495
0.849159
0.140283
0.527547
1.76433
0.742748
0.319668
0.416896
1.62322
1.25773
0.307144
3.57032
1.17878
2.35514
0.431634
0.0584282
0.0882431
0.748673
0.683117
0.791558
0.0472025
1.4898
0.431247
0.16729
3.89215
0.470694
0.160658
0.168681
1.4695
0.47555
0.780567
0.0622842
2.84286
0.856528
0.0282172
1.21054
0.304362
3.49623
0.0362668
0.22629
0.490679
0.967293
0.873859
0.254151
1.22784
0.445018
0.663757
2.74739
0.639889
0.711445
6.10384
0.276057
1.79947
2.23509
1.8952
0.00102239
2.95819
4.10402
1.06919
1.45228
0.613282
0.0386147
0.697726
0.446303
0.787597
1.53633
0.838743
0.501337
0.604295
0.157728
0.262884
0.826412
0.202621
0.796527
0.208932
1.58543
1.24769
0.0833655
0.0269518
1.04902
1.25609
0.55429
2.72811
2.25469
1.77337
3.62514
2.2625
1.0457
3.29398
0.924646
2.48572
0.688439
4.88039
0.455877
2.29013
0.816501
0.769971
3.37296
1.32595
0.582383
2.76522
0.294342
0.682415
0.697752
0.00218458
3.30829
1.68245
0.934757
1.24578
0.169675
1.04931
0.0997058
3.11603
0.773952
2.12666
0.107561
0.578503
0.650859
0.917155
0.0717039
0.62084
0.533237
1.06479
0.0638835
0.294421
1.47211
1.0838
1.8602
1.04872
0.465515
0.639978
1.14249e-06
0.542106
0.0753616
0.453576
2.2729
0.506543
0.00701414
0.680821
1.16939
0.856126
1.45128
1.42637
1.31851
0.896368
1.46357
1.25181
1.04578
0.576209
0.407848
0.211572
0.736706
1.27157
0.0354959
0.102551
0.0792123
2.44829
2.53629
1.03993
4.23076
0.642139
0.733307
0.233328
0.445153
0.273949
0.746836
0.730787
2.37187
0.15506
0.115714
0.800414
2.52379e-06
0.0693762
0.0323292
0.692815
3.17988
0.0356802
