-0.15678
0.949894
-1.85009
-0.638726
-1.42508
0.510891
0.982092
-0.442131
1.12964
0.435538
0.0808802
-0.040275
-1.05909
0.9925
-0.591644
-0.249405
-0.213778
-0.488103
-1.66406
0.198535
0.501621
-0.637293
-0.946845
-0.0843844
-1.1502
-0.90933
-2.11438
-0.646092
-1.17438
-2.72501
-2.11367
-0.0120565
-2.78238
3.02861
0.950316
-1.59355
9.71452
-1.76573
0.312552
-0.465494
-2.38057
-0.161895
-1.64445
-1.75129
0.654313
0.0804291
-1.09154
-3.32597
0.958551
-3.4288
0.533586
0.974547
-0.0423819
0.045856
-3.34237
0.39309
-0.377633
0.644124
1.32983
-1.77889
-3.40173
-0.696622
-0.533911
-0.923866
0.0163571
-0.686002
-0.60416
0.313458
-0.970263
-0.469918
2.1183
-0.69672
-0.00387451
-0.173313
-0.12323
0.456855
2.54921
-2.17327
-1.44464
-1.82755
-0.639146
0.548136
-0.171075
-1.72402
1.6312
-0.571743
-0.398696
-1.6049
-1.31406
-0.516497
1.23496
-0.858844
0.512966
-0.882095
0.0853425
-0.703925
0.9704
-1.38252
-1.45868
-0.1748
0.970982
-0.974026
-0.401681
-4.17319
-0.979403
-0.397091
0.663227
-0.749742
0.861572
0.216926
-1.31837
-1.49999
-1.78394
0.0533789
0.0222857
-0.690433
-2.35251
-0.0958439
-0.351454
-0.0887801
-0.238839
-0.480679
-0.821349
2.43188
0.386181
-0.287719
-3.00721
-0.120107
-1.10309
-0.161668
-0.0996247
-2.44135
-1.28326
3.35854
0.0800283
-6.6483
-1.70622
-2.29751
-2.26833
-1.15743
-0.0958934
-1.87915
-0.00465409
2.31176
-3.67751
-5.12421
-0.371724
1.60422
1.49675
0.842561
-1.25041
-0.601557
-0.19231
0.387836
3.13831
-3.75279
-0.0291545
-0.382498
-1.87473
2.55753
2.55689
-1.54375
-2.28343
-5.4506
-0.177444
-1.89513
-1.24496
0.277777
1.3075
0.444795
-1.59916
-0.107328
0.292977
1.23896
-1.55352
-0.595513
0.108479
-1.94144
0.613717
-1.47923
0.493085
0.487797
1.01844
-0.0399426
-0.456259
-3.38438
-1.95901
0.908431
0.461303
-1.07464
0.354877
-2.22616
-1.00059
4.05959
-0.595365
0.263068
0.891434
-2.04939
-1.04023
-0.695838
-0.495704
-1.38653
0.558271
-1.03212
1.29939
0.0235909
-2.3738
-2.30584
-1.13909
-2.38778
-0.00269902
-1.45712
-0.534536
-1.20613
-0.650974
-0.912709
0.226354
0.210702
-2.58218
-0.366083
-2.26514
-0.875445
-0.921047
-0.429868
-0.906353
-2.98379
-1.88945
0.0307909
-0.692824
0.950228
-1.09863
0.131795
0.284985
-1.23193
-0.512878
-1.89189
1.998
-1.04924
-0.738349
-1.11255
0.340382
-1.09377
-1.07057
-1.08506
-2.41038
-4.89077
-2.86314
0.849282
1.21659
-0.237696
-0.00288222
0.221736
-0.158618
0.0551711
-1.24015
0.330993
