-0.273724
-0.0902485
0.218013
-0.408891
-0.763893
0.690286
0.371166
-0.193454
0.291692
-0.358642
-0.471617
-0.448341
-1.30714
-0.311259
0.134234
0.940771
0.104475
-1.3383
-0.496339
0.0758628
-0.33346
-0.225595
-0.646478
0.0662999
-0.399407
-0.928313
-0.627775
0.0292144
0.30371
-0.950968
0.0727138
-0.825216
-0.436967
-0.108891
-0.341695
0.36863
0.113192
-0.471811
0.044027
-0.780429
-0.425547
-0.876522
0.16956
-0.611122
0.0975128
0.0575157
-0.333328
0.121262
-0.476902
-0.391997
0.132744
-1.14417
-0.371055
0.278557
-0.397856
-0.221633
0.597773
-0.0633903
-0.479763
-1.22845
0.162111
-1.10602
-0.592625
0.228346
