1.06
1.13635
1.31994
1.00755
0.479339
1.60966
0.440846
0.627836
1.80607
0.729107
0.492268
0.681739
0.337788
1.43118
0.235479
0.936172
1.91662
1.34507
0.411809
0.395916
0.859863
1.41443
0.654791
1.05684
0.439835
0.583471
2.1671
0.888406
0.229499
0.648228
1.60975
0.821115
0.811266
0.703603
1.27985
1.06387
1.40618
0.868286
1.22032
0.536448
0.847963
0.897453
1.11491
0.643684
0.921007
0.480147
0.88564
0.571503
0.22886
0.557408
1.4671
1.21417
1.34836
0.24272
0.313338
0.605799
1.73937
1.56928
0.605848
0.351982
0.940607
0.679538
1.33829
0.230349
