0.183248
0.33989
0.163756
-0.566717
-0.365609
0.0477368
-2.51278
1.11156
0.315675
-0.0906277
0.331146
-1.32925
0.332257
-1.65511
-0.27535
0.692605
0.138671
-1.58755
-0.721713
-0.614835
0.160153
1.0698
0.26239
-0.251503
0.274921
-0.420293
0.431154
0.772053
-0.849364
-0.760781
-0.449338
-0.800645
-0.470441
-0.262795
-0.93653
-0.0700859
-0.409952
0.149043
0.862186
0.0353377
-0.315622
-0.544742
-0.328903
-0.286502
-0.666636
-0.812476
-0.885718
-0.582497
-0.0107149
-0.015628
-0.34762
-0.0556648
-0.0444862
0.419215
-0.739008
0.61157
-0.618111
-0.703457
-0.642977
0.375223
-0.326867
-0.120498
0.306213
0.0586908
