-0.589855
0.166773
-0.264706
-1.06083
-0.301861
0.376214
-0.977452
-2.05193
-0.871474
0.0025467
-0.134579
-1.71433
-0.390272
0.358638
-0.226042
-0.976422
-0.448232
0.0905051
0.255498
-0.893987
0.179348
-1.48013
-0.697337
-1.10429
-0.277163
-0.577993
0.0274424
0.841456
-0.496082
0.357374
1.46219
-0.531126
-0.184058
0.89653
-0.751425
-0.50984
-0.839982
-0.874093
-0.0990349
-0.0013461
0.417802
0.229292
-1.34028
-0.911618
-0.107916
-0.273344
1.37354
-0.300751
0.300453
-0.426644
2.73513
0.199539
-0.783595
0.248494
0.401586
0.0350491
0.460814
-0.00272592
0.286888
-0.53982
-1.03722
-0.859581
-0.338088
-0.548016
-0.249383
0.493512
0.36574
-0.092723
0.923597
-0.0398537
-0.300354
-0.417372
-0.293638
-1.5926
-0.74758
-0.00894548
-0.369529
-0.291376
0.0816279
-1.16523
-0.309226
-0.379093
-0.734519
-0.837266
0.239538
-0.0510702
-0.216211
-0.229792
0.189952
-0.284574
1.14116
-0.85341
0.513626
0.229616
0.294659
0.0773019
0.169619
-0.356709
0.360959
0.569199
-0.137726
-0.0906985
-0.721337
-0.185332
-0.182395
0.371937
1.11929
-0.352423
-0.173228
-0.928983
-0.0207982
0.492869
-0.0239654
-1.33436
0.18642
-0.997959
-0.167358
0.083712
-0.975203
-0.00758065
0.886488
0.29758
-0.0974908
-1.30464
0.24908
-0.269901
0.251425
0.0625053
-1.06358
-0.917898
-0.736274
-0.249607
-0.643763
0.619236
0.0494759
0.417743
-1.55073
-0.566604
1.7703
-0.0408841
-0.287319
0.471488
-0.116499
-0.590702
-0.557093
-0.261246
-0.542157
-0.389259
-0.337044
0.113887
-1.07916
-0.282279
-2.37815
-0.55225
-0.440546
-1.21844
0.0402723
1.53866
0.0521853
-0.923436
1.08503
0.707285
-0.177846
0.725851
-0.93581
0.128836
-0.32798
-0.188688
-0.192938
-0.0805927
-0.093535
-0.622053
0.576696
-0.958286
-0.53736
-0.193607
-1.11925
-0.83835
-0.0227485
-0.104778
-2.34316
0.071263
-0.713158
-0.152772
-0.43567
0.0377521
0.154727
-0.694981
-0.138124
-0.319373
0.0894646
-0.279476
-0.776738
-0.277362
0.0160777
0.146394
0.210258
-1.12469
-0.602404
-0.498486
-0.855787
-0.0519454
-0.387238
0.550984
-0.946985
0.20521
-0.731319
0.0950037
0.65459
-0.00635516
-0.179334
-0.399319
-0.151439
-0.806965
-0.471918
-0.315556
-0.490825
-0.234342
0.781464
-0.57936
0.118275
-0.132947
0.0270809
-0.55158
0.0740432
-0.523616
-0.0302532
0.251792
-0.125878
0.24788
-0.914834
0.647225
-0.560396
-0.118062
-0.404095
0.212945
-0.897712
-0.168791
-0.532139
-0.400347
0.209198
-0.442252
-1.11995
-0.435033
-0.179583
-0.149969
-0.756732
0.263401
0.219684
0.558277
0.09
0.0740929
1.69588
-0.820758
-0.024871
-0.868955
-0.251989
-0.728788
-0.77054
1.52548
-0.727329
-0.326564
0.122128
-0.657783
0.246214
-0.921371
-0.285123
0.590902
0.114019
0.4745
-0.243843
-0.0993203
-0.10131
-0.608721
-0.47241
-1.11889
-0.106106
0.0578549
0.245925
0.161019
-0.26112
-0.582396
0.0131246
-0.542658
-0.602287
0.351494
-0.303844
0.0729585
-0.633543
-0.60899
-0.0982392
0.391838
-0.127144
-0.0673046
-0.322535
-0.618975
0.974745
-0.920003
-0.355846
-0.688849
-0.217139
0.305155
-0.218123
0.400816
-1.01443
-1.02289
-0.444457
-0.17505
0.0755963
-0.087197
0.419669
-0.289837
0.488413
-0.58527
0.092199
-0.585837
-0.0639828
-0.294993
-0.275503
0.911898
-0.96127
-0.933759
0.0775747
-0.203752
0.505441
-0.343878
-0.404795
0.158847
-0.0687191
-0.555077
-1.01789
-0.128607
0.54363
-0.123899
-0.26815
-0.457098
0.15072
-0.742179
-0.50652
-0.912517
-0.328401
0.101555
-0.147948
0.189823
-1.2369
-0.484139
-0.799278
1.22519
-0.00768418
0.740934
0.0417249
0.706999
-0.559719
-0.231153
-0.0416751
-0.536466
0.0153584
0.512548
-0.0266659
0.0507699
0.209637
-1.07453
-0.730211
0.110422
0.231953
0.461284
-0.0347829
0.586571
-0.534097
-1.27877
-0.648247
0.0701013
-0.179636
0.29131
-0.509334
0.318261
-1.22731
0.718997
-0.504138
-0.703699
-0.191659
-0.952954
-0.938624
-0.109905
-0.368988
-1.40316
0.588856
-0.400526
0.24445
-0.704466
-0.813246
-1.13733
-1.04741
-0.74581
-2.18462
-0.0331441
-1.38102
-0.0156308
0.0646441
-0.895544
-0.181353
-0.646637
-1.11766
-1.48767
-1.77488
-1.3615
-0.19564
-0.597387
-0.33271
0.656175
0.207019
0.374977
-0.315033
-0.146447
-0.425714
0.576637
0.0695443
0.0332599
1.06876
-0.30156
-0.0713637
-0.76119
0.0190841
-0.170543
-0.260954
0.194924
-0.363389
-0.963591
0.0177692
0.0367509
-0.883356
-0.70448
0.0868866
-0.49455
0.0714479
-0.627865
0.0281727
0.265319
-1.29156
-0.565837
-1.10479
-0.82826
1.00239
-0.399863
-0.0436767
0.00138361
-0.628492
-0.0289585
-0.468317
-0.076712
-0.671352
-0.509693
-0.0248884
-0.249173
0.0741254
-1.4587
-0.970277
-0.227782
-1.14118
-0.16651
-0.385964
0.264283
-0.284741
0.147925
-0.00931794
0.110958
-1.24803
0.521467
-1.21596
-0.416903
0.261821
-0.413727
0.567565
-0.0475476
-0.582815
-0.485115
-0.573785
-0.599611
-0.00773914
-0.891612
-0.0827713
-0.195194
-0.755871
-0.421885
-0.998973
-0.446705
0.56977
-0.608508
-0.0218048
-0.570009
0.537715
-0.657245
0.00938697
0.175845
0.508333
-0.549215
-0.382666
-0.298973
0.0307786
-0.169348
-0.449623
1.29976
-1.51914
-0.113612
-0.0255667
-0.604131
-0.0174953
-0.956755
-0.200594
0.301758
-0.0707725
-0.225152
