-1.45569
-0.511985
-0.23014
-0.133286
-1.04527
-0.842972
-0.375976
0.205554
0.568804
-0.110803
-1.58555
-0.0189136
0.0614969
-0.274046
0.786437
-1.17099
-0.751857
0.163495
-0.372781
-1.32499
0.437573
-1.08714
0.155119
0.868361
-0.229638
0.130084
-2.94163
-0.501883
-0.994278
0.45825
-0.292841
-0.69434
-0.825743
-0.398179
0.461315
-0.708112
-0.41028
-0.938172
0.382763
-0.544034
0.787407
-0.297355
-0.734255
0.402624
-0.904294
-0.639007
-0.0303412
0.187395
0.422511
-0.0383029
1.68882
-0.0952693
-0.39169
-0.586009
0.599308
0.0234212
-0.600433
-1.35518
0.187096
-0.605461
-0.0967129
0.09965
-0.7768
-0.484577
0.127838
-1.46182
0.238472
0.39866
0.180292
0.309851
0.551376
-0.742155
-0.538906
-0.307475
0.132692
-0.736354
1.50619
-0.503934
-0.371352
-0.781893
-0.440779
-1.16276
0.36703
-0.218583
-0.62675
-0.529318
0.0460601
-0.735608
0.338665
-0.443495
-0.726443
-0.781342
-0.996543
0.119119
-1.0814
-0.221434
-2.28945
-1.08005
-0.304214
-0.206614
-0.355219
-0.0785338
0.329425
0.231648
-0.56337
0.306089
-0.5365
1.0827
-0.221889
-0.603875
-0.533464
0.254304
-0.939028
0.175289
0.138859
-0.772459
0.280312
0.925365
1.26696
0.516312
0.148954
0.958539
-0.287307
-0.800158
-0.183001
-2.00594
-0.352091
0.710149
