-0.608971
-0.872536
1.9809
1.00832
-4.09387
-0.791519
-0.100962
0.490314
0.725617
-0.996358
-0.1438
0.604363
-0.160204
-0.0431293
-0.43908
-0.0965681
-0.348176
-0.577716
-0.796198
1.42135
1.98941
1.00312
-0.434715
-0.0901649
0.42555
0.09549
0.070203
-1.00098
-0.00200777
-1.65701
0.0915202
0.00448675
-0.240802
-0.586476
-0.943662
1.63463
1.96864
-1.23433
0.546314
1.72067
-0.547219
-0.124291
0.119174
0.564317
-1.75183
-0.1229
-0.0836641
0.285579
-0.809782
0.0160707
-0.771656
0.132626
1.01105
0.827618
-0.837151
0.131102
-0.885828
-1.60982
-0.701806
-0.349012
-0.929483
-0.776573
0.240977
-2.0767
0.28164
1.78657
-0.121103
-0.658859
0.221227
-1.87819
-0.266119
-0.129441
-0.858975
-0.425332
0.0533114
-0.820859
0.987722
0.0676598
0.397897
1.34114
-0.326141
-0.2463
-0.66435
-0.41889
-0.897935
-2.57038
-3.36322
-0.711687
-0.114039
0.0945313
0.691292
0.733405
0.702487
0.269934
1.66999
-0.283802
-0.873048
-0.728851
0.690264
0.559373
0.0383655
0.453702
-1.83134
-0.979772
-2.12416
-1.49675
0.435517
0.786167
-0.639291
-0.0583615
-1.01042
0.158621
-0.448646
-0.919883
-0.113195
-0.0595887
0.602438
-0.0126403
0.152988
0.0797501
-0.121326
0.763997
-0.648935
1.02283
0.559383
0.186625
0.525201
-0.498047
