0.630398
0.580313
2.07487
0.818503
0.867655
0.731067
0.638373
0.602371
0.833142
0.832165
1.71625
0.823594
0.871261
0.678816
0.46509
0.764043
0.636335
1.39737
1.48941
0.687563
1.33583
1.13262
0.57437
1.00183
1.53184
0.486465
0.624276
0.535499
1.57629
1.77581
0.84518
1.03913
0.7382
0.427269
0.627328
1.68868
0.686966
1.01894
0.96917
1.14793
0.720414
0.809088
0.648932
0.739699
0.877676
1.05616
0.369415
1.08313
0.230136
1.01201
0.552759
0.540159
1.06734
0.579656
0.501473
0.661281
0.464035
1.10537
0.499068
1.63779
0.576135
0.649065
0.761301
0.524242
0.538343
2.14624
0.394874
0.74672
0.829246
0.78564
0.683477
0.775781
0.48072
0.97583
1.00617
0.700569
1.06965
0.565747
0.615153
0.861936
0.51976
0.808916
1.05231
0.814369
0.351519
0.96038
0.967903
0.523114
0.502111
0.870915
0.54554
0.663576
1.37505
0.847265
1.83036
0.512076
0.552761
0.628427
0.763075
0.431426
0.63391
0.930274
0.754204
0.960871
0.821144
0.392378
0.382297
0.390425
0.343176
0.697749
1.00918
0.558379
0.692982
1.4188
1.00686
0.650379
0.673013
1.47596
1.24907
0.733132
0.744882
0.539913
0.590101
0.654457
0.66488
0.678825
1.04562
0.539156
