0.221285
0.751202
-1.00535
1.37891
0.779004
-0.615583
-1.27664
-1.09731
0.184458
-0.692524
-0.168196
0.1488
-0.723176
-0.78607
0.0858955
-0.374368
0.233927
-0.570834
0.722055
-0.839925
0.131041
-0.564786
-0.205813
-0.00319024
0.297402
0.439461
0.24423
-0.340538
0.0461059
0.304447
-0.885843
-0.530621
-0.378579
-0.471458
-0.0325242
0.443539
-1.59037
-0.803926
-0.821135
-0.951807
-0.945859
-0.37809
-0.153602
0.516519
0.0663492
0.16024
-0.443633
-0.305241
-0.241186
-0.570839
-0.523709
-0.679979
-0.796413
-0.380097
0.654524
-1.24463
0.139669
-0.122543
-0.320377
-0.831508
0.12055
0.134529
-0.995902
-0.299599
-0.0851304
0.294344
-1.26523
-0.862943
0.143686
-0.794451
-0.423108
-0.646365
-1.76139
-1.11175
-0.94952
-0.305518
-0.293397
-0.152857
-0.867828
-0.474567
-1.18654
0.260093
0.69165
-1.46737
-0.30977
-0.55843
-0.198435
0.00813103
-0.539017
-1.17757
-0.128542
-0.28059
-1.15832
-0.115629
0.300022
-0.322742
-0.111866
-0.271242
0.211098
0.0230067
0.755403
0.262461
-0.913056
0.397189
0.675348
-0.88071
0.0553578
-0.19959
0.0546246
0.434295
-0.421239
-0.115294
-0.607264
-2.09569
-0.239757
1.17061
-0.339311
0.080379
-0.554368
-0.134502
-0.131278
-0.448476
-0.938423
-0.441286
-0.48184
-0.703677
-0.296986
-0.0334489
