0.337665
0.459377
0.376037
0.269555
0.312091
0.446297
0.357244
0.457641
0.206224
0.276975
0.295916
0.370551
0.466742
0.412111
0.429431
0.480214
0.295212
0.232277
0.458204
0.260407
0.37302
0.534621
0.334892
0.364141
0.619561
0.374357
0.34263
0.529008
0.331986
0.414793
0.33978
0.56535
0.476275
0.311397
0.366039
0.386764
0.231671
0.484002
0.455227
0.376648
0.558858
0.310606
0.592449
0.42394
0.29526
0.535582
0.237878
0.316329
0.281082
0.535831
0.333815
0.343999
0.735627
0.297816
0.402573
0.328803
0.319215
0.351026
0.457277
0.531798
0.315767
0.307846
0.316408
0.48232
0.206617
0.373996
0.514981
0.374795
0.429819
0.384775
0.328808
0.378253
0.272362
0.753401
0.416337
0.300283
0.327724
0.397424
0.303046
0.670477
0.29707
0.296802
0.431828
0.538926
0.374551
0.392324
0.360693
0.478204
0.416563
0.233672
0.331493
0.569106
0.472789
0.570635
0.200792
0.597019
0.176643
0.305122
0.466255
0.513963
0.428282
0.544125
0.420483
0.590028
0.41283
0.279822
0.433857
0.365843
0.292245
0.424563
0.180169
0.404577
0.627454
0.256981
0.543896
0.419102
0.37569
0.369555
0.272954
0.322959
0.564405
0.346925
0.279907
0.357261
0.40347
0.537528
0.420349
0.574485
