0.0306198
0.0102939
0.0386663
0.0576416
0.00535969
0.140556
0.01852
0.0770046
0.057643
0.0263081
0.0171767
0.00125927
0.0931494
0.0328977
0.000535171
0.000546759
0.056146
0.0386468
0.0011962
0.0302671
0.0126737
0.0148395
0.0561241
0.0472472
0.0456017
0.0136479
0.0361518
0.0372556
0.0561573
0.0406607
0.000621182
0.0635611
0.00708682
0.0163584
0.0504578
0.0133874
0.0299313
0.0336796
0.0350929
0.031214
0.0364051
0.0222934
0.0271658
0.0272954
0.0247351
0.0335116
0.0472873
0.00956328
0.0108093
0.0405275
0.046128
0.00745253
0.00937485
0.000803303
0.0800577
0.00615995
0.00122159
0.0126424
0.0256207
0.041218
0.0420337
0.0220649
0.0248902
0.0206821
0.0204625
0.0235797
0.0193467
0.00792902
0.00916948
0.117538
0.0128829
0.00310185
0.0352776
0.000792774
0.00933044
0.104245
0.0205494
0.030975
0.00105407
0.0127336
0.0784226
0.0209378
0.00764015
0.00772564
0.0257186
0.0460517
0.0480939
0.0350833
0.0196703
0.0159415
0.0720009
0.0272583
0.028585
0.0225705
0.0193396
0.0623239
0.0234945
0.0224042
0.027348
0.0600384
0.0218899
0.0444041
0.000394699
0.0211056
0.0350775
0.0577825
0.0221388
0.00159842
0.00115593
0.00773766
0.0216871
0.062149
0.0233548
0.0886666
0.0187768
0.0349465
0.0230977
0.000727627
0.00128757
0.0344634
0.0142755
0.0599075
0.0316821
0.0247088
0.0415848
0.0695919
0.0131829
0.00553151
0.0534021
0.00146799
0.0237068
0.0224336
0.0120043
0.0504138
0.0276908
0.0110633
0.0284041
0.131449
0.0114877
0.0136418
0.131366
0.0130272
0.0389673
0.0456568
0.0311118
0.00106708
0.0300415
0.0317761
0.0212391
0.0404491
0.0225015
0.0253783
0.0121956
0.0485067
0.0209493
0.00862705
0.0100496
0.00117903
0.0132491
0.0709892
0.0250033
0.0184024
0.0147969
0.0377683
0.0105722
0.0605318
0.0180604
0.00373833
0.00628045
0.00386692
0.00370222
0.0124215
0.0476376
0.0357664
0.0278228
0.0285128
0.030249
0.131468
0.100633
0.0164029
0.023356
0.0354601
0.00123207
0.0337525
0.0144772
0.000770627
0.0150096
0.0950069
0.0619955
0.0588106
0.0037213
0.0265355
0.0783321
0.0419539
0.0411849
0.00123674
0.0295491
0.0527366
0.0606635
0.0273618
0.0116978
0.023356
0.0603552
0.0571742
0.146537
0.0211927
0.0193157
0.0182951
0.0519611
0.0211797
0.0187966
0.00095092
0.0216045
0.0131979
0.016689
0.0181402
0.0135837
0.0277075
0.00804638
0.0283572
0.0677257
0.0316853
0.0232886
0.062163
0.0349035
0.0231032
0.00665761
0.0177743
0.0508172
0.000819498
0.0180499
0.0443857
0.0344477
0.00347817
0.0139655
0.018881
0.0407088
0.0505277
0.0153246
0.0438404
0.0195811
0.0336178
0.0165615
0.0269865
0.0613902
0.041504
0.0334847
0.00262126
0.00399225
0.0237076
0.0310953
0.016256
0.07569
0.0169717
0.0263688
0.0623764
0.0216493
0.0114338
0.0301203
0.0164851
0.0141599
0.0160257
0.0298914
0.0432306
0.0290817
0.040352
0.022837
0.0741483
0.0617842
0.0189792
0.0234463
0.0321868
0.0401999
0.0927165
0.0108325
0.0166445
0.0666176
0.0205303
0.0627181
0.000973534
0.0171544
0.0307598
0.00612056
0.0133416
0.0221847
0.00846869
0.0137605
0.0344203
0.0426998
0.000995494
0.00693848
0.0196571
0.0404187
0.0513416
0.00486925
0.0208304
0.0072634
0.0101592
0.015921
0.0772466
0.00838427
0.0498315
0.0307026
0.0284611
0.0487713
0.0268234
0.0497402
0.0369274
0.0254507
0.0430446
0.0139589
0.0936789
0.000948179
0.0219277
0.043497
0.0331063
0.0142873
0.00804721
0.0373221
0.0196532
0.0177484
0.0749503
0.0151558
0.016761
0.0124089
0.0186059
0.00548318
0.019445
0.00237417
0.0263441
0.0507447
0.0117445
0.0118249
0.0244754
0.0168495
0.014424
0.0130693
0.0580596
0.0341449
0.0262097
0.0240752
0.00539766
0.040415
0.0168168
0.0107339
0.0259101
0.00417345
0.00910859
0.0160968
0.0343735
0.0230918
0.00507972
0.0314208
0.0201971
0.000952977
0.0208489
0.010226
0.00109915
0.00137062
0.0432672
0.000901306
0.0949542
0.0278592
0.0603836
0.00787456
0.0499453
0.00534774
0.0190066
0.127192
0.0219154
0.0132025
0.0679809
0.0059726
0.0170336
0.0301214
0.0532145
0.000889133
0.0389341
0.0149572
0.0332633
0.00698435
0.037518
0.0427567
0.0500666
0.0145731
0.00372619
0.0214089
0.00612407
0.000578829
0.0222736
0.0331093
0.0277785
0.0131697
0.0261308
0.020153
0.0360007
0.0384101
0.0210209
0.0178344
0.025824
0.0447128
0.153668
0.0942913
0.036002
0.0610102
0.0024224
0.0871545
0.000388283
0.0791215
0.036751
0.0108136
0.0124599
0.00840673
0.125189
0.0254686
0.0351801
0.0263689
0.0124444
0.0224374
0.0278468
0.0257888
0.0571781
0.0206187
0.023746
0.00920861
0.0168086
0.017062
0.0554011
0.0189953
0.0122706
0.000768961
0.00165352
0.030542
0.00422171
0.00299792
0.0200388
0.02983
0.0234315
0.0239622
0.0299918
0.0600707
0.0180438
0.0278954
0.053739
0.0126989
0.00392409
0.00604403
0.00845799
0.0297204
0.0488175
0.0389115
0.0263873
0.107808
0.00360357
0.0580848
0.0206813
0.0189844
0.0518601
0.013137
0.00607442
0.0291535
0.00705235
0.040638
0.0569064
0.0205731
0.0300469
0.000921941
0.0711456
0.0372362
0.0052733
0.00761534
0.0218291
0.0982168
0.0232518
0.00132144
0.0157907
0.0134779
0.02623
0.00141147
0.0192856
0.00106185
0.033877
0.000996618
0.00175654
0.0383995
0.0377359
0.0118157
0.0953104
0.00835155
0.0438499
0.0185035
0.0441722
0.00184153
0.00491692
0.0651041
0.0193261
0.00443759
0.0317456
0.0482329
0.00149677
0.00215518
0.00266202
0.0119488
0.0219094
0.0712891
0.000724229
0.0156254
0.032496
0.00414711
0.0331349
0.011022
0.000910892
