1.00837
1.34409
0.8558
0.675236
0.865871
1.04282
1.48196
2.28004
1.04176
0.825102
0.806662
1.00539
1.01245
1.01728
0.928725
1.25588
0.575291
0.994968
0.69109
0.841952
0.89833
0.760181
1.18541
4.26143e-06
0.733884
0.547294
0.740803
0.516986
0.965651
0.770112
1.54438
0.646143
0.934873
0.589856
0.544471
0.812387
1.61123
1.50776
1.40319
0.870808
1.11356
2.39621
1.05083
0.631627
0.615917
2.11584
2.21171
0.457597
0.566172
1.00294
1.20233
2.09124
0.629142
1.30406
0.795606
0.786059
1.12871
0.919358
0.749409
1.07921
0.696805
0.801548
0.895521
0.59838
0.908662
0.642001
2.06429
1.19971
0.853833
0.898803
0.970919
1.61468
1.3317
1.131
0.73504
1.29005
1.33157
0.421064
0.743807
1.2195
1.32364
0.680536
0.580086
1.39803
0.464146
0.683066
1.5128
0.621707
0.973379
1.50461
1.65584
0.891446
1.19714
1.09622
0.845425
1.20703
0.730214
0.656777
1.02203
0.785881
1.88355
0.761012
1.95735
0.963317
0.634122
0.571441
0.603157
0.656931
0.702909
1.12708
0.694897
0.608858
0.715347
1.25328
0.489127
0.504214
0.87454
2.0587
1.34281
1.27814
0.897378
0.908396
1.08741
1.20926
0.928593
1.33108
0.812486
1.28674
