0.514993
0.730034
-0.521175
0.0559525
0.333395
1.11932
1.41373
-0.283325
0.532212
0.2163
-0.364441
0.147645
0.0214099
0.609319
-0.410637
0.195415
0.229872
-0.29896
0.446426
-0.440072
0.0837494
-0.656319
-0.421044
0.578736
1.66458
-0.0169629
-0.30356
-0.458666
-0.0738837
-0.744518
0.104372
0.284029
-0.339379
-0.0433832
0.094048
0.126485
-0.0755966
-0.180592
0.197881
-0.0895582
-0.0613558
-0.257922
0.119868
-0.910039
-0.483268
0.244008
0.383516
0.441791
0.256817
0.0570958
1.01731
0.394481
0.511951
-0.64431
-1.36737
0.633438
0.562474
-0.179938
0.059652
1.03199
0.188935
-0.399298
0.244283
0.061404
-0.296169
-0.321707
-0.394273
-0.0529782
0.806657
-0.0621722
-0.151264
0.519177
0.350561
0.20917
1.20353
0.0250272
0.142665
0.17464
0.392891
0.0837775
1.73901
0.57352
-0.12093
-0.747227
-0.265539
-0.263337
0.00639469
-0.246239
0.472129
0.213921
0.339775
0.558224
0.346821
0.898782
-0.0958916
-0.619729
0.213115
-0.0408463
0.833614
0.00215801
0.435828
0.418456
-0.657221
0.142894
-0.361935
-0.358715
0.807021
0.265233
0.208546
0.309215
-0.180729
1.15629
0.299599
0.521176
0.550813
-0.284621
1.43792
-0.184084
-0.0800573
0.127244
1.17771
-1.47841
0.0124803
-0.0128151
0.920316
0.229982
0.245885
-0.604827
