-0.387668
-0.542948
-1.12749
-0.647346
-0.488001
-0.754616
0.743274
0.459638
-0.848906
-0.229722
-0.836927
0.2943
0.252291
0.0912942
-0.782243
-0.42216
-0.848354
-0.388296
0.341972
-0.2627
0.405109
-0.556407
0.76097
0.15442
-1.51327
-0.576983
-0.821325
-0.570457
-1.1766
-0.367607
-0.673172
-0.802269
-0.27641
-0.287292
-0.464571
-1.12556
0.149091
-0.586593
-0.275909
-0.784909
0.311556
-0.681128
-0.0423113
-0.471285
-0.0742229
-0.327053
-0.367034
-0.579731
1.31119
0.0186811
-1.26028
0.931437
-0.858422
-0.164913
-0.0742173
0.449594
-0.756491
-0.431876
0.750392
-0.628691
-0.643667
-0.926473
0.374173
-0.182639
-1.22736
0.183241
-0.136191
-0.835654
-0.0767811
-0.663821
-0.221872
-0.309456
-0.631586
0.0217885
-0.372873
-0.762632
-0.373928
1.05297
0.251294
0.164808
-0.980667
-0.845006
-0.57585
-0.289451
-0.21633
0.720018
0.153121
-0.197462
-0.557359
-0.508804
-0.195074
-0.138559
-0.538188
-0.033735
-0.187726
-0.616379
-0.674447
-1.05743
-0.615816
-0.650023
-0.549635
-0.475792
-0.286219
-0.385485
0.161044
0.455213
-0.775282
-0.0569816
-0.672779
-0.469891
-1.12098
-0.335107
-0.337279
-0.0999523
0.48188
-0.948878
0.786483
-1.18732
-0.0192546
-0.105618
-0.294086
-0.372946
-0.762483
0.31112
-0.665151
-0.216961
-0.535905
-0.668503
