-0.872212
-0.131913
-0.351227
-0.476257
-0.527199
1.20082
-0.245572
-0.419367
-0.194819
-0.522786
-0.434543
0.440899
0.0627716
-0.258431
0.425684
-0.659863
-0.047261
-0.057932
0.29063
-0.107398
-0.614524
-0.388909
-0.876157
-0.340645
0.514923
-0.066362
-0.293386
0.45628
-0.531039
0.129796
0.0827083
-0.488099
1.62311
-0.381576
-0.110153
0.0697027
-0.726403
0.566391
0.00410769
-0.755481
-0.121694
-0.300162
-0.0368461
-0.373593
0.0243393
-0.0666921
-0.300447
-0.880248
-0.0510658
1.06377
-0.220577
-0.962878
0.490424
-0.596338
-0.408882
-0.565424
-0.694736
-0.367388
0.194796
-0.354027
-0.22893
-0.173548
-0.182839
-0.248325
-1.38482
-0.571328
-1.0309
0.0123052
-0.711259
-0.238641
0.0762302
0.238084
-0.359115
1.29506
-0.853462
-0.224443
-0.384745
0.0559204
0.104831
-0.204967
-1.14766
0.59492
-0.497027
0.110448
-0.052586
0.00936446
-0.164183
-0.367804
-0.105192
-0.884386
-0.107173
-0.28659
-0.220223
0.0925598
-0.0929387
0.0781669
0.13257
0.09184
-0.109135
0.034362
0.00775354
-0.129853
0.13937
-0.560814
-0.414015
0.126609
-0.214334
-0.135052
-0.616371
-0.0338914
-0.34543
0.811317
-0.30088
-0.143094
-0.0469214
-0.253966
-0.0355268
0.182359
-0.310787
0.186671
-0.335838
-0.195691
0.0467726
-0.420596
-0.403514
-0.0429485
-0.23694
-0.0645287
