0.0252353
0.0512674
0.0538872
0.101248
0.00820614
0.0271093
0.0498013
0.0454201
0.148008
0.0987725
0.0674966
0.0427954
0.0088079
0.028579
0.00790538
0.0342619
0.0303159
0.0449501
0.000680683
0.0106966
0.0788136
0.0133461
0.0468207
0.112388
0.07071
0.0874696
0.0827873
0.120735
0.0262368
0.0107072
0.000518492
0.067253
0.00534669
0.143461
0.064434
0.041328
0.108336
0.0828467
0.0959507
0.127206
0.0428625
0.0797768
0.0783664
0.075177
0.0388224
0.00801008
0.0881306
0.0586656
0.092699
0.0807379
0.000949984
0.0105327
0.0194742
0.000477829
0.014769
0.0694212
0.000836701
0.0489643
0.078704
0.0751698
0.0348217
0.0715345
0.0271892
0.0673232
0.0875421
0.0805051
0.0738145
0.0962029
0.0237504
0.0939408
0.08218
0.0389208
0.062964
0.0161384
0.00776139
0.088849
0.0421965
0.048124
0.02641
0.0601375
0.0244653
0.0846473
0.0319159
0.0511145
0.0869675
0.0502724
0.0064343
0.0688999
0.070175
0.0325242
0.0517626
0.0627207
0.0539473
0.0688168
0.0288377
0.0542755
0.0995292
0.0188884
0.056864
0.0737991
0.0504251
0.0356037
0.0169057
0.0544453
0.00891415
0.0444174
0.107453
0.0264297
0.0305289
0.0561239
0.17446
0.0328634
0.000877453
0.00276644
0.0788523
0.0854529
0.0810517
0.000542753
0.00102583
0.0485674
0.0215547
0.0594658
0.0145476
0.0268491
0.0802056
0.061772
0.0513311
0.044368
0.0143171
0.0292542
0.158838
0.131086
0.0675365
0.0647101
0.0221703
0.029287
0.0649505
0.000942578
0.0013466
0.0296736
0.0184465
0.000481316
0.0706917
0.0901287
0.0712833
0.00829116
0.0637164
0.0781972
0.0266778
0.0734305
0.0355525
0.050272
0.0418935
0.0460662
0.0367353
0.0226134
0.060777
0.000424278
0.0412233
0.030801
0.0449097
0.0416312
0.0128517
0.0800057
0.0852504
0.136857
0.102191
0.0579237
0.0107481
0.0160725
0.0314921
0.0228072
0.0552394
0.0948428
0.0625108
0.0438951
0.00950446
0.000905057
0.0457245
0.0460581
0.015615
0.00413563
0.0139425
0.0196777
0.0513111
0.0271337
0.139389
0.0347976
0.117624
0.0134018
0.00225923
0.103475
0.0467049
0.100706
0.038109
0.0525702
0.0408355
0.105088
0.0843515
0.0410956
0.159165
0.0624924
0.00395693
0.0873276
0.00854997
0.07255
0.0964267
0.104579
0.0551081
0.0959752
0.120892
0.0168149
0.103429
0.125459
0.0504853
0.0912882
0.0647787
0.0345863
0.0950659
0.0306849
0.0664626
0.0695584
0.113954
0.0554292
0.0652474
0.0501759
0.109002
0.040383
0.100528
0.051594
0.0160198
0.10714
0.0795449
0.0278147
0.0494601
0.0412487
0.185584
0.0190334
0.00559297
0.0542249
0.124465
0.0697333
0.0425962
0.0639739
0.0574965
0.09098
0.0876015
0.0255793
0.029296
0.0627135
0.0432245
0.00858817
0.0530938
0.000212883
0.0480036
0.0390677
0.163721
0.238198
0.0781661
0.0671713
0.000897415
0.0561276
0.0420987
0.0629882
0.0585831
0.104337
0.0488392
0.0457327
0.0689453
0.0801785
0.0398724
0.0839448
0.0506494
0.105654
0.0726229
0.0464306
0.0794782
0.0679954
0.0120226
0.00940324
0.0716002
0.171233
0.0278963
0.127074
0.0903044
0.01397
0.106095
0.0525821
0.128334
0.000775683
0.0483659
0.05514
0.105071
0.0265854
0.0379826
0.047055
0.000587892
0.0353687
0.0553147
0.100233
0.0634124
0.096766
0.0502383
0.113834
0.0306089
0.001942
0.039346
0.194407
0.0836431
0.0679348
0.0488537
0.11569
0.0144283
0.0452298
0.0591288
0.0159601
0.024423
0.0670532
0.0259071
0.00114078
0.0583184
0.0630125
0.0154093
0.0789669
0.0498426
0.0373166
0.0329335
0.0786153
0.0304194
0.0523397
0.0534983
0.0462257
0.062166
0.0659698
0.182616
0.0073952
0.0741608
0.0742278
0.0745237
0.0578976
0.0318577
0.0898946
0.015266
0.076637
0.0784039
0.10215
0.0279487
0.0236115
0.0391228
0.0620073
0.0602025
0.000332118
0.0500415
0.0253921
0.000635493
0.0648326
0.0249565
0.00850832
0.00942737
0.0657526
0.0517071
0.0594649
0.116911
0.0812244
0.0413315
0.0378463
0.0645259
0.0641941
0.134815
0.11091
0.0563143
0.116121
0.109093
0.0663615
0.020901
0.0291834
0.0790363
0.0717698
0.0759916
0.0562936
0.0613211
0.0534711
0.0368925
0.0683422
0.0652655
0.0013745
0.055192
0.0449042
0.000522339
0.0332184
0.0587647
0.0609521
0.0896874
0.0873315
0.000329785
0.00182273
0.0443775
0.057133
0.0852771
0.0768048
0.0798234
0.0039393
0.06055
0.0931297
0.0386597
0.0111642
0.000489801
0.0437148
0.0827236
0.0722531
0.0904205
0.0575258
0.0218867
0.0235834
0.113482
0.139635
0.0765381
0.0287969
0.0943359
0.0311279
0.0207344
0.0320013
0.0587297
0.0302936
0.0338607
0.00577312
0.109106
0.0379384
0.0900916
0.0535325
0.0015579
0.00100121
0.0653094
0.0441238
0.0119554
0.0639641
0.0278488
0.0509332
0.0548403
0.0583126
0.0343325
0.0988591
0.0710549
0.123058
0.114661
0.00409001
0.0408459
0.00686913
0.137157
0.0270267
0.0649323
0.115069
0.0310612
0.0508646
0.0420098
0.0611826
0.00217212
0.0641421
0.0570911
0.0296342
0.0541381
0.0289036
0.0014958
0.0365952
0.18922
0.054524
0.00301403
0.0434166
0.0380148
0.0665322
0.0201032
0.0642944
0.0619881
0.0538662
0.000800335
0.075648
0.0455548
0.0456939
0.0479811
0.0573917
0.00149152
0.0420447
0.000866583
0.022019
0.0479666
0.0365835
0.0767178
0.0708608
0.0600241
0.00666525
0.0446487
0.034695
0.0384953
0.0825944
0.0793872
0.0720333
0.00119762
0.0359481
0.0474358
0.00256709
0.00168214
0.000932605
0.0530985
0.0339254
0.0169374
0.117552
0.0674871
0.000286941
0.0455965
0.0438052
0.0337223
0.00123622
