1.07809
0.771599
0.960154
0.536749
0.230198
1.57201
1.04202
0.194351
1.29432
0.448658
0.693121
0.280068
1.01108
0.453366
0.75035
0.617475
0.184085
1.07632
0.679322
0.979581
0.389514
0.552201
0.636313
0.324706
0.169751
0.943776
1.07304
1.78236
1.18085
0.503418
0.546803
0.241283
0.838588
1.05812
0.652999
0.512033
0.393887
0.708409
0.708713
0.757054
0.37252
0.904553
0.383914
1.12566
1.90762
1.4011
0.785962
0.380739
0.605177
2.15152
0.337516
1.47465
0.772911
1.19214
0.394908
0.379076
0.636405
0.572468
1.01042
0.711164
0.559756
1.39001
0.472526
0.487926
0.73305
0.784769
0.832738
0.431062
0.5417
0.589271
0.924937
0.444443
0.498606
0.727317
0.526607
0.345015
0.963644
1.19924
0.395969
0.546726
0.789036
0.57272
0.495473
1.31129
0.599831
0.262872
0.732173
0.667505
1.22841
1.0598
0.313576
1.37754
0.515765
1.32704
0.467766
0.870733
0.186372
0.226072
0.831027
1.22348
0.555107
0.891398
0.782386
1.23728
1.80647
0.286474
0.445728
0.52018
0.84368
2.20546
0.391039
0.728074
0.443581
0.32199
0.199178
0.942001
0.463938
0.337897
0.143392
0.778072
0.412015
0.36199
0.331974
1.187
0.462116
0.28031
0.572186
0.590742
0.591137
0.646433
0.347324
1.50066
1.44949
0.731102
0.294564
1.24807
0.807568
0.910064
0.643888
0.661467
0.372857
0.601403
0.251485
0.65541
0.267735
0.845041
0.676669
0.584602
0.425372
0.908488
1.19075
0.500913
0.54392
0.444573
0.703603
0.373839
0.403304
0.428132
0.551272
0.882685
0.583905
0.565456
1.23449
2.08205
0.388181
1.19009
1.13456
0.477633
0.87171
0.366473
0.449443
0.0150277
0.630287
0.41249
0.62274
2.7013
0.999036
1.1265
0.329745
0.535906
0.420695
0.495086
0.871698
0.492407
0.725381
0.601043
0.827397
0.764401
0.326777
0.832509
0.818546
1.84748
0.762791
0.350785
0.799638
0.356465
0.718769
0.547506
0.748398
0.722482
0.658848
0.747188
0.362238
0.48856
0.936169
0.328911
0.517635
0.758708
0.502027
0.417346
0.985941
0.800852
1.03705
0.261985
0.481832
0.683271
0.274698
0.248484
0.501404
0.353269
0.475584
0.403393
0.761077
0.366828
0.410404
0.529547
1.05334
0.497265
0.934143
0.784229
0.414997
0.827495
1.68836
0.595529
0.644144
0.244237
0.762433
0.4682
0.459941
0.85141
1.02602
0.369379
0.761496
0.472333
1.18824
1.15589
0.742016
0.445933
0.622803
0.743952
0.479797
1.26704
0.749616
0.726516
0.553835
0.910763
0.252533
0.547023
0.730277
0.738853
0.245602
0.262605
0.562198
2.74561
0.441338
0.572283
1.13651
0.468735
0.237644
0.609713
0.267914
0.847943
0.484447
2.00079
0.239808
0.466577
0.487039
0.811055
1.33385
1.01795
1.68784
1.00389
0.748569
1.29801
0.867798
0.340336
0.720393
0.765703
0.483188
0.139518
0.818745
1.09631
0.72954
0.627149
0.784615
0.437976
1.44817
0.318912
1.10219
0.162693
0.294057
0.30027
0.897911
0.299162
0.459376
0.405038
0.777033
1.04697
0.251528
0.330985
0.679779
1.19074
0.387234
0.952812
1.06062
1.19314
0.544734
0.315808
0.574846
0.207231
0.98332
0.355564
0.36291
0.77414
0.522593
1.03307
0.51747
0.576527
0.261903
1.04895
2.44699
1.23464
0.797087
1.16232
0.723351
2.08412
0.375913
0.493887
0.758703
0.557601
0.188435
0.788045
1.50077
1.12322
0.945505
0.50113
0.907371
1.34435
0.869357
2.89212
0.684571
0.485644
0.497888
0.523031
0.483157
1.09982
0.228331
0.306465
0.857065
0.535194
0.941504
0.38722
0.474197
0.567874
0.924378
1.18923
0.788329
0.733663
0.209929
0.97385
0.485034
1.56007
0.7332
0.626896
0.435063
0.575541
0.606019
0.768463
0.670205
0.801442
0.607275
0.703007
1.12838
1.13767
0.421529
0.852064
0.412268
0.654058
0.945389
0.886454
0.32898
2.50277
0.399763
0.561304
1.8427
0.754127
0.458142
0.392146
0.666467
0.422966
0.171189
1.05667
1.41262
0.416255
0.443769
0.615562
0.404448
0.319471
1.18601
0.41611
0.439806
0.913624
0.747784
0.476429
1.00297
0.7965
0.378113
0.828539
0.445519
0.209051
0.69734
0.441701
2.07713
0.971841
1.29059
0.183231
0.841787
0.315421
0.676373
0.819579
0.569088
0.446919
0.218528
0.197792
1.57453
0.714126
0.375877
0.38964
0.686382
0.847171
0.639538
0.571465
0.160531
0.378509
0.469759
0.650218
0.656401
1.27718
0.651107
0.48647
0.878248
0.582667
0.422361
0.58711
0.212405
0.528141
0.482398
1.25774
1.23253
0.964356
0.534549
0.770517
0.746526
0.523454
0.80029
0.589295
0.60822
1.10369
0.499788
0.750787
0.403706
0.122109
0.553508
1.17668
2.19902
0.98998
0.563236
1.95376
0.996145
0.386417
0.253726
0.850388
0.324057
0.335059
0.699398
0.617415
0.82807
1.05231
0.915286
0.799009
0.70271
0.813768
1.64306
0.804944
0.410531
0.952206
1.34421
1.02431
0.595002
0.645181
1.61502
0.463288
0.438031
0.53925
0.580539
1.49465
0.923906
0.661434
1.2504
0.95114
0.76078
0.395959
1.15557
0.872511
0.251874
0.531677
1.1654
0.769218
0.426806
0.310407
0.418051
0.514682
0.489976
0.262555
0.820931
0.257435
0.214238
0.606352
0.407612
0.608601
2.11536
0.92682
0.545587
1.82102
0.601492
0.539338
0.339456
0.202131
0.635907
0.41706
1.24038
0.744556
1.42999
0.0960764
1.0503
0.79828
0.417199
0.278289
0.199603
0.123858
0.179061
0.390222
0.452993
1.16596
0.748791
0.824513
0.638263
0.344803
0.683033
0.721352
0.145184
1.17096
0.346499
1.01737
0.660697
0.61455
0.673254
0.653822
1.31819
1.00538
0.342634
0.339785
1.21143
0.394245
0.316061
0.549849
0.846118
0.565862
0.287941
2.86623
1.37992
1.57262
0.668225
0.947066
0.227424
1.47608
0.234
0.670295
0.471111
1.35953
0.969159
0.351234
1.26209
0.23219
0.370597
0.738128
0.715294
0.568117
0.96515
0.362064
0.704423
0.32438
0.434214
0.399011
1.93271
0.933829
0.486463
0.442713
1.2272
0.041821
0.64372
1.08498
1.1095
1.15252
1.08905
0.532946
1.11524
0.787113
0.91834
0.858253
0.274989
0.445959
0.549667
0.78973
1.00332
0.768693
1.08594
0.582103
1.1187
0.242318
0.923128
0.601417
0.965224
0.432052
0.281355
0.513583
0.536043
1.16099
0.655989
1.13836
0.683744
0.71265
0.956742
0.761053
1.03115
0.340985
0.343688
0.472073
0.222861
0.826235
0.897418
0.31176
0.526488
1.52426
0.711182
0.319309
0.564947
0.468402
1.13251
1.12686
1.86825
0.358724
0.395143
0.6863
0.738646
0.29107
0.732519
0.367319
1.87529
0.661532
1.53214
0.289043
0.202404
0.776937
0.7897
1.02925
0.541587
0.75087
1.53413
1.98698
0.444582
0.2141
0.738279
0.420215
0.679784
0.226593
1.67336
1.04181
0.744573
0.70645
0.528091
0.334713
0.812223
0.340959
0.904311
0.594699
1.55544
0.497814
0.757207
0.504476
1.09554
1.28516
0.697204
0.586728
0.498327
0.221181
1.45962
0.667969
0.737921
0.527227
0.940981
1.2086
0.967634
0.358614
1.25778
0.360745
0.591046
0.631877
0.749899
0.373089
0.426959
0.333082
0.631964
0.27395
0.360018
1.1369
0.957002
0.804783
0.365929
0.733358
0.769385
0.539146
1.05237
0.666086
1.60707
0.47547
0.5474
0.340079
0.500975
0.706164
0.136866
0.133847
0.921403
0.42024
1.04798
0.408856
0.612733
0.478041
1.00383
0.889741
0.888744
0.964579
0.410791
0.635466
0.535051
0.633631
0.90649
0.793664
0.989044
0.362303
0.636864
0.510388
0.327142
0.929197
1.36889
0.69347
0.44858
0.530865
0.984218
0.287731
1.01594
0.568967
0.163255
1.08121
1.03402
0.635419
1.1597
0.999639
1.12963
1.4019
0.650653
0.491273
1.00404
0.714622
0.50944
1.29934
0.400078
0.37096
0.487338
0.659612
0.237834
0.715901
0.765271
1.3463
2.08575
0.783804
0.331476
0.944673
1.08067
1.71824
0.370641
0.711399
0.717779
1.08904
0.650759
0.512671
0.359835
0.428608
1.07868
0.636077
0.344088
0.548928
0.94038
0.246036
1.81415
0.693733
0.817009
0.51247
0.736922
0.918525
0.366622
1.00837
1.08133
1.34393
0.810974
0.570396
0.604998
1.12787
0.817265
0.732168
0.437354
2.52512
0.649554
1.18163
0.142501
0.617569
1.04439
0.364758
1.46967
0.856933
0.660532
0.629482
0.454188
0.256732
0.177696
1.17899
0.364471
0.382826
0.948965
0.633902
0.49187
0.505059
0.560487
1.74483
0.474677
1.0162
0.0918808
0.525077
0.539951
0.391252
1.21367
1.83197
0.789842
0.904794
0.631022
0.292122
1.85971
0.671419
0.602302
0.615805
0.370636
0.322017
0.425113
0.87434
0.50685
0.352313
0.168704
0.539165
0.378912
1.15255
0.516572
0.300106
0.776578
0.526851
1.1252
1.03637
0.246818
0.393663
0.399951
1.28941
1.17527
0.487992
0.347939
0.804164
0.664595
0.438346
1.16425
0.383448
1.13482
0.449367
0.284898
1.02438
0.383986
0.880592
0.521531
0.424516
0.723563
1.33055
0.427114
1.0532
1.15867
0.744006
0.52241
1.74368
0.899713
0.283747
0.740142
1.43382
0.532364
0.321907
0.413571
0.308988
0.945846
1.04167
0.886279
0.28283
1.17213
0.818869
0.566735
0.498705
0.544629
1.79421
0.507304
2.05215
1.25002
0.578936
0.553969
0.799315
1.26402
1.00395
0.275262
2.05525
0.380563
1.25955
0.803548
0.306894
0.310186
0.410485
0.716215
1.83591
0.581666
1.37662
0.205202
0.538471
0.269469
1.09352
0.609837
0.368364
0.845481
0.323708
0.916067
0.212084
1.93533
0.431776
0.600036
0.506329
1.02354
0.690777
1.10497
1.28825
0.628196
1.33834
1.42645
0.73517
0.662881
0.501829
0.542969
0.467674
1.05483
0.465777
0.452708
1.40345
0.475349
0.337935
0.465875
0.319621
0.65153
0.498157
1.00334
0.586448
0.759767
0.992309
0.426501
1.15707
0.507992
0.40704
0.700585
0.977724
0.486724
0.868464
0.204874
0.388058
0.935741
0.482879
0.491978
0.52647
0.623742
0.295991
0.776436
0.284485
0.893993
0.316304
0.53335
0.935576
0.667665
0.443793
0.760237
0.701254
2.55884
1.15314
0.344392
0.884794
0.419229
0.598377
