0.81821
0.594263
1.03706
1.02627
1.23934
1.17543
1.23356
1.47913
0.641901
0.808701
1.96981
1.8335
0.755553
1.10703
0.98407
1.27054
0.786321
0.632371
1.16135
1.00866
0.884863
0.974121
1.09551
1.11881
0.865285
0.53419
0.91363
0.66432
0.895312
1.93995
0.765414
1.02437
0.911505
0.491154
1.46169
1.27234
0.845921
0.683406
1.07053
1.9775
1.15262
2.11926
0.711669
3.47968
5.0167
0.770227
0.613777
1.01791
5.199
1.13149
0.633195
1.5937
0.68984
0.822969
0.592685
1.29048
1.08737
0.775852
1.35696
0.802908
0.73963
0.627479
1.20701
0.554593
1.17525
0.846469
0.749459
0.842769
0.921948
0.59517
0.677183
0.854012
0.810452
1.44096
0.885925
1.56158
0.778655
1.9303
1.48677
1.64488
1.34019
1.74054
1.10864
2.2429
1.11819
0.80575
0.903245
0.985802
0.736622
0.669544
1.13279
0.619257
1.03034
0.758071
0.917675
0.921151
1.23671
0.533438
1.57802
0.424529
1.48748
0.342191
0.948985
1.1502
0.587493
0.655095
0.528219
1.54101
1.81647
0.557303
0.862001
2.25576
0.66829
1.66377
4.10673
1.6053
0.572473
0.99297
1.05438
0.674808
0.464322
1.47434
0.37399
1.34227
1.18881
0.866024
0.79414
0.652589
0.673481
0.733785
0.790365
1.2998
0.770884
1.02746
0.600641
0.551497
0.549104
1.04404
0.989014
0.507497
0.833785
2.13065
0.604566
0.674036
0.835193
0.512845
0.78572
0.810335
0.980162
1.47989
1.15901
1.0177
0.665971
0.850407
0.61971
0.518796
0.78329
0.96146
0.629188
0.79939
0.597956
1.29344
3.34644
1.3782
0.890921
0.748352
2.20248
0.543951
0.84914
1.38727
0.49333
0.67384
1.73556
0.500036
0.489614
1.65324
1.23774
0.946208
2.53302
0.686744
0.578307
0.717532
0.787206
1.15971
0.513135
0.759536
1.44163
0.61205
1.73246
0.470049
0.634045
0.789165
0.971459
0.883709
0.836827
1.04827
0.482597
0.494389
2.04648
2.58206
0.691942
1.04777
0.65775
1.21255
1.43562
0.489538
0.732704
0.612765
1.02478
0.64811
1.03255
1.0232
0.614252
1.20096
0.645773
1.78541
1.47536
0.88296
1.38094
0.860687
0.649496
1.18549
0.506329
1.60408
0.748718
1.17743
0.695084
1.30151
0.861302
0.817902
1.21977
0.807815
1.62357
1.44557
1.27972
1.19912
1.31052
1.70648
1.49831
1.87304
0.786432
1.08659
0.692774
1.44712
0.531033
0.728702
0.965978
1.43414
2.46801
0.73295
0.938313
0.535385
1.26323
1.53504
1.29767
1.61295
