0.0293378
0.0391647
0.0582537
0.0704657
0.111257
0.04208
0.00735511
0.0606726
0.0398564
0.0606811
0.0609401
0.0381207
0.0365601
0.0330412
0.0335602
0.053549
0.0389537
0.0168981
0.0299354
0.0500739
0.0277267
0.0432564
0.0511421
0.0484334
0.0229408
0.0389951
0.0284674
0.118827
0.0352838
0.060027
0.130233
0.0467147
0.0346786
0.0470056
0.0286772
0.154544
0.0631164
0.0718191
0.0540591
0.0394622
0.0563492
0.0268084
0.0348923
0.0273935
0.0323023
0.0497888
0.0705961
0.074277
0.0395243
0.0182981
0.069179
0.0186489
0.027935
0.041616
0.0445214
0.0388166
0.0445913
0.0341304
0.0239282
0.02298
0.018681
0.0925057
0.0354495
0.0663188
0.221308
0.0257008
0.0263965
0.0464182
0.0347868
0.0318627
0.0329547
0.0475291
0.0800101
0.0403607
0.0650843
0.111116
0.0381728
0.125526
0.0273725
0.0251134
0.0417275
0.0969433
0.0846757
0.0317954
0.0721279
0.0470921
0.0364129
0.0439899
0.0260402
0.0795396
0.0630318
0.0410166
0.0657262
0.0202508
0.0455466
0.0660343
0.101857
0.0375295
0.0721514
0.0425713
0.0604281
0.0471155
0.0259064
0.00685144
0.0638835
0.0615774
0.0375605
0.109929
0.0305065
0.00922315
0.0179464
0.165244
0.0341373
0.0267881
0.042008
0.0506908
0.0450315
0.0786666
0.0699628
0.057408
0.0417626
0.0433477
0.0345937
0.0265778
0.0481477
0.0640497
0.0294771
0.0626645
0.0391101
0.0699343
0.0629822
0.0342503
0.0601219
0.0805184
0.0428205
0.0662744
0.0184835
0.0279119
0.0622649
0.0729674
0.0284355
0.0978945
0.0565085
0.0571491
0.0365933
0.050296
0.0438031
0.0501862
0.058103
0.0309747
0.0663402
0.041721
0.0398677
0.048698
0.0304874
0.0288058
0.0289416
0.0532252
0.046043
0.0319687
0.0267202
0.0293428
0.158785
0.0274551
0.0253461
0.0107345
0.0194943
0.0529817
0.0508187
0.0458795
0.0594556
0.11452
0.041857
0.0270072
0.0546015
0.0626188
0.0258858
0.0333469
0.0381683
0.0204404
0.0195986
0.0225055
0.031927
0.0312053
0.0718409
0.0330961
0.0355149
0.0602935
0.0360953
0.0433729
0.0351761
0.047621
0.0411064
0.0869432
0.046604
0.0237503
0.0211996
0.0212239
0.0232677
0.0317894
0.077107
0.019157
0.0512091
0.0415434
0.0152227
0.0355874
0.141764
0.0325657
0.0389046
0.0374786
0.0580481
0.066255
0.100416
0.0356234
0.0463562
0.023423
0.204072
0.0857419
0.137624
0.042891
0.0311927
0.0515756
0.214199
0.036532
0.0641793
0.0225449
0.0210826
0.0240671
0.0295551
0.063216
0.0493704
0.0192793
0.0323575
0.0275322
0.0776505
0.120268
0.0827643
0.0495131
0.0450134
0.0314924
0.0426997
0.221076
0.0311664
0.0283428
0.0278743
0.0504829
0.0312611
0.0634433
0.0999886
0.00937398
0.0703047
0.0813182
0.0391313
0.0460688
0.0340889
0.0433233
0.115638
0.0359985
0.0146102
0.0212845
0.0682666
0.0127461
0.0161378
0.0192056
0.0659787
0.0469652
0.0172556
0.0637644
0.0510308
0.0333656
0.0432664
0.046819
0.0610714
0.00676611
0.0523613
0.0478126
0.142996
0.0665846
0.0191651
0.0248105
0.0483204
0.0290243
0.0216837
0.0367281
0.0336183
0.0317064
0.0396234
0.0254721
0.0701999
0.0518637
0.0897504
0.0731337
0.0339917
0.0254938
0.0613968
0.0467226
0.0288323
0.0251257
0.127316
0.0223471
0.0235722
0.0718454
0.0807196
0.0417254
0.0491606
0.0756779
0.0774293
0.0543458
0.0731166
0.0743443
0.0532293
0.0292071
0.0350992
0.0351308
0.0285774
0.0407046
0.0789665
0.0182516
0.043682
0.025734
0.0682991
0.0678313
0.0220678
0.0308974
0.0225218
0.068438
0.0326234
0.0296229
0.0273138
0.209029
0.0234549
0.0211135
0.0348074
0.0185865
0.0650309
0.042702
0.0366222
0.0677637
0.0329447
0.0492394
0.136417
0.0771602
0.113447
0.0313736
0.033734
0.0352755
0.0701879
0.0547473
0.0508376
0.0439506
0.0356232
0.00677033
0.021321
0.0351334
0.0664087
0.012063
0.0866221
0.0300083
0.0378323
0.0598403
0.0539473
0.0210972
0.0420692
0.0573124
0.0349167
0.0400889
0.0230424
0.0452285
0.0692642
0.0292691
0.0487426
0.0391931
0.0279093
0.0291216
0.0620513
0.0405008
0.0370516
0.0155409
0.0358979
0.0634274
0.0256332
0.0471754
0.0240525
0.0375889
0.038666
0.0416227
0.109341
0.0643643
0.0239204
0.0631108
0.0484122
0.0110271
0.0375618
0.0413045
0.143722
0.0317732
0.0593896
0.0120757
0.0287803
0.0964263
0.0248057
0.0503566
0.0874994
0.0297063
0.0455928
0.0400104
0.0453468
0.0877192
0.0669606
0.053564
0.0188982
0.0407203
0.0282318
0.0209743
0.0387522
0.0335108
0.100345
0.0362138
0.0587311
0.118016
0.0290511
0.0984474
0.0881316
0.0572561
0.0379875
0.0110127
0.0331763
0.0427007
0.031219
0.0246847
0.021395
0.0469637
0.0831284
0.109137
0.0240058
0.021552
0.0242881
0.040548
0.107245
0.0355752
0.0309836
0.0366559
0.0488813
0.125305
0.0418822
0.260704
0.038441
0.0396342
0.0292517
0.128048
0.0177757
0.0366097
0.0309218
0.0772581
0.0344753
0.0445326
0.149541
0.0723579
0.0311851
0.00798232
0.144752
0.214996
0.0171583
0.0262887
0.0273748
0.078611
0.054463
0.0170676
0.0296851
0.0127597
0.0362887
0.0641523
0.068654
0.0645626
0.0403701
0.0417479
0.0387043
0.0374377
0.0851858
0.0433739
0.212596
0.0631811
0.0749208
0.0649913
0.0667779
0.028858
0.0177113
0.0931086
0.0329312
0.0177407
0.0856128
0.223438
0.0427651
0.0951992
0.0311279
0.075734
0.0340728
0.0515561
0.03908
0.0460013
0.0721206
0.100377
0.0626313
0.0672757
0.125709
0.0170282
0.047699
0.0246008
0.100211
0.0212818
0.062661
0.0515451
0.0738136
0.0217933
0.0212315
0.0718367
0.0179578
0.0746537
0.0529095
0.0281508
0.043517
0.0299686
0.0271575
0.0761248
0.0203981
0.037579
0.053754
0.0688915
0.0286561
0.13091
0.163263
0.0492984
0.0320734
0.0245405
0.0955564
0.0538893
0.0223672
0.269535
0.0467413
0.0370006
0.030383
0.0384601
0.017624
0.0257766
0.0910633
0.0360076
0.0424387
0.0219602
0.0962086
0.0411694
0.108191
0.0491112
0.0828428
0.0168088
0.0402953
0.0196498
0.0449323
0.0259393
0.106938
0.0411816
0.0456327
0.0147969
0.0406007
0.0807057
0.0482886
0.0302174
0.00987559
0.0383136
0.0232752
0.0166268
0.028373
0.0311362
0.0103543
0.0554461
0.117292
0.0166026
0.138498
0.102535
0.0906419
0.164332
0.0399331
0.0352019
0.0300026
0.0232593
0.0306558
0.0352617
0.0459663
0.040784
0.0563131
0.026662
0.0169492
0.0396067
0.0153564
0.0186217
0.0502257
0.0585207
0.0279341
0.131397
0.0310881
0.0533446
0.0612351
0.0571253
0.0334234
0.0237303
0.0247135
0.0608883
0.0282143
0.0447129
0.0673575
0.155907
0.0193004
0.0475673
0.0806445
0.0408232
0.043385
0.0326697
0.130863
0.0458034
0.0222227
0.0867441
0.0223703
0.0273824
0.0486459
0.101556
0.0398916
0.031721
0.0303797
0.0279545
0.0081618
0.359213
0.0239726
0.0938531
0.0383996
0.141705
0.0145157
0.0575052
0.0654074
0.0314749
0.033515
0.0612191
0.153595
0.0985532
0.0689844
0.052255
0.0189144
0.0565079
0.0361199
0.0366128
0.0957595
0.00782258
0.0258833
0.0281645
0.134004
0.0451307
0.0402949
0.038662
0.0603692
0.0743412
0.0186374
0.0473775
0.0354116
0.0731542
0.070392
0.0424385
0.0446987
0.0317598
0.0416331
0.0954317
0.0293077
0.0986472
0.0945174
0.0632133
0.0228595
0.0229875
0.0172531
0.0783341
0.0502004
0.0109692
0.0414255
0.0458591
0.0446582
0.134949
0.0587993
0.0378829
0.0527907
0.0279944
0.0776546
0.0479085
0.0565388
0.0377397
0.0527968
0.0318148
0.0325418
0.0244648
0.0475932
0.0354996
0.071307
0.0403464
0.139056
0.0765028
0.0255976
0.0239271
0.09784
0.159459
0.0364312
0.0715461
0.0347764
0.0429416
0.0371443
0.0674739
0.0337151
0.049577
0.025405
0.0735056
0.11298
0.0413836
0.0345811
0.0273324
0.0381607
0.0299241
0.026898
0.030712
0.0756268
0.0119492
0.0257185
0.0968884
0.0471079
0.063083
0.0913649
0.0200325
0.041659
0.0548012
0.0278186
0.0312726
0.0319592
0.0375606
0.0160004
0.0289323
0.0307181
0.0295204
0.0522957
0.160443
0.0248108
0.020463
0.0299266
0.16786
0.0433345
0.0287943
0.111477
0.0540308
0.030108
0.0310445
0.0572602
0.0378866
0.0243141
0.0301646
0.0425729
0.0658823
0.023151
0.277687
0.0401386
0.0718799
0.0341116
0.062401
0.0820661
0.0265063
0.0361405
0.0176408
0.0335203
0.0259419
0.0606758
0.0407636
0.0518793
0.016117
0.0541817
0.0382863
0.00625839
0.0573264
0.0380983
0.013806
0.0298644
0.051209
0.0422592
0.0951506
0.0689134
0.0205034
0.0189771
0.0274174
0.0443514
0.086238
0.0510793
0.0334737
0.0417471
0.0428182
0.0327963
0.0249735
0.0223957
0.0433539
0.0384378
0.0177458
0.0559842
0.0497958
0.023621
0.0303591
0.0506842
0.0407334
0.0584655
0.0809436
0.037144
0.0277768
0.0414404
0.0698921
0.0286964
0.102703
0.0219043
0.0275468
0.0297197
0.0479833
0.0438172
0.0106296
0.0879049
0.00524986
0.0424199
0.0127073
0.0534725
0.0392472
0.0361088
0.0619556
0.0492654
0.0228875
0.0721915
0.094635
0.0248474
0.0160301
0.273835
0.0415017
0.0640014
0.0603218
0.179137
0.0302279
0.0317722
0.0356329
0.0312931
0.0300137
0.0262713
0.0370152
0.0284394
0.0270831
0.0270694
0.100663
0.0223094
0.0251334
0.0635737
0.0321159
0.0552809
0.0700935
0.261784
0.0921659
0.15716
0.0629592
0.0257529
0.0686129
0.0493752
0.084383
0.100837
0.0527594
0.12755
0.0653202
0.0447834
0.0461801
0.0176339
0.0417894
0.0358963
0.0141828
0.104181
0.0991585
0.0272612
0.0372694
0.0493605
0.0257857
0.0367687
0.0973791
0.0108399
0.203022
0.0542327
0.0212989
0.0235164
0.0505039
0.048886
0.0250212
0.0420266
0.0167848
0.0612203
0.0293316
0.0926311
0.0229378
0.0293442
0.0665318
0.0229805
0.0902517
0.0385814
0.0145719
0.0822517
0.0661439
0.0427736
0.0842805
0.0377838
0.0593046
0.0382165
0.0263235
0.0665729
0.0722294
0.0413123
0.022569
0.0183959
0.0850862
0.093201
0.0301955
0.0295995
0.019628
0.0445414
0.0502283
0.0340464
0.0505532
0.0264535
0.0257815
0.0187815
0.0226949
0.0659288
0.031788
0.0336022
0.0247806
0.0823349
0.012812
0.0423017
0.0450169
0.0259503
0.0703517
0.0237351
0.0454083
0.0182449
0.0427093
0.022894
0.0302381
0.0292772
0.0478167
0.0370184
0.0412905
0.0304232
0.0250272
0.0282205
0.0435717
0.0351663
0.0540124
0.11463
0.0161826
0.162097
0.129791
0.0452452
0.0160035
0.0573513
0.111543
0.0265243
0.0730343
0.0427191
0.0335496
0.06837
0.0522746
0.0273397
0.0951031
0.0434973
0.0316401
0.0197048
0.0229596
0.0254824
0.0504205
0.0305193
0.0305711
0.0189762
0.0595031
0.0253361
0.0490421
0.0506359
0.0354585
0.0353553
0.0207484
0.0473731
0.119514
0.0422114
0.0318085
0.0207451
0.0327255
0.0592475
0.0136195
0.101661
0.0251367
0.0241783
0.0523958
0.0221732
0.0325983
0.0837731
0.19954
0.064645
0.0353821
0.0477596
0.038813
0.036377
0.130381
0.0522165
0.127942
0.0522438
0.038457
0.0425579
0.0146865
0.0423148
0.0320759
0.0267241
0.00872903
0.0412819
0.0925846
0.0187042
0.0211066
0.0331468
0.0330267
