-0.19774
-0.0876786
-0.755358
-0.143315
-0.0154784
-0.176921
0.363961
-0.776339
-0.319681
-0.055073
-3.81489
0.529116
-1.00999
-0.382167
-0.468635
-0.511112
-0.0989529
-0.754486
-0.67053
-1.4346
-0.58555
-0.210863
-1.40275
0.1005
0.342795
-0.961342
-2.416
-0.594967
0.0627603
-1.25602
-0.609408
-0.446838
-0.138638
-1.0021
-0.0346326
0.019394
-0.730977
-0.665962
-0.609828
-0.562675
0.336418
-0.952547
-0.140522
-2.12074
-2.36631
-0.37666
0.4929
0.382518
-1.9073
-0.0906309
-0.765421
0.887436
-0.0865214
-0.941914
-0.166501
-0.0516602
0.234068
0.112225
-0.944096
-0.422467
-0.146891
-0.84186
-0.28335
-0.617977
0.891771
-2.45528
0.107747
-0.712
-0.411676
-0.34457
-0.623443
-0.227188
-0.97021
0.596055
0.117499
-0.369932
-0.320869
-0.617357
-0.682042
-0.578092
-0.495831
-0.49208
1.74019
-1.73696
0.402163
-0.42691
-0.659268
-0.505939
0.403522
-0.998919
-0.531085
-0.297444
-0.115726
-0.380457
-1.31182
0.485453
0.145997
-0.202073
0.23088
-0.482554
0.0215143
-1.0156
-0.462569
-0.224389
-0.869295
-0.157459
-0.160626
-0.823929
-4.12375
-0.110966
-1.04764
-0.686793
0.446509
-0.218196
-1.55403
1.10226
0.127461
0.0618463
-0.0698947
-0.911135
-1.2049
-0.525713
0.275456
-0.393153
0.762153
-0.578469
-0.833181
-0.356719
-0.29285
-0.271491
-0.376077
-0.131023
0.00527471
-0.425239
-0.86251
-1.19984
-1.06135
0.0803869
-0.886014
-1.18434
-0.251457
-0.483634
-0.496818
-0.119068
-0.913096
-0.923009
-0.051517
0.085403
2.11723
-0.46857
-0.732487
0.0405995
-1.00943
-0.138694
-0.340879
-0.109974
0.285465
-0.652115
-0.0130341
-0.0474418
-0.477896
-0.278186
-1.71159
-1.19361
-0.378295
-0.879941
1.38659
-0.657158
0.185048
-0.895968
-0.275126
-1.21909
-0.1791
-0.0144645
0.115178
-0.364278
-0.394348
0.693108
-0.866297
-0.31708
-1.22004
0.558225
-0.897655
-0.187892
0.280583
-0.447633
0.17277
0.169389
-0.0801111
-0.275317
-1.08257
-0.911647
-0.766443
-1.82132
-0.220568
-1.17722
0.385534
-0.668377
0.715029
-1.11715
-0.2846
-0.35186
-0.697459
-0.784061
-0.106097
-0.0757996
-1.09857
-0.18328
-2.23754
-0.830554
-0.373806
-0.50546
-0.98383
-0.852688
-0.918505
-0.801584
-0.0298811
-0.619065
-0.615468
0.215946
-0.675311
1.42076
-0.630333
-1.31017
-0.283986
-0.155988
-0.695199
-3.63712
-0.469793
-0.595034
1.76132
3.86981
-0.533629
0.697429
0.222371
-0.585827
0.368344
-0.358193
-0.667876
-0.670242
-0.178255
0.505253
-0.555159
-0.33074
-0.465783
-0.754147
-1.17145
-0.549326
1.20819
-0.593978
-0.0450258
-0.61546
-0.926912
-1.6787
-0.818344
-0.884564
