-0.602
0.0214118
0.865075
0.495475
-0.273974
-0.587172
0.0985022
0.557336
0.393822
-0.764765
-0.260722
-0.68278
0.0186848
-0.0290097
0.181065
-0.596363
0.45415
-0.119366
0.120497
-0.887492
0.505346
-0.303835
-0.923943
-0.308014
0.191561
-0.0669639
-1.41691
0.210752
-1.07654
0.00291789
-0.348611
-0.420409
-0.538882
-0.933499
0.68161
-0.485454
-0.0799248
-0.444258
-1.17871
0.185359
-0.299511
-0.879963
0.875028
0.419143
-0.391533
-0.399404
-0.414128
-0.49388
-1.54811
-1.81711
-0.788598
-0.439327
0.14826
1.16613
-0.496228
0.456289
0.020306
0.0748676
-0.926415
-0.888092
0.181935
-0.881848
-0.611075
0.85727
-0.643327
0.197016
1.05931
0.0125389
-0.173096
-0.669569
0.215855
-0.447216
-0.166616
-0.159425
0.418771
-0.667199
0.367085
0.188631
0.578056
0.0900375
-0.92476
-0.676963
-0.346287
-0.820972
-0.662314
1.12882
0.113089
-0.206021
-1.52364
-0.623358
0.156128
-0.666002
-0.0723146
1.34609
0.687919
-0.217501
-0.397289
-0.0739912
0.136968
0.0475003
0.428552
-0.618372
0.356635
-0.627904
0.641895
-0.335313
-0.285339
-0.581162
0.50174
-0.137728
-0.0174924
-0.471525
0.314983
-0.119878
0.239812
-0.352926
0.277382
-0.0165734
0.138658
0.0726078
-0.589868
-0.117182
-0.367467
-0.709334
-0.451208
-0.513517
-1.14861
-0.351071
0.0336156
-0.400382
-0.0647088
-0.420619
-0.648752
0.0351212
0.23904
-0.937644
-0.15854
-0.875654
-0.240114
0.30963
0.135115
0.0595949
-0.0317514
-0.143427
-0.145126
-1.12872
-0.336024
-1.16118
-0.0462399
0.300969
-0.391829
-0.905246
-0.263297
-0.586751
0.837893
-0.130784
0.382778
-0.698323
0.00474096
-0.360537
-0.412662
-0.189981
-0.345302
-1.38291
-0.1388
-0.847975
0.259261
0.0937249
-0.0246231
-0.63179
0.38898
-0.168447
0.436568
-0.266774
-0.213729
0.171488
-0.338418
-0.71974
0.176967
0.0922628
-0.476905
-0.238771
-0.0922599
0.1707
0.234725
0.042359
-0.162453
-0.0522493
1.07869
-0.688461
-0.924215
-1.54517
-0.818126
0.215992
0.872908
-0.525593
-0.209699
0.148428
-0.357045
-0.327907
-0.23526
0.067953
0.603293
0.488088
-1.63099
0.18444
-0.198982
-1.18503
-0.21714
-0.313212
0.343074
-1.07314
-0.0371223
0.0972219
-0.0145909
0.72278
0.2332
0.420901
-0.69125
-0.685248
-0.920392
0.461981
-0.0126862
0.273845
0.108353
0.0379791
-1.39846
0.171138
-0.180916
-0.163022
0.316957
-0.152951
0.12946
-0.670622
0.0276425
0.466313
-0.446269
-0.293417
-0.227075
0.370833
-1.17376
2.0531
-1.23024
-0.0938804
0.133403
-0.11743
-1.58638
-0.0267048
0.0565213
-0.565817
-0.373222
1.12189
-0.49413
0.174337
-0.0668463
0.917919
0.405606
-0.695257
-0.873028
0.127116
0.533715
0.17453
-1.44699
-0.316397
-0.870746
0.707708
-0.360535
-0.473346
0.15273
-0.313735
-0.695398
-0.068835
-0.109748
0.283132
0.305334
-0.376162
-0.0435786
0.0666852
-0.249875
-1.01962
-0.0422104
-0.102784
-0.743006
-0.66973
-1.26483
-0.397393
-0.0013889
0.198241
0.181625
-0.288841
-0.394219
-0.0730321
0.0237164
0.49091
-0.774986
0.177465
-0.866101
0.58233
-0.409799
0.0744686
0.291311
-0.413318
0.166565
-0.210298
-1.28959
-0.254473
0.879615
0.0702062
-0.123969
-0.107993
-0.132491
0.750559
0.00733047
0.219123
0.0808076
-0.520748
-0.663959
-0.0259864
0.0362714
0.343432
0.322537
-0.181553
-0.0909319
-0.316562
0.341909
0.143947
0.327152
-1.03951
-0.387743
-0.897159
0.97794
-0.682911
0.0788027
0.285623
-0.300436
-0.161959
0.0369252
0.449203
-0.03074
-0.294888
-0.195491
-1.00609
-0.133691
-2.00302
-0.271641
0.0670948
0.0320231
-0.579932
-0.373551
0.729116
-0.53806
-0.0355126
0.124729
0.187779
0.121573
-0.248229
-0.0955994
0.353521
-0.624136
-0.299683
-0.280929
1.00059
0.67469
-0.441621
-0.119309
1.08723
-0.22513
0.396009
0.510886
-0.0582492
0.0521082
0.194693
0.644554
0.160423
-0.112548
-0.843166
-0.19698
-0.84479
0.533318
-0.00378103
-1.02637
0.274303
-0.438911
-1.68418
-0.129803
-0.15011
0.0453405
-0.0384845
1.24888
-1.17974
-0.0320364
-0.74921
-0.541071
0.0349603
-0.269447
-0.770212
-0.00764944
0.0710661
-0.683565
-0.291902
-0.20874
-0.952393
1.187
-0.0860398
0.084956
-0.0179237
0.415542
0.0651169
-0.300373
-0.588757
0.69431
-1.28496
-0.670068
-0.346533
-0.589108
-0.568977
0.358935
0.748247
0.294248
0.0212136
1.07526
-0.542445
0.358075
0.328525
-0.826409
-0.391639
0.299481
0.0122998
-0.374422
0.0580686
0.451842
0.287092
0.311108
-0.35731
-1.16194
-0.426816
-0.710769
-0.0557932
-0.140934
-1.24033
-0.186188
-0.198169
0.254394
-0.0325049
-0.547797
-0.794201
-0.257239
-0.785009
-0.198184
-0.0422019
0.0839398
-0.572997
-0.0847379
0.171858
-0.112429
-0.010486
-0.162418
-0.974929
-0.200808
-1.31438
-0.581042
-0.465102
-0.345977
0.177384
-0.623527
-0.271412
-0.904945
-0.259155
-0.720069
-0.578788
0.201507
0.157736
-0.733949
0.560331
0.319123
-0.426463
-0.740056
-0.988552
0.0898887
0.204997
-0.447917
-1.24515
-0.00664424
-0.137774
-0.693393
-0.447633
-0.746118
1.12115
-0.199969
1.17871
-0.0742313
0.12202
2.17645
0.264425
-0.603554
-0.25823
0.0918648
-0.507195
-0.155691
0.302953
-1.48797
-0.0631034
-0.707338
-1.20666
0.456978
0.509808
0.0200395
-0.242044
0.360165
0.604953
-0.601011
-0.0217811
0.504408
0.694
0.840458
-0.204398
0.178163
-0.229861
-0.198024
-0.105022
0.178727
0.16674
-0.188417
-0.29873
0.353168
-0.0444923
0.292432
-0.0510379
0.28218
0.298375
-1.25971
-0.986703
-0.907782
0.275079
-0.344135
-0.910168
-0.244508
0.461634
-0.941325
-0.123653
-0.835937
-0.98726
-0.620106
0.181679
-0.643752
-1.93583
0.27073
0.444427
-0.0724353
-0.166141
0.618973
-0.245409
-0.123597
-0.424946
-0.399088
-0.551845
0.142209
1.08789
-0.278061
-1.51815
-0.227807
-0.33535
-0.291072
-0.248078
-0.454289
0.206322
-0.136616
0.0364851
-0.91553
-0.840478
0.453496
0.0901631
1.40355
0.426208
-0.46117
-0.0561923
-0.256789
0.01062
0.0270097
1.5579
0.404901
0.942941
0.100327
-0.60576
-0.382399
-0.154455
-0.465671
-0.808562
-0.435993
-0.97794
0.398617
-0.20035
0.259166
-0.400222
-0.451298
-0.536924
-0.476287
-0.125669
-0.126914
0.227318
-0.205928
-0.213204
0.542054
-1.00314
-0.290819
0.323858
-0.732975
-0.228766
0.582241
0.487371
-0.687407
-0.569428
-0.468774
-0.472312
-0.205041
-0.0636145
-0.0534509
0.749325
-0.112829
0.0821109
-0.691427
-0.0918322
-0.16339
-0.44802
0.0806544
-0.272527
1.15655
-0.691286
-0.525407
0.744555
-0.125869
-0.17024
0.254519
-0.203493
0.324623
1.29952
-0.0949667
-0.0899849
-0.0600045
-1.9482
-0.304565
-0.0964259
0.679525
-0.795933
-0.660461
-0.299645
-0.0252035
0.051715
0.290072
-0.315857
-0.45193
0.294592
-0.534851
-1.0477
-0.125917
-0.855062
0.106436
-0.348713
-1.72095
0.0556983
-1.60694
0.251869
-0.477127
0.104804
0.70004
-0.304623
-0.471588
0.151556
-0.0502604
0.252122
0.0822495
-0.19698
0.150319
-0.162722
0.536945
0.196205
-0.328609
-0.266428
0.378769
-0.593514
0.42546
0.632601
-0.359716
-0.324906
0.105715
0.163077
-1.22351
-1.19051
0.468585
0.335864
-0.5731
0.768647
0.512775
-0.183635
-0.805918
0.77907
0.665987
0.170921
-0.235829
-0.864535
-0.588291
-0.764043
0.209167
0.491835
-0.55692
-0.132781
1.09093
0.115871
-0.593056
0.0736867
-0.536574
0.878571
-1.15231
0.267893
0.697856
-0.613008
-0.151446
-0.963967
-0.207502
-0.1429
-0.25523
0.077985
-1.02426
0.173362
-0.262423
0.636548
-0.209329
-0.868944
-0.162517
-0.940495
-0.754315
-0.079976
0.585754
-0.309049
-1.01153
-0.175429
-0.608912
0.188385
0.0325739
-0.834538
0.143008
0.499588
-0.0204093
-0.770152
0.122508
-0.431813
-0.38209
-0.867483
0.142208
0.425573
-0.724583
0.443578
-0.381773
-0.106404
-0.822159
0.79542
-0.372374
-0.32126
-1.5892
-0.258679
-0.486866
-0.290166
0.358048
-0.429449
1.244
0.142197
-0.276663
-0.499756
-0.561968
-0.274059
-0.321425
0.276253
-0.138977
-1.23168
-0.625547
-0.141607
-0.819727
0.135104
-0.0466981
-0.923841
-0.872353
-0.65282
-0.538779
0.27307
-0.218815
-0.709601
0.306632
-0.0887821
-0.179024
0.0428719
0.0219886
-0.506089
-0.870568
0.228731
0.37056
0.311613
-0.185948
0.112437
-0.123896
-1.00979
-0.418524
0.124223
-0.280283
-0.560366
-0.478412
-0.343094
-0.376025
-0.0976599
-0.348477
-0.220912
0.178217
0.537622
-0.201048
-0.388837
-0.417205
0.0366705
-1.44326
-0.742844
0.177282
-0.898397
-0.254377
-0.28629
-0.890086
0.327791
-0.265495
0.114798
-0.833905
0.0971579
-0.47087
-0.138123
0.158504
0.0563128
0.928574
1.57748
0.15258
1.17278
-0.0213014
0.195533
-0.0799543
-0.42893
0.803229
-1.14514
0.324671
-0.254191
-0.0505762
-0.319138
-0.386016
-0.753982
-0.164532
-0.181247
-0.102609
0.0176623
-0.43854
-1.49901
-0.401118
-0.454823
-0.148251
0.579317
-0.347073
0.379043
-1.2422
-1.78602
0.042504
0.0926564
0.269733
-0.511352
-1.05548
-0.08933
-0.838977
-0.26544
-0.159035
-0.513544
-0.495433
-0.133188
-0.147165
-0.00784645
0.39502
-0.305622
0.122835
-0.999596
0.298538
-0.137689
-0.91779
-0.460996
0.499959
0.909697
-0.00618197
1.50826
-0.159097
1.17128
-0.642887
0.138087
0.0887171
-0.121099
0.142251
0.0855415
-0.77017
0.0138692
-0.998343
-0.00740306
0.0198044
0.40815
0.851012
-0.632508
0.18314
0.231159
0.380836
0.33597
-0.849769
-1.04987
-1.35237
-0.412147
-0.468532
-0.275049
-0.41376
-0.109003
-0.520959
-1.02888
-0.0606
0.315673
-0.126891
-0.644397
-0.682108
-0.492527
0.757372
-0.0174575
-0.595403
-0.665439
0.0236927
0.146331
-0.478017
-1.0535
-0.292789
0.595308
0.773588
-0.370769
-0.362488
0.457501
0.226283
0.0833261
0.0726759
0.910968
-0.063979
0.310206
-0.145484
-0.0593491
-0.6919
-0.286143
0.210787
0.60262
0.0330965
-0.502381
0.458782
-0.0588218
-0.188272
0.659702
-0.564847
-0.53125
-0.280798
0.372352
0.354991
0.503717
0.427376
-0.284361
-0.376405
-0.44027
-0.287186
0.274651
1.17998
-0.260439
-0.0980426
-0.852615
-0.498667
-0.278803
0.750241
0.0359324
-0.583186
-1.19197
-1.02878
-0.352747
-0.100649
-0.935542
0.27832
-0.0379714
0.533398
0.041194
0.402525
-0.152309
-0.473432
0.397463
0.0864182
-1.46601
-0.888117
-0.437532
0.0530826
-0.475189
0.601162
-0.332704
0.0167521
-0.201559
-0.0502647
-0.506673
-0.550319
0.128579
-0.785757
-0.417026
0.0539265
-0.146571
-0.35099
-0.17636
0.163531
-0.917214
-0.257234
-0.739684
-0.386819
-0.651402
-0.240469
-0.151209
0.144575
-0.139903
0.303776
-1.08406
0.350556
-0.440151
