-1.37661
-0.85003
-0.245953
-1.24041
-0.185394
0.254094
-0.337393
-0.591581
0.221707
-0.39632
0.215464
-0.0742838
-1.4022
-0.217739
0.482041
-0.3158
0.0816009
-1.41832
-2.73236
-1.77867
-0.12796
-0.790611
-0.230014
-0.646362
-0.31602
-0.281658
-1.35019
0.199793
-0.456878
-0.515641
-1.59949
-0.071344
-0.426956
0.554411
-0.019998
-0.291253
-0.341677
-0.264499
0.0935941
0.289249
-0.41898
-0.33603
-1.63538
-1.3165
-0.58398
1.63893
-0.360103
-1.46394
-1.11652
-2.17853
-0.125782
-0.832802
-1.38326
-0.317491
0.0686966
-0.0242299
-0.853205
-0.224309
0.25334
-1.11335
-0.922965
-0.00847348
-0.00656029
-5.85845
-0.363294
-0.544254
-1.00719
-0.226457
-0.829149
-1.23876
-0.570895
-0.821783
0.601732
0.764891
0.193541
-0.0420025
-0.62876
-0.341182
-1.6015
-0.0526219
-0.993823
-0.317105
-0.438722
-0.180749
-0.328339
-0.452831
0.0813135
-0.0935497
0.821226
-0.81203
-0.436173
-1.36253
-0.295271
-1.3625
0.0314643
0.0788118
-0.436934
-0.436944
-0.063128
-0.405035
0.72369
0.0571181
-0.0525383
-0.255583
-0.301029
0.319853
-0.522138
-1.25216
-1.46246
0.805299
-0.614686
-2.09768
0.403614
0.271778
-0.494449
-0.17808
1.6146
-0.991723
-0.910512
-3.68008
-0.311786
-0.515229
-1.97582
-1.00211
0.279745
-0.610851
-0.347889
-0.0738551
-0.0517656
0.834218
-1.34203
0.135312
-1.11407
-0.838102
-0.959132
-0.816975
-0.614011
-0.52608
0.261912
-0.813349
-0.23205
0.361583
-0.227307
-0.561219
-0.568555
-0.0329228
-0.160312
-0.258314
-0.830728
-0.130135
0.478629
-1.48442
-0.0493419
0.369827
0.123112
-0.586744
-0.955596
-0.951531
-0.0699345
-1.227
-0.215443
1.56437
-0.660576
-0.124324
-0.64119
-0.163329
-0.133338
-1.02939
-0.24517
-2.52585
-0.0721137
-0.850665
0.018869
-0.340662
-0.147368
-0.305199
0.673187
-0.166397
-0.264492
-0.0186089
1.03863
-0.623665
0.0341826
-0.406877
0.244664
-0.308069
0.845439
-0.586279
-0.33005
0.0876286
0.717696
-0.256191
-0.426972
-0.120797
0.443596
0.148874
0.852576
0.1118
1.06989
-0.50997
-0.986033
-0.349481
-0.0999965
-2.00279
-0.930208
-0.607342
-1.06506
-0.36324
-0.611826
-0.988304
-0.439148
0.172896
-0.284032
-0.40665
0.344257
-1.50683
-0.838191
-0.106734
-0.428425
-0.493017
-0.750251
0.0527612
-0.630385
1.11403
0.0921167
-0.408621
-0.194039
-0.545128
2.20847
-0.633489
0.0494998
1.02337
-0.567564
-0.089511
0.411232
-0.0522829
-0.70687
0.0681706
-0.56
-1.80704
-0.994092
0.878082
-0.765953
0.0939028
-0.356142
-0.692834
-0.740602
-0.644771
-0.867011
0.544029
0.489243
-0.974205
-1.02754
0.29392
-1.04679
-4.49286
