1.02529
2.26072
0.854835
0.559475
1.25384
1.53645
1.08024
0.606689
1.23128
0.695138
0.585123
1.35677
0.969988
0.6644
0.703315
1.08889
0.481272
1.04827
1.85704
0.485262
0.891027
1.17102
0.64364
0.930917
0.537369
0.653667
2.24927
0.629932
0.969632
1.25077
1.44549
0.754696
0.768245
0.905568
0.888539
0.367151
0.753277
1.20936
2.08376
0.45943
0.995281
1.07871
1.24716
0.575384
0.517686
1.21826
0.617804
2.17769
0.730593
2.08624
1.12783
1.08936
0.688916
0.453442
0.755993
1.61314
1.15817
0.921768
0.89686
0.721048
0.901761
1.82537
1.09358
2.83938
1.08581
0.450861
2.18194
0.727665
0.844211
0.98019
0.82022
0.715819
1.53867
0.794215
0.956505
1.40209
0.665568
0.651248
2.10281
0.657347
1.17764
0.657973
1.2418
0.636077
1.21411
0.997872
0.993665
0.76326
0.75221
2.75416
1.02853
0.732079
0.44442
1.29149
0.779064
0.878306
0.830638
0.403774
0.700519
0.568431
1.66234
1.52252
0.647156
1.45195
1.06493
0.967352
1.52454
0.891896
1.53336
0.676793
1.25845
1.21144
0.724626
1.56664
1.01091
0.951631
1.1077
1.27223
1.91497
1.50543
0.665457
1.66435
1.41269
1.02846
0.439517
1.06635
1.40603
0.76493
0.766735
0.805353
1.02571
0.611302
0.834703
0.926201
0.806201
1.48176
0.948091
1.16066
1.06339
4.19572
0.704149
1.07859
0.761691
0.769151
0.810004
0.431498
0.735121
1.31702
0.72848
1.14789
0.680689
1.36789
0.544307
0.881362
0.739878
1.12212
1.84683
1.56877
0.634811
1.00924
1.07227
1.01476
1.19123
0.469207
0.801117
0.885526
1.13076
0.813892
0.975382
1.31597
0.995999
0.523985
0.760735
1.2271
0.692564
0.849696
0.575865
1.09573
0.80359
0.510065
0.998395
1.00788
0.54678
0.846452
3.62815
0.620039
0.523485
0.606064
0.96098
1.24993
0.652239
1.08331
1.20484
0.720072
0.517036
1.43885
2.81834
1.60767
1.26704
0.54527
0.801168
0.530212
0.505991
1.42755
2.82088
1.50708
0.978283
2.05214
0.94122
1.29575
0.85616
1.02602
0.974412
0.49246
1.10407
1.35337
0.948819
1.16904
1.13092
0.714566
0.948175
1.88078
1.10288
1.15574
1.03911
0.543868
0.936716
1.13923
1.83886
1.39127
0.858666
1.232
1.7063
0.825475
0.722841
0.836839
1.53615
0.60403
0.786702
1.25405
0.730727
0.664
1.06441
2.04766
0.440091
0.762016
0.974176
0.976263
1.1767
0.644632
0.92204
0.812554
0.689524
0.824924
0.597689
1.93903
