0.0149566
0.0183064
0.0206366
0.0138884
0.0124709
0.0208558
0.0974081
0.0397319
0.0163968
0.0123272
0.0103748
0.0143125
0.0130182
0.0222582
0.014843
0.00880657
0.0269568
0.0453369
0.0118187
0.0240113
0.0136411
0.0312567
0.0100506
0.0146837
0.0645338
0.0180787
0.00934687
0.0321955
0.0192236
0.0209339
0.0213013
0.0564451
0.0118457
0.0187837
0.0092761
0.0286517
0.0184898
0.0138234
0.00842313
0.0147534
0.0261997
0.00886841
0.0440034
0.0157754
0.0124656
0.0316411
0.022346
0.019467
0.0550066
0.0126125
0.0133515
0.0185452
0.00667938
0.0163713
0.00698429
0.0133102
0.0137768
0.0189029
0.00827675
0.0118296
0.0180179
0.0121902
0.00894306
0.0445753
0.0214438
0.012184
0.0237951
0.0153609
0.020509
0.0129863
0.015087
0.0126964
0.0120241
0.0141518
0.015427
0.0165358
0.0204846
0.00381951
0.0107714
0.0161057
0.0124736
0.015432
0.0172654
0.0175061
0.0111463
0.0158119
0.0179913
0.0121037
0.0164231
0.01077
0.0240043
0.0185442
0.0109264
0.0406247
0.0252369
0.0100478
0.0184549
0.0289194
0.036605
0.0110032
0.00972197
0.0112693
0.0113045
0.0205491
0.0280209
0.00773901
0.0145639
0.0247732
0.0163107
0.0294847
0.0107089
0.039382
0.0227399
0.0167623
0.0101027
0.00721319
0.0103696
0.0320624
0.0353276
0.00993024
0.0173446
0.0146629
0.0210088
0.0185796
0.0152779
0.0209539
0.024462
0.00753715
0.0256202
0.0207823
0.0124521
0.0132996
0.0207337
0.00820857
0.0167922
0.0135277
0.0134692
0.0200322
0.0118223
0.0527561
0.0129593
0.0306896
0.0226845
0.0176049
0.00973202
0.00755448
0.0101804
0.0110137
0.00596861
0.0131353
0.013891
0.0153634
0.0138641
0.010611
0.0126011
0.0243341
0.0138415
0.0198177
0.00833599
0.0146568
0.012548
0.0142167
0.0343108
0.0213519
0.014511
0.0171761
0.0102915
0.00953278
0.0136508
0.00979214
0.0132283
0.0736933
0.0109913
0.0122827
0.0199168
0.00723937
0.0117381
0.0122089
0.015555
0.00921065
0.0245046
0.0175821
0.0218656
0.0157303
0.047837
0.0115596
0.0128596
0.0150059
0.0158454
0.0114908
0.00863057
0.0198875
0.0536687
0.0145835
0.0134149
0.00940341
0.00886808
0.0123412
0.0163731
0.00762323
0.015168
0.0463765
0.0168755
0.0166299
0.0205377
0.0311212
0.0210377
0.011774
0.00886449
0.013328
0.0293726
0.0146518
0.0145573
0.0201802
0.0161018
0.014609
0.00924705
0.0111034
0.0166879
0.0218929
0.0130915
0.00982763
0.0143435
0.0359223
0.0247198
0.0363023
0.0472638
0.00849542
0.00868013
0.017511
0.0137849
0.0335778
0.0401855
0.0201671
0.0122203
0.028204
0.0144954
0.015683
0.0198158
0.0608658
0.0189226
0.0241669
0.0146042
0.0108488
0.0220153
0.0705167
0.01388
0.0268848
0.0093086
0.0241821
0.0107587
0.0115783
0.0173174
0.00888474
0.0107573
0.0774919
0.0133752
0.0133242
0.0108661
0.0264694
0.0268559
0.009094
0.0125312
0.0159483
0.020622
0.0167744
0.0224451
0.0225122
0.00570592
0.0187157
0.00871866
0.0209379
0.0146182
0.100439
0.0270062
0.0310884
0.0413389
0.0128607
0.0157532
0.0134292
0.0238398
0.0170257
0.0146026
0.0155271
0.0201437
0.0140852
0.0102961
0.0166416
0.0145722
0.0189905
0.0400202
0.0195344
0.0131466
0.00979764
0.0219345
0.0101848
0.0119245
0.0118842
0.0356661
0.0124398
0.00773193
0.0163188
0.0143985
0.0132633
0.0334013
0.0544413
0.0112175
0.0104897
0.0158298
0.0363624
0.0188649
0.0138566
0.0082729
0.0141737
0.0125489
0.0312485
0.00739327
0.0274692
0.018327
0.036327
0.0148578
0.0335282
0.0141777
0.00910288
0.0267536
0.0150899
0.0145827
0.0193863
0.0117658
0.00142707
0.0157187
0.0143502
0.0161004
0.0380952
0.0065955
0.0187715
0.0149561
0.0101564
0.0415869
0.0135417
0.0203468
0.0182883
0.0168054
0.0132116
0.0210116
0.0248428
0.0162226
0.0539374
0.0160071
0.0358249
0.0203083
0.0264941
0.0147926
0.0114518
0.0202054
0.00841255
0.0149452
0.0181861
0.0108589
0.0299315
0.0131699
0.0313636
0.0136832
0.0109479
0.0114185
0.0195868
0.0248421
0.0142499
0.0353713
0.0150967
0.012329
0.00830189
0.0476422
0.0155407
0.0141547
0.0172749
0.0181733
0.012178
0.0121205
0.0144775
0.0195693
0.0254645
0.0168716
0.00769564
0.0229046
0.015101
0.0332182
0.0116695
0.0120745
0.00984562
0.0147291
0.120808
0.0202354
0.0222977
0.0184483
0.0292717
0.0128821
0.011322
0.0486598
0.0114942
0.0213881
0.0207721
0.0690399
0.0171825
0.0086511
0.0178779
0.0100949
0.0186588
0.0234565
0.0164067
0.0201591
0.0173209
0.00953254
0.0170184
0.0127366
0.0281542
0.0341496
0.0178366
0.0279976
0.0351548
0.0109548
0.00979432
0.011345
0.0142521
0.0115545
0.00895001
0.00931987
0.0226688
0.0142666
0.0179739
0.0104086
0.00913166
0.0337122
0.0168959
0.0297933
0.0260895
0.0127351
0.00972573
0.00428722
0.0147323
0.0155327
0.0218867
0.0423669
0.0144804
0.0404536
0.00553329
0.00781956
0.0205763
0.0110712
0.00471753
0.0206369
0.0141803
0.0137525
0.0086302
0.0170031
0.0160416
0.0296142
0.00315889
0.0150306
0.0486743
0.024753
0.0495449
0.0204964
0.0227425
0.0190487
0.00894276
0.0121423
0.0363521
0.0176635
0.0134369
0.0209702
0.0444226
0.0207866
0.0140406
0.0359725
0.0141364
0.0138851
0.0181065
0.0198849
0.0101776
0.0144103
0.0145334
0.0233211
0.0173283
0.0118256
0.00860903
0.0336406
0.0208623
0.0215487
0.0161145
0.0258817
0.0106423
0.019937
0.00942435
0.0129779
0.0189718
0.00846038
0.0177523
0.0120923
0.0182507
0.0203808
0.0352723
0.0212473
0.028314
0.0121258
0.0138991
0.00772795
0.0127554
0.0105469
0.013685
0.0132964
0.0284429
0.0216582
0.0108912
0.0118586
0.0185419
0.0104698
0.00908353
0.0217364
0.0128837
0.0112091
0.0109387
0.00958672
0.0148966
0.0125872
0.019165
0.0181102
0.00955156
0.0153277
0.0349682
0.0166775
0.0137155
0.00874802
0.0151771
0.0117483
0.0120011
0.0109816
0.0163952
0.0203095
0.0213684
0.0112264
0.0164246
0.0163175
0.00834214
0.0141317
0.0126961
0.0381596
0.0341731
0.015408
0.0315639
0.0329351
0.0119319
0.0172877
0.0162378
0.0130835
0.0424238
0.0156205
0.0141214
0.0142058
0.0156917
0.0182179
0.0410688
0.00992063
0.010791
0.0200657
0.00992024
0.0417231
0.0125917
0.0171948
0.0167934
0.0104838
0.0171608
0.0581974
0.0113849
0.0199151
0.0204297
0.0135371
0.0133495
0.0274272
0.0187518
0.0174203
0.0195143
0.0210579
0.0127805
0.014353
0.018667
0.0307131
0.0259089
0.0170111
0.0106877
0.0204706
0.0111949
0.0362161
0.0117839
0.0216835
0.0149302
0.0191013
0.0233634
0.0146741
0.0290338
0.00817653
0.0248021
0.0162109
0.00686174
0.0221057
0.0107052
0.0200497
0.0231568
0.0141311
0.0402087
0.0268642
0.0125991
0.0139178
0.0440998
0.013209
0.0135385
0.0198651
0.0182813
0.0142573
0.0107729
0.0204638
0.010064
0.0173025
0.0136091
0.015872
0.00914317
0.0133418
0.00733412
0.016697
0.0327173
0.0197252
0.0197637
0.0134113
0.0237444
0.0091763
0.0822768
0.0112883
0.0208469
0.00870766
0.0116617
0.0163027
0.0228158
0.028031
0.0110746
0.00822656
0.0176424
0.0168871
0.0102685
0.0285993
0.0574948
0.0149657
0.0398001
0.0164185
0.02474
0.0173664
0.0136673
0.010886
0.0341303
0.0170379
0.0118025
0.0187752
0.0273467
0.0142941
0.0192333
0.013259
0.00833331
0.0156802
0.0146692
0.0156958
0.0204875
0.0129584
0.0161157
0.0236609
0.00754087
0.00841058
0.0139126
0.0250164
0.0469888
0.0277378
0.0164754
0.0154366
0.0352287
0.0141963
0.0147352
0.0194765
0.0468617
0.0123342
0.0166304
0.0123124
0.0176027
0.0223676
0.0423066
0.0107355
0.0153386
0.0155055
0.0334702
0.0249235
0.0177935
0.00821858
0.0113063
0.0205357
0.0239817
0.00876558
0.0361035
0.0173638
0.0161846
0.0246908
0.0174194
0.0120282
0.00498649
0.00927672
0.0138152
0.0140302
0.0421574
0.0139684
0.0225642
0.00764643
0.0106966
0.00655202
0.0345472
0.010308
0.00966783
0.00989709
0.0597955
0.0110734
0.0406943
0.044893
0.016474
0.0150488
0.0190028
0.0113531
0.0136137
0.0256339
0.0116233
0.010625
0.0184204
0.0129209
0.0204365
0.00832059
0.0465411
0.0110951
0.0865884
0.0123569
0.00932487
0.0207718
0.0345996
0.0106262
0.0145728
0.00930684
0.0158636
0.0140408
0.0199101
0.0219352
0.0208934
0.0165525
0.0235815
0.0160187
0.0189585
0.0304068
0.0251298
0.0235767
0.017246
0.0267036
0.0270996
0.0154385
0.0116413
0.00837593
0.0113599
0.0107531
0.0172027
0.0114343
0.012989
0.0484046
0.0133505
0.0121763
0.01492
0.0269668
0.0204634
0.00863729
0.0751366
0.0151967
0.0192938
0.0249739
0.0116185
0.016737
0.0114055
0.0451002
0.0147445
0.0212464
0.01107
0.010998
0.012018
0.0161371
0.0169832
0.0119577
0.0129539
0.0467712
0.0178527
0.0281628
0.0217622
0.041511
0.0131212
0.0171837
0.0276372
0.00783427
0.0109738
0.0215536
0.0106113
0.0060528
0.0112355
0.0331804
0.0146942
0.0154641
0.0152167
0.0222419
0.00886905
0.0293269
0.0142679
0.0121623
0.0150869
0.0251007
0.0832395
0.00747125
0.0167506
0.0214506
0.0127631
0.0187423
0.0234563
0.015221
0.0130693
0.00792263
0.00680239
0.014187
0.00896098
0.123226
0.0216687
0.0187059
0.00929524
0.00299008
0.0183314
0.0109861
0.00796535
0.0244436
0.0231629
0.0180162
0.0162274
0.00893026
0.0106667
0.0178723
0.00897084
0.0118083
0.0187853
0.0115193
0.00599104
0.0115535
0.00876851
0.00950899
0.00943512
0.0168321
0.0187413
0.0152941
0.0110691
0.0302843
0.0153611
0.00856675
0.0249102
0.0181971
0.0139743
0.0163515
0.0184227
0.0089273
0.0138457
0.00826522
0.0250152
0.0201446
0.0177794
0.0124649
0.0118296
0.0106251
0.0342356
0.010977
0.0187839
0.0298148
0.0128603
0.0140547
0.0217894
0.0112957
0.0340996
0.0123302
0.0108744
0.0158705
0.022681
0.0158641
0.0234814
0.0066545
0.0192081
0.0230545
0.0167772
0.0208798
0.0155038
0.0171036
0.0143908
0.0149299
0.00535837
0.0116054
0.0187862
0.0128741
0.0179659
0.0111125
0.0141124
0.0496696
0.0153162
0.0142602
0.0297649
0.0156117
0.031796
0.015286
0.0131761
0.0173589
0.00832588
0.00982867
0.00835706
0.0184187
0.0214048
0.0114207
0.0128674
0.0170478
0.0181578
0.0114444
0.0129451
0.0156453
0.015077
0.0183155
0.0139189
0.011904
0.0110748
0.0234053
0.00988005
0.0136058
0.0302193
0.020921
0.00994345
0.0066904
0.0154611
0.00635751
0.0153379
0.0204239
0.0226248
0.0116008
0.0138224
0.00730003
0.0130451
0.0275417
0.043926
0.0267515
0.0222037
0.0231838
0.0205684
0.012832
0.0182893
0.0117858
0.0408915
0.0294969
0.00605171
0.0124884
0.0110863
0.00829509
0.01223
0.0176048
0.0313057
0.0269782
0.0075807
0.061528
0.0105068
0.0193583
0.0166303
0.00948948
0.00953516
0.0145445
0.0157486
0.0351961
0.0538004
0.0154178
0.0136778
0.0138061
0.0088189
0.0101515
0.0208963
0.033064
0.0113643
0.0110668
0.0238813
0.0118015
0.0220776
0.0155447
0.0160568
0.0130703
0.0174173
0.0102462
0.0109691
0.0169677
0.0166503
0.0112768
0.0181721
0.0114145
0.0114012
0.0114488
0.0198007
0.00967305
0.0253294
0.0213514
0.0462377
0.0144529
0.0180421
0.0166604
0.0106793
0.0183549
0.0269751
0.0203304
0.00652406
0.0513294
0.00971957
0.0152914
0.010654
