0.149568
0.288586
0.168539
0.179148
0.154895
0.125117
0.215196
0.243075
0.132991
0.166221
0.234488
0.123527
0.366265
0.252774
0.173191
0.21474
0.190924
0.142244
0.18461
0.173252
0.181267
0.149905
0.206598
0.466815
0.195847
0.130195
0.246224
0.180362
0.103065
0.219558
0.168479
0.194084
0.235007
0.221278
0.151794
0.196871
0.170156
0.160713
0.154485
0.142751
0.232386
0.197051
0.214749
0.166852
0.131873
0.118724
0.1355
0.135922
0.258394
0.161701
0.268251
0.141458
0.156014
0.175155
0.192333
0.16151
0.13112
0.260241
0.192867
0.146203
0.105837
0.191792
0.136375
0.124214
0.253001
0.170413
0.156905
0.12772
0.221367
0.137652
0.13518
0.16059
0.132383
0.153741
0.324831
0.145408
0.139402
0.13278
0.163268
0.221705
0.167287
0.142881
0.193585
0.200913
0.38358
0.220295
0.161
0.177647
0.147076
0.150274
0.180795
0.405597
0.136408
0.229638
0.22921
0.140179
0.101284
0.211454
0.163132
0.124234
0.272795
0.36154
0.179494
0.167389
0.17028
0.255861
0.275227
0.16166
0.264877
0.163343
0.198177
0.220697
0.217545
0.203112
0.298234
0.117051
0.141031
0.260231
0.156145
0.162086
0.167835
0.14047
0.144484
0.133273
0.134534
0.138109
0.156639
0.239347
0.200658
0.344134
0.134539
0.157659
0.191503
0.258491
0.153701
0.167992
0.26493
0.227369
0.138542
0.177798
0.331766
0.130189
0.249829
0.211026
0.160339
0.176802
0.104631
0.170545
0.131058
0.16245
0.275946
0.113022
0.287937
0.164061
0.241484
0.167101
0.16483
0.190975
0.237547
0.171244
0.159932
0.128083
0.208564
0.328321
0.32088
0.369723
0.12944
0.224241
0.131889
0.117031
0.214588
0.180514
0.212577
0.109072
0.131107
0.163498
0.140647
0.16016
0.248633
0.193226
0.107224
0.147242
0.179851
0.134964
0.136885
0.179173
0.167075
0.317159
0.18569
0.20049
0.173112
0.187219
0.203493
0.182185
0.119957
0.156821
0.151347
0.188124
0.143171
0.15484
0.117697
0.171576
0.123593
0.233564
0.151812
0.342646
0.139923
0.162574
0.171444
0.241973
0.155134
0.140644
0.141828
0.189157
0.218401
0.160671
0.150326
0.19308
0.171929
0.200313
0.184537
0.152683
0.307923
0.118346
0.15472
0.234338
0.275036
0.139871
0.142724
0.409511
0.157227
0.134038
0.141093
0.222132
0.208656
0.205939
0.307592
0.18721
0.171163
0.235228
0.169389
0.183666
0.210616
0.0833226
0.160859
0.194464
0.161213
0.161006
0.311472
0.144214
0.200493
0.107255
0.194519
0.173346
0.143253
0.210222
