0.0240394
0.0166887
0.0112518
0.0265204
0.0139325
0.0112929
0.00687451
0.021212
0.0222842
0.0272045
0.0178263
0.0295364
0.0252725
0.0134155
0.0133576
0.0188663
0.0182007
0.0094325
0.030542
0.0154721
0.0325759
0.0343402
0.0158645
0.028475
0.0194003
0.0319065
0.0294298
0.0158103
0.0170892
0.0185358
0.0115076
0.0174144
0.0181653
0.0345202
0.0886216
0.00893659
0.0104108
0.0307026
0.010854
0.0200001
0.014368
0.0605628
0.0833721
0.0130927
0.0637088
0.02975
0.0104876
0.0159092
0.0027748
0.0213731
0.0204841
0.0125582
0.0166522
0.0249606
0.0190549
0.0234101
0.026114
0.0316733
0.0167518
0.0277888
0.0374029
0.017327
0.0183693
0.0361123
0.00869947
0.0233145
0.0147343
0.0182978
0.0216274
0.0235729
0.0168206
0.0200992
0.0244083
0.0128113
0.0235386
0.0110803
0.0196201
0.0182915
0.0164285
0.0565215
0.0180858
0.0091738
0.010718
0.00710112
0.0389307
0.0183887
0.0157327
0.0133116
0.0265641
0.0104791
0.0220498
0.0192051
0.0086668
0.0215488
0.0265081
0.0226675
0.0221404
0.0306427
0.0229664
0.0199383
0.0179201
0.0296348
0.0136842
0.0185726
0.0320055
0.0292651
0.0209543
0.0112438
0.0170587
0.0377707
0.0156287
0.0127638
0.0247159
0.0415818
0.0214095
0.024074
0.0173091
0.0220287
0.0742726
0.0152934
0.0197611
0.0284796
0.0432017
0.0151446
0.0160954
0.0476567
0.0265807
0.00855709
0.020649
0.0316309
0.0227074
0.0204802
0.0116076
0.0177544
0.0303959
0.0267347
0.0152028
0.0203132
0.0101498
0.0363554
0.0165457
0.0222017
0.0248288
0.0397785
0.0141133
0.0435099
0.0183276
0.030649
0.0265644
0.0149523
0.0323115
0.0202739
0.0185421
0.0164917
0.0191881
0.0285653
0.0269697
0.0242843
0.0493532
0.0296755
0.0120563
0.0135651
0.0478283
0.0387284
0.0159967
0.0118235
0.0135359
0.0379624
0.0111549
0.0294662
0.0266436
0.0272242
0.0150298
0.0277833
0.0101035
0.0192565
0.0198029
0.0216772
0.0230214
0.0196746
0.0309302
0.0278315
0.0135316
0.0464516
0.0139422
0.0151589
0.0166126
0.0188071
0.0149031
0.0251037
0.0160012
0.0554799
0.0504482
0.0322826
0.0161941
0.0250669
0.0230693
0.0461975
0.0118771
0.0142926
0.016843
0.0350142
0.0337838
0.0223825
0.0182603
0.0263068
0.0205096
0.0206995
0.021331
0.018143
0.0104526
0.0130495
0.0401299
0.0197535
0.0193196
0.0253903
0.0154735
0.030668
0.0122271
0.0254829
0.026946
0.0305123
0.0371296
0.023542
0.0300681
0.025563
0.00530184
0.0396468
0.0286323
0.0116931
0.0145589
0.00724673
0.0273849
0.0125789
0.0274752
0.0181757
0.0261681
0.0264698
0.017392
0.00725189
0.0129909
0.0350405
0.0149176
0.0225716
0.0178864
0.00685964
0.0123645
0.0203703
0.0211121
0.0170809
0.021395
0.0229136
0.0322589
0.0318737
0.0458018
0.00541566
0.0274146
0.0305273
0.022755
0.0258935
0.0152857
0.0174251
0.0186116
0.0495068
0.0303925
0.0130835
0.0155259
0.0209436
0.0104669
0.0121927
0.0167319
0.0188197
0.0159606
0.00628033
0.0358592
0.0320588
0.0378406
0.0215134
0.0171984
0.0129209
0.00741519
0.00956339
0.0136063
0.0127648
0.0123409
0.0441723
0.0200629
0.0167396
0.0237841
0.0164722
0.011867
0.0135456
0.0178018
0.0176694
0.0185594
0.0124976
0.0138607
0.0167023
0.0166435
0.0103215
0.0342379
0.0220722
0.0175707
0.0145625
0.0309389
0.0129899
0.0212901
0.0187438
0.0136699
0.0264499
0.0136953
0.0221007
0.0179064
0.0105435
0.01871
0.0124174
0.0268371
0.0277141
0.0252869
0.0220895
0.0271884
0.0232185
0.0281841
0.0228263
0.0168971
0.0136267
0.0260495
0.0138117
0.0330018
0.00639103
0.0232668
0.0483201
0.0252171
0.0123949
0.0266089
0.0115521
0.0269063
0.017372
0.0299816
0.0204136
0.018081
0.00928987
0.0098848
0.0158911
0.0132383
0.0280452
0.0111208
0.0978887
0.0206078
0.0286432
0.0259406
0.0298426
0.0136343
0.016485
0.025899
0.0148012
0.00952095
0.0321862
0.0525239
0.0101625
0.0328865
0.0312308
0.0192692
0.0195863
0.0147325
0.0379186
0.0114917
0.0159665
0.036911
0.0536085
0.0189082
0.0132261
0.0336004
0.0236359
0.0308586
0.0171383
0.0233563
0.013703
0.013334
0.0360735
0.0174783
0.0196868
0.0126559
0.0147354
0.0185286
0.0160822
0.0173965
0.00943023
0.0182007
0.0212708
0.0362381
0.0115626
0.0278364
0.0235464
0.0688325
0.0164179
0.0167491
0.0125611
0.00892765
0.0298503
0.0201785
0.0241169
0.0132117
0.0427222
0.0212525
0.0326627
0.0154533
0.0177865
0.0159767
0.0200875
0.0307223
0.0214133
0.0327347
0.0335023
0.0276795
0.0223681
0.0277593
0.0277161
0.0343853
0.0269606
0.0120325
0.02683
0.00170461
0.0248136
0.022815
0.0274726
0.0124334
0.0203933
0.0165496
0.0111914
0.0203778
0.0277777
0.0355876
0.0177467
0.0180987
0.0222833
0.0264787
0.0182958
0.0359535
0.01418
0.0226073
0.0156146
0.0219179
0.0211734
0.0652604
0.0122944
0.0335943
0.0187181
0.013725
0.0330053
0.0178351
0.0211133
0.0177947
0.0246317
0.0258582
0.0189727
0.0116506
0.0215784
0.0268331
0.00965936
0.0129106
0.0134194
0.0316892
0.0319793
0.0191621
0.0265739
0.0133544
0.00294159
0.0194026
0.0144584
0.0198384
0.0257726
0.0220999
0.0381227
0.0243845
0.0205879
0.0244631
0.0116783
0.0156386
0.0159802
0.017625
0.0154054
0.020953
0.0192092
0.0137089
0.0137568
0.00873769
0.0148617
0.00965818
0.00975788
0.032575
0.032575
0.0727566
0.0234596
0.0190809
0.0140982
0.0407611
0.0217707
0.0173597
0.0315592
0.0311253
0.037075
0.0426231
0.0238048
0.00870141
0.037688
0.0357594
0.0268282
0.0192237
0.0272575
0.0165457
0.0227889
0.0715354
0.0133281
0.0373969
0.0179938
0.0149191
0.0157855
0.0339001
0.0161562
0.0214571
0.0283842
0.0221777
0.0212901
0.0241382
0.018696
0.0277865
0.0134061
0.0235869
0.0117249
0.0121005
0.0144083
0.0259325
0.0290475
0.0146715
0.0395246
0.0274328
0.01354
0.0244121
0.0341776
0.00742351
0.0235466
0.0181635
0.0241395
0.0146239
0.0163284
0.0212404
0.031283
0.0144664
0.0504034
0.0188007
0.0236141
0.0277685
0.0145764
0.01341
0.0226951
0.0133947
0.0208989
0.0179645
0.0220527
0.0133404
0.00881561
0.0211789
0.0175768
0.0195592
0.0187655
0.0192146
0.0135958
0.0164738
0.0149741
0.0228056
0.0234286
0.00862878
0.0524741
0.0190805
0.0342279
0.00724268
0.0156368
0.014945
0.0959871
0.0139717
0.0166495
0.0201558
0.0237475
0.0153719
0.013421
0.00596403
0.0255566
0.0167406
0.0115325
0.0120987
0.0140179
0.0110165
0.0198794
0.0159449
0.012715
0.0131177
0.0252058
0.023843
0.0157878
0.0256292
0.0262667
0.0170811
0.0177808
0.0332847
0.0141977
0.0236149
0.0105194
0.00769978
0.0107977
0.0204615
0.0160587
0.0123508
0.0169661
0.0162361
0.0150749
0.0211277
0.0241816
0.0171728
0.0152163
0.0250636
0.0234841
0.0155082
0.012246
0.0344649
0.0312662
0.0107475
0.024094
0.0126588
0.0391149
0.0282647
0.0200737
0.0157222
0.0102314
0.0667819
0.0602201
0.047438
0.0120046
0.0230977
0.0125687
0.0161247
0.0155667
0.0170653
0.0149219
0.00928227
0.0214657
0.0331744
0.0173788
0.0126719
0.0177237
0.0120916
0.0406869
0.034545
0.0146868
0.0219976
0.0240942
0.0108569
0.0134153
0.0308186
0.0139112
0.0115369
0.0286264
0.0363691
0.0161564
0.0194895
0.0214276
0.0225497
0.0439353
0.0255305
0.0218032
0.0140318
0.0351618
0.0223179
0.0159892
0.0154446
0.0233807
0.0159048
0.0122544
0.0281168
0.0400604
0.0207809
0.0191106
0.016817
0.0160001
0.0257473
0.0285252
0.0270031
0.0231045
0.0135581
0.040352
0.0143618
0.0333964
0.0181718
0.0153765
0.0166689
0.0176382
0.0221379
0.0247341
0.0191156
0.0266275
0.0419576
0.0162922
0.00993461
0.030466
0.0183879
0.022262
0.0135726
0.0180849
0.0267125
0.01522
0.0169152
0.0234731
0.0151961
0.0208616
0.0167403
0.0196464
0.00892476
0.0163658
0.01493
0.0256603
0.0163095
0.0444494
0.0240175
0.0268939
0.0273206
0.0061576
0.0141326
0.0240406
0.0214368
0.0229749
0.0154128
0.0200651
0.0146421
0.0123506
0.024994
0.0631085
0.0236304
0.0155977
0.0321402
0.0102372
0.0498232
0.0224257
0.0141899
0.0232771
0.0137597
0.0175601
0.0321177
0.0145705
0.0373989
0.0150707
0.014683
0.0179381
0.00907832
0.0149767
0.0175406
0.0361399
0.033056
0.0203807
0.0166837
0.0157028
0.0310871
0.00782366
0.0385726
0.0155653
0.0117937
0.0198246
0.0193752
0.0358805
0.0224819
0.0190838
0.0446377
0.0137046
0.0220929
0.0156302
0.021586
0.0201784
0.0114684
0.016576
0.0174611
0.0157485
0.0234971
0.0197885
0.010016
0.0214194
0.020792
0.0196261
0.0613257
0.0315615
0.0198931
0.011606
0.0249686
0.0327251
0.0224549
0.0268616
0.0288343
0.0199408
0.0122944
0.0271795
0.0272029
0.0181839
0.0133138
0.0256255
0.0246407
0.015983
0.014399
0.0185813
0.0167548
0.0207926
0.032122
0.0309454
0.0164913
0.0141959
0.015363
0.0387499
0.0273005
0.0125284
0.0229293
0.0232172
0.0169787
0.0164608
0.0161394
0.00177515
0.01078
0.0159436
0.0156231
0.0265433
0.0162674
0.0279312
0.0286233
0.0193476
0.0230989
0.0192159
0.0246687
0.017734
0.0353642
0.00964241
0.0208544
0.013821
0.014783
0.0369179
0.0206065
0.0294466
0.0136907
0.0253136
0.0170902
0.0120789
0.0216122
0.0143504
0.0220412
0.0327102
0.0132735
0.0350957
0.00871247
0.0313075
0.0208857
0.0231755
0.0182197
0.00892438
0.0153528
0.0252059
0.0159454
0.01308
0.0166156
0.00943689
0.0210006
0.0571692
0.0397445
0.0164093
0.0294964
0.0371943
0.0141069
0.0184346
0.0128903
0.0207841
0.0225483
0.0190417
0.0251265
0.0174803
0.0241396
0.0251445
0.0280903
0.0351045
0.0105165
0.0339832
0.0206185
0.0189632
0.0190695
0.0299985
0.047723
0.0187304
0.012312
0.0276637
0.0380454
0.0200966
0.0218308
0.0165762
0.0171084
0.0190022
0.0149143
0.0152798
0.0136662
0.0182962
0.0248832
0.0346559
0.0223346
0.0153423
0.0282132
0.0161737
0.019961
0.0119312
0.00704742
0.0311599
0.0180782
0.0315361
0.0125065
0.028138
0.0121079
0.0389576
0.0315941
0.0229149
0.0186489
0.0101217
0.0251093
0.0319989
0.0313092
0.0159103
0.0130595
0.0350814
0.00971683
0.0221407
0.0199069
0.0166731
0.0179504
0.0121598
0.0150304
0.0177839
0.0312694
0.0133098
0.0135484
0.0288849
0.0144776
0.0184586
0.0150857
0.0189555
0.0136114
0.014556
0.0268624
0.022096
0.0178482
0.0531425
0.0138744
0.0209648
0.0333545
0.0338483
0.0269429
0.0257882
0.0154323
0.019214
0.0178828
0.0256526
0.0234559
0.0351494
0.0177338
0.0184215
0.0177994
0.0204668
0.0187985
0.0180069
0.0211302
0.0459403
0.0242523
0.0198033
0.0156513
0.0203516
0.0364461
0.0158512
0.0281502
0.0291281
0.029822
0.0203272
0.0418808
0.010811
0.021524
0.0332218
0.0181995
0.0152557
0.0282571
0.0485616
0.0145041
0.0460182
0.0220479
0.0382889
0.0362392
0.00613238
0.0108043
0.0168313
0.0207279
0.0201149
0.0179014
0.0168264
0.0145619
0.0324521
0.00912839
0.0281487
0.0124803
0.0150404
0.0483446
0.0136532
0.0230392
0.0433224
0.012891
0.0240939
0.0345234
0.0426666
0.0128818
0.037392
0.030844
0.019338
0.0153494
0.0168754
0.0393579
0.0241818
0.0193386
0.0263237
