-0.101569
-0.155335
0.0197718
-0.0455234
-0.131621
-0.0602318
0.0340475
-0.0434112
0.0562343
-0.073595
-0.00985988
-0.170337
-0.0435929
-0.0954192
-0.0379956
0.00409334
-0.222838
0.0416831
0.0336634
-0.00762988
-0.270442
-0.115728
-0.106692
0.0115218
0.143798
-0.201169
-7.69274e-05
-0.0391006
-0.0854253
-0.176404
-0.0281745
0.0936663
-0.0711447
-0.0275435
0.0951211
-0.0231519
-0.135272
0.0141038
-0.0755459
-0.149531
-0.0272395
-0.182763
-0.107628
-0.0332422
-0.0154484
-0.0523325
-0.0660871
-0.0510129
0.0139713
-0.0961351
0.0832501
-0.0381133
-0.10412
-0.158293
-0.111065
0.115946
-0.175304
-0.1003
-0.150799
-0.175672
0.00661743
-0.0154257
0.0208704
-0.12517
-0.0489685
-0.0681872
-0.0881685
0.00612396
-0.0221883
0.0653849
-0.167295
0.0433674
-0.202986
-0.140452
-0.0927889
-0.13063
-0.0287081
0.0534194
0.0480417
-0.139035
-0.0377694
-0.0934773
0.0301123
0.0814284
-0.217686
0.0516947
-0.00415732
-0.0248269
-0.265916
-0.0314651
-0.0708167
-0.0974448
0.0131197
-0.0386786
-0.0423527
-0.129361
-0.158212
0.0458888
-0.124353
0.0502404
-0.0748586
-0.123606
-0.0132627
-0.0727478
0.2108
0.0187042
-0.0454885
-0.0259341
-0.147594
-0.00594788
-0.0679153
-0.0509449
-0.0976963
-0.161046
-0.0957827
-0.117589
0.0656698
-0.155112
-0.122341
-0.0860509
-0.035156
-0.118027
-0.0761747
-0.0190905
-0.101311
-0.0772942
-0.140807
-0.0614047
-0.00503273
-0.0274398
-0.0262607
0.0173423
-0.151638
-0.045791
-0.0730943
-0.0560307
-0.0953577
-0.0510844
-0.109576
-0.0680103
-0.0302194
-0.133117
-0.0784197
0.0033315
0.128169
0.274218
-0.0340074
-0.20837
-0.0711601
-0.1419
-0.139155
-0.0510093
0.00866478
-0.0225794
0.0136242
-0.0635549
-0.123248
-0.0836587
-0.16386
-0.0605988
0.0513637
0.0549404
0.0337952
-0.124286
-0.149235
-0.01658
0.000892821
-0.0552314
-0.15788
0.161015
-0.0910671
-0.0230461
0.0276374
-0.159283
-0.0358936
0.0204102
0.0151881
0.142029
-0.00997981
-0.148181
-0.041313
-0.0357023
-0.0281516
-0.0667572
-0.0636549
-0.0391083
0.0193187
-0.169114
-0.0910793
0.137921
0.0278347
-0.14335
-0.184005
-0.126184
0.175339
-0.228084
0.0781753
-0.0973062
0.0405796
0.162635
0.00578488
-0.104568
0.0923646
-0.0345267
-0.154603
-0.00477858
-0.0635732
0.113877
-0.0207309
-0.145855
-0.116172
0.00885779
-0.0509882
-0.00344935
-0.10242
-0.0570081
-0.133387
-0.0780964
-0.077724
0.0268436
-0.0394325
-0.1576
0.0255877
-0.183341
-0.0902657
-0.190633
0.0120103
-0.196075
-0.157268
-0.152912
-0.0697565
-6.3287e-05
0.0801321
-0.0329379
-0.0280267
0.0569158
-0.14267
-0.0921215
-0.120457
-0.00948468
-0.0157059
0.120529
0.00859837
-0.026254
-0.0313497
0.00505504
-0.0216985
-0.0923041
-0.045191
-0.0740781
-0.0275486
-0.157241
0.00267684
-0.170698
0.0652831
0.100697
-0.0168949
-0.211321
-0.0838234
-0.0367743
0.040773
-0.134486
-0.128266
-0.145598
-0.275445
-0.114197
-0.0372792
-0.0396475
-0.0712445
-0.183434
-0.135126
-0.158232
-0.157003
0.114318
-0.121315
-0.0264454
-0.00334487
-0.0151169
-0.0426387
-0.132167
0.0290028
-0.0280154
-0.0473314
0.0133643
-0.0648111
-0.248635
0.0424718
-0.0966655
-0.0235804
-0.0384387
-0.113711
-0.0323677
0.0829506
-0.0903112
0.0465345
-0.108041
-0.0414456
-0.0887522
0.0604094
-0.0741509
-0.0209124
0.0616867
0.023638
-0.114194
-0.167929
-0.0112285
0.0463515
-0.1394
-0.137488
-0.0720587
0.0508489
0.000872976
-0.0582749
0.0141213
-0.00474595
0.00170236
-0.0417353
-0.0692088
-0.0437316
-0.128614
-0.184359
-0.0839917
-0.0860543
0.102468
-0.0497031
-0.126507
-0.0979041
-0.00621886
0.00700447
-0.00268116
0.0174728
0.0637034
-0.150865
0.0265715
-0.087546
-0.0377674
-0.0073373
0.0741651
-0.0423473
-0.0444027
0.0819921
-0.0339674
0.0859742
0.0919381
0.0290053
-0.16351
0.0319173
-0.0731268
-0.0899484
-0.175586
0.000448618
-0.054631
-0.133512
-0.0268982
-0.0800405
-0.0388577
-0.00825595
-0.166777
-0.064899
-0.0690365
0.0119365
-0.0467919
-0.0758514
-0.0967427
-0.140737
-0.139327
0.0218953
-0.00964867
0.0852466
-0.00564409
-0.0426529
-0.0826369
-0.0895034
-0.190361
-0.22291
0.0193992
-0.0553135
-0.0591359
-0.0356562
-0.0371669
-0.195296
0.0744448
-0.0378495
-0.0345496
0.00937281
-0.143051
-0.224556
0.0200906
-0.044144
0.0110109
-0.22858
0.122213
-0.144939
-0.0618466
-0.142977
0.0637548
-0.0986061
-0.0387641
0.00506254
-0.149154
-0.107473
-0.0244393
-0.0533726
-0.144319
0.10664
-0.0587334
-0.10339
-0.0780537
-0.103992
-0.226831
-0.00800006
0.12545
0.0571737
-0.277191
-0.0144398
-0.0978099
-0.0726909
0.0548623
0.0696305
0.0728111
0.00634927
0.106651
0.00757949
-0.212383
0.138206
-0.164775
-0.0704018
-0.183053
-0.0343406
0.0177679
-0.0591756
-0.0507316
-0.125028
-0.0579679
-0.0613611
-0.0588224
-0.208297
-0.163744
-0.0426853
-0.166619
0.043004
-0.141495
0.157284
-0.184559
-0.151601
-0.0969219
-0.0272187
0.0101655
-0.113154
0.00477628
-0.0155159
-0.00878298
-0.10021
-0.127476
-0.140663
-0.0743893
-0.00236888
0.0413675
-0.170802
0.071268
-0.0805267
0.00957465
-0.0164734
-0.254831
-0.116564
-0.0549799
0.000772239
-0.0010562
-0.128236
-0.0582093
-0.0879457
-0.0396136
-0.0650722
-0.236569
-0.0470579
-0.0306557
-0.0389336
-0.168906
-0.0905871
-0.102764
-0.0288751
-0.092443
0.0428554
-0.0569043
-0.143798
-0.0567601
0.00932316
0.0212363
0.136221
0.0322301
-0.0843889
0.0378813
-0.0529536
-0.168318
-0.185549
-0.0555331
-0.0751112
-0.0185929
-0.197479
-0.13261
-0.0598389
-0.182351
-0.0913622
-0.0370976
0.0153467
-0.0719699
-0.154418
-0.0933009
-0.0152064
0.0022017
-0.0061274
0.0928678
0.107228
0.102964
0.00126187
-0.125712
-0.0240059
-0.118002
-0.0150011
-0.152536
0.0254754
-0.126627
-0.10981
-0.0769981
0.0868405
-0.0031616
0.00638056
-0.0806583
-0.0729654
-0.0544181
0.00316452
-0.060787
-0.11453
0.014024
-0.0867258
-0.18771
-0.0910995
0.000479046
-0.145659
0.00717582
0.040741
-0.00718844
-0.0838469
-0.0471287
0.0345053
0.108686
-0.153627
-0.114018
-0.0750789
-0.150916
-0.171166
-0.122634
-0.223633
0.0188586
-0.0243436
0.193806
-0.0227484
-0.143368
-0.137898
0.0467637
-0.0407563
0.0183248
-0.153842
-0.0802147
0.00176225
-0.0668637
-0.27102
-0.0357774
0.0635547
0.0733085
-0.0196305
-0.00876801
0.0190822
0.0239945
-0.0740082
0.0517269
-0.0335968
-0.0186918
-0.0223076
0.20802
-0.0223933
0.080618
-0.0560028
0.0499268
0.0375154
-0.023185
0.0815603
0.118587
0.0103644
-0.0696002
0.0443903
0.0143624
0.0440621
-0.0481558
0.00312311
-0.137717
-0.0442158
-0.0426354
0.0117464
-0.155855
-0.0432962
-0.127286
-0.13691
-0.0457841
0.0135599
0.113662
-0.198887
0.0681899
0.00563573
-0.0289118
-0.100483
-0.122292
-0.0407264
-0.104711
-0.0753425
-0.028257
-0.0847083
0.0244076
-0.187764
-0.0127443
-0.232469
-0.196323
0.000282396
0.0751814
-0.00362101
0.056837
-0.0413274
-0.0264348
0.0803668
0.316256
-0.0271836
-0.145983
-0.0541698
-0.0475615
-0.299185
0.342003
-0.0344465
0.00892545
0.0931069
0.0675531
0.0261122
-0.0171381
-0.0376462
0.00898376
-0.0466851
-0.0463363
-0.127477
0.117654
-0.0684795
0.0522881
-0.118
-0.193005
-0.201317
0.0127796
-0.153959
-0.125696
-0.0784499
-0.0783543
-0.0799594
-0.10902
-0.114379
-0.010332
-0.21168
-0.184701
-0.0546407
0.0126761
-0.0873451
-0.0373318
-0.133135
0.0460629
-0.140132
-0.0917257
-0.0426334
-0.117236
-0.0183048
-0.107378
-0.1604
-0.040021
0.0641765
-0.165497
-0.108737
-0.187899
-0.0925092
0.0640027
-0.101325
-0.114852
0.0772748
-0.230336
-0.0700738
-0.233246
-0.129378
0.071252
-0.0715055
-0.12013
-0.109493
0.0918573
-0.126974
-0.0365107
-0.0370521
0.0837573
0.00444489
-0.00923914
-0.00798571
-0.156976
-0.142367
-0.0414344
0.0347826
-0.0969594
0.00538816
0.0413301
-0.0205144
-0.114861
-0.103565
-0.135654
-0.163187
-0.102185
-0.0779225
0.135973
-0.0800336
-0.073589
0.014614
-0.0844883
-0.131702
-0.187676
-0.0438702
-0.0852138
-0.00927487
-0.1485
-0.108213
-0.0616184
-0.142207
-0.0772825
0.13909
-0.00845014
-0.197731
-0.225586
-0.1833
-0.00374327
-0.0593417
-0.0867761
0.0628957
-0.113435
-0.0720222
-0.0677202
-0.101551
-0.0415006
-0.198376
-0.07022
0.00643578
-0.0113275
0.013967
-0.241726
-0.0928426
-0.00226519
-0.124227
-0.186843
-0.0517966
-0.118835
-0.14084
-0.0185194
-0.170563
-0.00478004
-0.0922857
-0.100698
-0.0670858
-0.0136425
-0.129502
-0.133539
-0.128734
-0.179206
-0.0861872
-0.000328108
-0.089617
-0.0148647
-0.00586152
-0.0885154
0.0155857
-0.119403
-0.0264284
-0.0109352
0.118071
-0.268693
0.0481343
-0.0113432
-0.0397213
0.043014
-0.113606
-0.0400992
0.0159956
0.0420894
0.131376
0.135963
0.00990637
-0.258553
0.168624
-0.07287
0.00656708
-0.0590282
-0.00436075
-0.0706426
0.0487938
-0.2321
0.0271062
-0.140903
-0.0550741
-0.193113
-0.190193
-0.128041
0.0575004
-0.133537
-0.0539396
0.0126449
-0.00748982
0.0433345
-0.00207062
-0.109722
-0.106945
-0.0413948
-0.0678651
0.0973814
-0.178466
-0.00228862
-0.0471573
-0.0154938
-0.149268
-0.0994126
-0.0834431
-0.111676
-0.0132122
-0.226632
0.00341577
-0.0475035
-0.053605
-0.00915961
0.0252029
0.0367973
-0.0350464
-0.0262462
-0.0247237
0.062682
0.00590298
0.102448
0.0112466
-0.190476
-0.0268785
0.0141385
-0.0742246
0.0347221
0.0433132
-0.199682
-0.0632903
-0.13225
0.0304388
-0.04601
-0.0983652
-0.0279254
0.0710021
0.0406396
-0.104712
0.113777
0.0208157
0.0768608
-0.105204
-0.0513524
-0.142587
-0.106671
-0.114973
-0.0740175
-0.00312027
-0.113064
-0.0456427
-0.0275374
0.0092551
-0.0648563
-0.108943
-0.174913
-0.0192461
0.0183667
-0.0217305
-0.0797877
-0.0204171
0.0447035
-0.0701826
-0.0894245
-0.207147
-0.0955899
-0.0573265
-0.0821642
-0.0848406
0.00465221
-0.0430361
0.025463
-0.0765085
-0.0487831
0.00961365
0.15432
-0.0976166
0.00905321
0.182028
0.0770307
-0.0737046
0.0325534
-0.156696
-0.0229716
0.0171836
0.00509076
-0.0876632
-0.113542
0.0607485
0.0295941
0.0388739
-0.141554
-0.0196475
-0.0829345
0.0338799
-0.00750808
-0.0203443
0.00484489
-0.148147
-0.0443635
-0.0768839
-0.000493114
-0.131356
-0.101932
-0.238248
0.0484925
-0.148064
-0.173573
-0.11719
-0.015388
-0.0798611
-0.0180449
-0.0940733
-0.0617044
-0.163486
0.0243346
-0.0817212
-0.202154
0.0344864
-0.0245458
-0.0353943
0.141522
-0.158225
0.0605072
-0.0600872
0.00818356
-0.0855609
-0.110539
-0.0670625
-0.181374
-0.0855152
0.141128
-0.27128
0.13938
0.0544009
-0.24126
-0.0069827
-0.070719
-0.0924288
-0.105831
-0.105189
-0.0063348
0.0247236
-0.0363487
-0.0147079
-0.17195
-0.00334467
-0.156947
0.0155958
-0.235907
-0.00888835
0.0322917
-0.0795175
-0.0731845
0.0757224
-0.0570189
0.171446
-0.177969
0.0406807
0.0135796
-0.015271
-0.0471842
0.0104038
-0.0719471
-0.0554425
-0.150615
-0.1275
-0.124845
-0.128474
-0.134027
-0.10336
-0.0468551
-0.216468
-0.0205614
-0.180724
-0.0803418
-0.219611
-0.0875589
-0.0218754
-0.123082
0.000180633
0.0192546
0.114442
-0.0792323
0.0693419
-0.104906
-0.301052
-0.0733117
-0.12355
-0.142007
0.0681624
-0.127904
-0.167035
-0.0272375
-0.0589727
-0.0960317
-0.229312
0.0911161
-0.055833
-0.13895
-0.156163
-0.046163
-0.0675608
-0.186535
