-0.382437
0.286026
-0.512936
-0.444203
-0.304628
-0.00399771
-0.0955532
0.120433
0.140992
-0.0143987
-0.36142
-0.429375
0.344032
-0.328948
-0.0498969
0.909249
0.082089
-0.21665
-0.0228518
-0.17619
-0.604331
-0.142616
-0.115485
-0.275365
-0.347661
-0.201594
-0.631618
-0.352562
-0.702701
-0.535181
-0.266779
-0.662841
-0.148068
-0.68725
-0.252505
-0.125644
-0.639146
-0.105189
-0.430883
-0.478068
0.399284
-0.307013
-0.553639
0.0547031
-0.454161
-0.383137
-0.333577
-0.317439
0.129276
-0.262557
-0.403238
-0.313424
-0.459485
-0.234321
-0.510181
-0.2087
0.00270862
-0.20291
-0.249953
-0.663317
0.111029
-0.221047
-0.277455
-0.321537
-0.48518
0.415626
-0.414708
-0.241009
-0.256587
-0.217193
-0.456117
-0.0816788
-0.401119
-0.118467
0.129273
-0.520676
-0.36574
-0.23947
0.202165
-0.105363
-0.140826
0.0345274
-0.136618
-0.261339
-0.411164
0.114385
-0.544463
-0.14532
-0.256872
0.0111161
-0.162213
-0.428812
-0.214734
-0.35709
-0.226402
-0.0231955
-0.334894
-0.0693464
-0.401299
-0.0731421
-0.0852636
-0.402602
-0.290309
-0.354547
-0.43005
-0.0518924
-0.344076
-0.574229
-0.433359
-0.147167
-0.0626976
-0.957153
-0.145258
-0.180477
-0.361196
-0.522518
-0.172638
0.136281
-0.283316
-0.401278
-0.199066
-0.286251
0.211873
-0.488204
0.015082
-0.408449
-0.467106
-0.32249
-0.464028
-0.0821221
-0.255841
-0.387385
-0.647106
-0.0704254
-0.284744
-0.137231
-0.656331
0.0340116
-0.151451
-0.133425
-0.102943
-0.15061
-0.153323
-0.204135
-0.24134
0.169559
-0.0118255
-0.17301
-0.236941
0.279466
-0.41016
-0.25562
-0.20565
-0.274379
-0.424302
-0.101804
-0.371474
-0.437631
-0.29579
-0.166855
-0.0756855
-0.0909089
0.0142676
0.116806
0.360863
0.207015
-0.405246
0.234293
-0.607426
-0.317864
0.0346066
0.137821
-0.312892
-0.493485
-0.263627
-0.303433
-0.364187
-0.588628
-0.392002
0.0101278
-0.272105
-0.219807
-0.204926
-0.147894
-0.187033
-0.454843
-0.0616903
-0.384064
-0.219883
0.247121
-0.414636
-0.46915
-0.461273
-0.329191
-0.469674
-0.77283
-0.0674176
-0.421751
-0.361638
-0.732293
-0.104528
-0.271342
-0.139049
-0.544715
-0.117223
-0.580768
-0.41015
-0.286377
-0.0334934
-0.21379
-0.301473
-0.226646
-0.207549
-0.0405157
-0.354706
-0.0930661
-0.495029
-0.203336
-0.554045
-0.440678
-0.0306856
-0.356521
-0.0409691
-0.17441
-0.362722
-0.100187
-0.31126
-0.0930439
-0.210487
-0.343229
-0.128063
0.0243802
-0.435611
-0.37793
-0.275403
-0.398159
-0.534417
-0.384365
-0.369136
-0.339829
-0.229522
-0.394636
-0.197198
-0.110239
0.139415
-0.305956
-0.256348
-0.43777
-0.0257767
-0.398691
-0.196737
-0.0195181
-0.265792
-0.27494
-0.258843
-0.366884
