0.0237943
0.0207412
0.0101218
0.0199408
0.0219805
0.0121495
0.00124591
0.0235599
0.0253666
0.0331732
0.0214985
0.033031
0.0107119
0.0257353
0.0151384
0.0117752
0.0150941
0.0192057
0.0194278
0.0204264
0.0410311
0.0178196
0.0102172
0.0208919
0.00385951
0.0290767
0.0114169
0.00728201
0.0252889
0.011892
0.0216915
0.0261042
0.00823945
0.00865585
0.106554
0.0129168
0.0105678
0.0209723
0.0113634
0.0200772
0.0121799
0.022308
0.0454873
0.0175906
0.0211214
0.0298346
0.0303228
0.0214306
0.00633242
0.0224942
0.015887
0.0204145
0.0108388
0.0123813
0.017175
0.0352988
0.025022
0.0191857
0.0177363
0.0278324
0.0219219
0.0115502
0.0285269
0.0107954
0.00885718
0.0228938
0.0292398
0.0169839
0.0257571
0.0240686
0.0121517
0.02003
0.00787318
0.0213191
0.0249225
0.0182828
0.0224776
0.0118392
0.0100738
0.0180152
0.0205243
0.0161494
0.0260491
0.00231394
0.0384848
0.0227143
0.0217038
0.0114676
0.00695809
0.0285272
0.0145021
0.0111201
0.0220784
0.0258651
0.0133232
0.0288383
0.0161861
0.0375941
0.0269895
0.0288179
0.0349682
0.0122308
0.0185748
0.00469896
0.0118789
0.0411381
0.013945
0.0191951
0.0178858
0.0374362
0.0431355
0.0130676
0.0357384
0.018519
0.0422767
0.0165262
0.0155409
0.0112495
0.0212435
0.041784
0.024048
0.0315064
0.0163588
0.0412372
0.0209869
0.0260308
0.0188496
0.0330795
0.0242015
0.0166664
0.0248534
0.0120376
0.0343333
0.0194603
0.0160205
0.000930537
0.0253536
0.0373562
0.0107993
0.0108004
0.0227392
0.0121996
0.0196762
0.0228201
0.0214396
0.0150853
0.0214059
0.0264093
0.0331408
0.0302635
0.0341949
0.0210868
0.0135009
0.0256119
0.0148047
0.0182799
0.0353566
0.0213461
0.0315174
0.0143109
0.0158635
0.0411685
0.0216319
0.0354118
0.0220497
0.0105354
0.0282746
0.0446448
0.00940676
0.016799
0.0102726
0.0154219
0.0132393
0.0215633
0.0239057
0.0218685
0.00946722
0.0150506
0.0258271
0.0288143
0.0211947
0.0134854
0.00969946
0.00642718
0.0376828
0.0112287
0.00238044
0.0202105
0.026251
0.00679155
0.0153756
0.033856
0.0549042
0.0189055
0.0285131
0.0117813
0.0142486
0.016603
0.00508921
0.0274882
0.022534
0.0396358
0.0180859
0.0175941
0.0186117
0.00998789
0.0198232
0.0089164
0.0249187
0.0414604
0.0239023
0.0187193
0.023195
0.0183278
0.0223279
0.0192989
0.0322328
0.0441572
0.0129582
0.0258879
0.0135545
0.0154707
0.0317051
0.010167
0.0212755
0.0179598
0.0025739
0.0512165
0.0201496
0.0104976
0.0185769
0.0271257
8.51374e-05
0.0237066
0.0233241
0.0237182
0.027479
0.0119809
0.0159751
0.0227283
0.0137153
0.0365554
0.0178571
0.0237046
0.0232584
0.0339022
0.0366824
0.0215281
0.0252544
0.0130687
0.0178356
0.0196068
0.0250938
0.0147759
0.0384944
0.00510849
0.0369489
0.0232759
0.0149718
0.0214595
0.0229074
0.027701
0.0213533
0.00731657
0.0142692
0.017334
0.0250984
0.0303231
0.0423779
0.0137287
0.0166159
0.0159981
0.0412712
0.00486479
0.0258189
0.0119534
0.0247535
0.0108845
0.0334193
0.0238252
0.00317173
0.00380204
0.0137634
0.0246322
0.0133686
0.0203794
0.0107689
0.0111624
0.02452
0.024548
0.0177586
0.0184801
0.0115736
0.0228607
0.0261558
0.0321052
0.0245174
0.0186299
0.026365
0.0173157
0.0395269
0.0270916
0.0348159
0.00952529
0.0170112
0.010948
0.0192326
0.0133815
0.0189781
0.0124655
0.0258084
0.0124829
0.0238913
0.0257744
0.00630436
0.0056188
0.0434812
0.0169342
0.0167293
0.0103518
0.0125163
0.0144737
0.0197776
0.0281488
0.0305709
0.0106795
0.0196001
0.0161238
0.00982275
0.00354664
0.012492
0.0257148
0.0270343
0.0313451
0.0251958
0.00706541
0.0172287
0.022254
0.0151341
0.0492369
0.0100923
0.00912997
0.00358614
0.0283107
0.0258306
0.0216864
0.0171853
0.0237013
0.0234532
0.0503168
0.0248963
0.0228856
0.0118371
0.0204129
0.0208759
0.0501724
0.0162767
0.0109292
0.0358372
0.00803411
0.0614127
0.0307255
0.0280471
0.0196723
0.0087107
0.00298152
0.0155978
0.0395031
0.0118467
0.0265138
0.0270435
0.0572444
0.0340426
0.0326094
0.0349159
0.0100714
0.0289821
0.02414
0.0263614
0.0212026
0.0151139
0.0146964
0.0327025
0.02421
0.0154557
0.0238045
0.0140236
0.0230076
0.00779636
0.0190059
0.0173839
0.000111194
0.0134559
0.016514
0.0218223
0.0126293
0.0338294
0.0132211
0.0144854
0.0162006
0.0448153
0.0140998
0.00618959
0.024988
0.0284148
0.0117266
0.00721258
0.0254643
0.0204183
0.0157346
0.0236411
0.0230275
0.0117458
0.0199689
0.0125678
0.0274422
0.0215419
0.00588206
0.018273
0.0389889
0.00575673
0.0150712
0.00144527
0.0387421
0.013466
0.0494981
0.0256329
0.0106618
0.0193586
0.0142802
0.035027
0.0327744
0.0177703
0.0216515
0.0357273
0.027658
0.0572802
0.0186513
0.0457256
0.0260577
0.0209489
0.0128393
0.0208061
0.0100771
0.0278283
0.034374
0.0215238
0.0276919
0.0311761
0.0400751
0.0139464
0.0158762
0.0209386
0.0166725
0.0333782
0.0221841
0.0132432
0.0444669
0.0043943
0.00147087
0.0155278
0.0171724
0.0165354
0.0189984
0.0190223
0.0166623
0.0121888
0.00410926
0.0180698
0.028126
0.0270448
0.0105866
0.0111403
0.0332396
0.00286918
0.0106718
0.00939695
0.041674
0.0051256
0.0175936
0.0184794
0.0282092
0.0190021
0.0194889
0.0286603
0.0266689
0.0133466
0.0262422
0.0190538
0.0174906
0.0192409
0.0295205
0.00176007
0.0359901
0.019009
0.0181277
0.00428541
0.00865226
0.0415539
0.0273592
0.0244664
0.0204716
0.0304254
0.0173057
0.0333488
0.00707184
0.0122771
0.0172788
0.0361745
0.0233501
0.0177719
0.0202845
0.0234486
0.0275388
0.0931817
0.0163585
0.0053309
0.0313913
0.026241
0.0237804
0.0512664
0.0243664
0.0267326
0.0211433
0.00700485
0.0243354
0.0248263
0.024896
0.0181428
0.0121786
0.00988272
0.0325901
0.0340957
0.00949693
0.0231567
0.0142836
0.0313008
0.0213395
0.0262935
0.0246974
0.0129029
0.0187289
0.0177495
0.0248497
0.0064658
0.0336489
0.0283261
0.0182191
0.0131466
0.029982
0.0098981
0.030531
0.00793619
0.0342319
0.0217974
0.0125704
0.0245452
0.0283932
0.0132492
0.0254904
0.0477979
0.00973399
0.044083
0.0106781
0.0242285
0.00671004
0.0129992
0.0167857
0.0252344
0.0281156
0.0195724
0.0217477
0.0278017
0.016139
0.0138835
0.0402523
0.0172679
0.0151895
0.0106771
0.00273841
0.0123822
0.00177442
0.00874225
0.0136725
0.0172633
0.00725438
0.0186868
0.0118097
0.0194825
0.0289649
0.009162
0.0160973
0.00838773
0.028482
0.0347558
0.024922
0.0228328
0.0150455
0.0258603
0.0192405
0.0267294
0.0190668
0.0160506
0.0280855
0.0182415
0.00513345
0.0168764
0.0115954
0.00480531
0.0254388
0.00769681
0.0209602
0.00507204
0.00422697
0.0368401
0.0139146
0.0381764
0.0102327
0.00831138
0.0148886
0.0286796
0.0419687
0.0160113
0.0426898
0.0101182
0.0126117
0.0183487
0.0230725
0.0188715
0.0594652
0.0262751
0.0336152
0.0170732
0.0146247
0.0539781
0.0464655
0.0351646
0.0268438
0.0141463
0.0380999
0.0236041
0.00612931
0.0225716
0.00886
0.0131735
0.0166595
0.0218481
0.0166063
0.0093548
0.00385682
0.0231544
0.0444677
0.0191556
0.0266704
0.0183549
0.0190159
0.0148534
0.00858871
0.0116623
0.0136767
0.0271182
0.0171361
0.0160993
0.0244074
0.0228599
0.0321994
0.0193891
0.0228397
0.0139869
0.0208099
0.0188115
0.0224683
0.0497578
0.028933
0.0230267
0.0338611
0.0150237
0.0100187
0.02526
0.0247283
0.0176383
0.0146575
0.0141822
0.0208064
0.037751
0.0145744
0.00153095
0.0170125
0.0307916
0.0457137
0.0220108
0.0215062
0.0159257
0.0231562
0.010264
0.0439602
0.0511038
0.0241546
0.0340981
0.0130118
0.0253406
0.0149336
0.0282343
0.0278871
0.0270881
0.0272894
0.0185853
0.0156474
0.0300382
0.0257808
0.0280768
0.00961452
0.00949121
0.0217871
0.020362
0.0163293
0.033609
0.0137887
0.0294777
0.0224337
0.0149519
0.0288443
0.017758
0.0183088
0.0467517
0.00727754
0.00368005
0.00713648
0.0327449
0.0292268
0.00744471
0.0187629
0.00798499
0.00919328
0.0296008
0.0371018
0.028778
0.0197809
0.0228128
0.00271841
0.061349
0.0198677
0.0173019
0.0293124
0.0114006
0.0157738
0.0142834
0.0274134
0.0210406
0.0160289
0.0213075
0.0133089
0.0136358
0.0149933
0.0182273
0.0313511
0.0412642
0.0249354
0.0261984
0.0254876
0.0252788
0.00917832
0.0154731
0.0166834
0.0208341
0.0186187
0.0288632
0.0393033
0.0206478
0.0139026
0.0249299
0.0167365
0.0272642
0.0298102
0.0241381
0.0224965
0.0251586
0.0110482
0.0179417
0.0203924
0.0192686
0.0255786
0.0237461
0.0103837
0.0182244
0.0397116
0.0690364
0.0164072
0.0243634
0.0293238
0.0250731
0.0206056
0.0123695
0.00556441
0.023255
0.0171431
0.0185322
0.00854688
0.0176618
0.0209669
0.00942359
0.0195006
0.00603279
0.0219416
0.0342929
0.0265931
0.0276023
0.0170967
0.00653397
0.025403
0.01102
0.0170276
0.0229545
0.0303029
0.0252352
0.0440285
0.0267244
0.0288668
0.0237092
0.0217574
0.0100072
0.00191846
0.0356843
0.0214644
0.0366523
0.0171676
0.0362999
0.0466057
0.0201331
0.0122236
0.0220218
0.0307712
0.0227094
0.00848925
0.0263208
0.027315
0.0100335
0.0178336
0.0358294
0.00924054
0.0183535
0.0172094
0.0205749
0.0337902
0.0254106
0.0112257
0.0308023
0.033401
0.00636973
0.0190374
0.00945881
0.0195996
0.0187047
0.031009
0.0177582
0.0161125
0.0253996
0.0316106
0.00824579
0.0429442
0.0247728
0.00519537
0.0247621
0.0268281
0.0177335
0.0396946
0.00492251
0.0186969
0.0185161
0.0294272
0.0236317
0.0186082
0.029286
0.0217897
0.0213857
0.02179
0.0415056
0.035489
0.017143
0.00754061
0.0176132
0.0236515
0.00730049
0.00764218
0.0284655
0.0238186
0.0271971
0.0337528
0.0317616
0.00980126
0.0345577
0.0185299
0.0305836
0.0368209
0.0281922
0.0134964
0.00667651
0.0267325
0.012506
0.0140064
0.0184891
0.0054687
0.0399089
0.0351625
0.0139833
0.0268554
0.0279229
0.0228095
0.0134534
0.00709345
0.0104024
0.0152228
0.0182767
0.0316745
0.0209054
0.00901413
0.0475385
0.0282798
0.0201653
0.0508966
0.0223713
0.0540459
0.0155082
0.00556565
0.0412531
0.010932
0.00900233
0.00965329
0.00915813
0.0227387
0.0260873
0.0218768
0.0314708
0.00427338
0.0146471
0.0209211
0.0283082
0.0282411
0.00321604
0.0320464
0.0181025
0.00445047
0.0429308
0.0122728
0.0107375
0.0262828
0.0113124
0.0354731
0.0237196
0.0295123
0.0215991
0.0279444
0.0367069
0.0348384
0.0306139
0.00709737
0.0107409
0.0172278
0.0273164
0.0149378
0.047248
0.0169227
0.00522224
0.0254868
0.0106825
0.0208044
0.0101735
0.0225091
0.00681806
0.0219264
0.0272925
0.00947902
0.0282254
0.0263469
0.0283777
0.0284377
0.0235543
0.0215226
0.0204566
0.0179796
0.01232
0.0222623
0.0380993
0.0179577
0.0230408
0.0826173
0.0175591
0.0151837
0.0141382
0.0420656
0.0220206
0.0343185
0.0220759
0.000344416
0.0156549
0.0260972
0.0315157
0.024873
0.0371589
0.028362
0.0168217
0.0353932
0.0056894
0.0164708
0.0236915
0.0353752
0.0380726
0.0275254
0.0268882
0.0237746
0.0151306
0.0351766
0.0230193
0.022771
0.0211079
0.0265774
0.0225259
0.0167666
0.021799
0.0121748
0.022496
0.0285277
0.0225159
0.0224031
