0.900731
0.927685
1.41242
0.46272
0.502786
0.41395
0.860935
0.944854
0.805303
0.570453
0.941904
0.772978
0.652149
0.448931
0.738516
0.468383
1.02902
0.796667
0.559773
0.647015
0.800336
0.577203
0.448418
0.53052
0.662897
0.639732
0.79903
0.632803
0.91824
1.50828
0.948587
0.909897
1.19453
1.33743
0.946481
0.633986
1.2008
0.419664
1.07416
0.5187
0.676392
1.19207
0.441961
0.787019
0.363423
0.997791
0.398237
0.853029
0.600531
0.45978
0.631855
0.616917
1.19803
0.36075
0.499249
0.779477
0.493732
0.447667
0.449197
0.646019
0.57055
0.873619
0.59992
0.481907
0.551977
1.01923
0.705674
0.449781
1.07834
0.651311
1.17376
0.506473
1.23652
1.06526
0.990537
0.60976
0.596972
0.686638
1.06086
0.373687
0.490684
0.317239
1.5652
0.659827
0.474026
0.748496
0.555226
0.408156
0.469748
0.483803
0.545644
0.48542
0.520335
0.40818
0.626062
0.763147
0.550224
0.539816
1.06328
0.995733
0.642414
0.898195
0.545302
0.670233
1.16886
0.49593
0.773248
0.622947
0.385337
1.12956
0.795604
0.584824
0.538685
0.63294
0.728632
0.646603
0.514141
0.53404
0.408489
0.369992
0.48462
0.674681
1.25742
0.490914
0.644738
0.847512
0.623395
0.52325
1.13453
0.574122
0.708884
1.02336
0.562367
0.782982
0.833628
0.388976
1.03222
0.735388
0.536558
1.18405
0.471877
0.43305
1.10977
0.78355
1.43514
2.75554
0.870097
0.495721
1.12719
0.77951
0.657217
1.11347
0.537875
0.816041
0.775973
0.858883
0.971585
0.585265
1.13798
0.900116
0.702984
0.765246
0.472943
0.617391
0.348621
0.661615
0.777283
0.713071
0.401003
0.730494
0.64163
1.14928
1.10189
0.717393
0.457376
0.709313
0.762379
0.663499
0.549153
0.69545
0.751675
0.482213
0.999749
0.472837
0.531658
0.766653
0.618045
0.769518
0.619643
0.544319
0.826628
0.525531
0.886789
1.2135
0.56602
0.989138
1.55931
1.03786
0.685431
0.762397
0.725655
0.677232
0.925435
0.660739
0.74828
0.486922
1.40361
0.470266
0.661505
0.621722
0.692427
0.904876
0.92463
0.603441
0.569418
1.426
0.765114
0.507496
0.489453
0.472688
0.603761
0.404721
0.765127
0.738218
0.884052
1.17039
0.671464
0.913588
1.11427
0.98245
0.534838
1.32109
0.773885
0.553594
0.715925
0.51726
0.531851
0.911233
1.40791
0.356936
0.688446
0.864762
0.439948
0.953004
0.543742
0.644787
0.880807
0.811497
0.905967
0.437284
0.778983
0.81503
0.555403
0.683357
1.03714
1.01189
