-0.136711
-0.306982
-0.239162
-0.230652
-0.146391
-0.222569
-0.460918
0.351462
-0.085994
-0.358864
0.0391894
-0.462168
-0.1982
0.215032
0.0358394
0.258033
-0.323026
-0.466381
-0.427888
0.0874786
-0.472306
0.0711733
-0.461192
-0.213383
0.0920097
-0.133496
-0.279345
-0.344199
0.294375
-0.100132
-0.377414
-0.294054
-0.47046
-0.314599
-0.204358
-0.653944
-0.266413
-0.0443866
-0.590784
-0.63788
-0.319525
-0.152297
-0.161994
-0.338099
0.124852
-0.218801
-0.604261
-0.279996
-0.354047
-0.536457
-0.237658
0.055986
-0.0545775
-0.285412
-0.0101169
-0.318757
-0.342479
-0.305626
-0.361743
-0.506513
-0.320161
-0.236639
-0.469637
-0.15662
-0.31312
-0.473891
-0.635559
0.0323161
-0.42552
-0.288765
-0.235352
-0.425238
-0.119151
-0.350208
-0.363016
-0.27168
-0.497299
-0.448265
-0.139094
-0.359841
0.310544
-0.455255
-0.426837
-0.468741
-0.733351
-0.406178
-0.533259
-0.118111
-0.346913
-0.404153
0.0674399
-0.258236
-0.498976
-0.481464
-0.28035
-0.485568
0.0206956
-0.503101
-0.256851
0.189088
-0.229782
-0.00712341
-0.126774
0.675471
-0.288141
-1.1186
-0.278785
-0.0935672
-0.470607
-0.107708
0.518573
-0.294568
-0.164796
-0.415517
-0.446001
-0.365894
-0.326815
-0.050053
-0.322862
-0.190128
-0.505467
-0.00341267
-0.290501
-0.268014
-0.449041
-0.275132
-0.492702
-0.318343
-0.30491
-0.293793
-0.101864
-0.361792
-0.358427
-0.518931
-0.0390191
0.237647
-0.137305
-0.376528
-0.55416
-0.279338
-0.334196
-0.446159
-0.0832529
-0.0395787
-0.154439
0.510607
-0.169574
-0.475786
-0.343035
-0.636511
-0.338216
0.342612
-0.427802
-0.11185
0.804026
-0.241799
-0.34644
-0.36566
-0.558275
-0.482379
-0.359127
-0.0587509
-0.386381
-0.411077
0.257146
-0.28325
-0.244202
0.0117943
-0.000865526
-0.239689
-0.250182
-0.290731
-0.21753
0.938405
-0.270484
-0.377448
0.0547274
0.165302
-0.377572
-0.330007
-0.398879
-0.465743
-0.0631546
0.0239842
-0.284712
0.555022
-0.330921
-0.254065
-0.104366
-0.295272
-0.255769
-0.119379
-0.55817
-0.0561474
0.210284
-0.737009
-0.499762
-0.391783
-0.585598
-0.147163
-0.252965
0.121024
1.06549
0.0922667
-0.426495
-0.352567
-0.46938
-0.194018
0.134234
0.0470037
-0.072973
-0.579087
-0.23211
0.037277
0.175575
0.207295
-0.156555
-0.297037
-0.123174
-0.250218
-0.227763
-0.341906
0.150748
-0.368289
-0.114723
-0.224788
-0.499573
-0.291836
-0.119061
-0.532521
0.216809
-0.12211
-0.201722
0.12495
-0.00217501
-0.164639
-0.20892
-0.0976885
-0.0168038
-0.127563
0.0705366
-0.294076
-0.371679
-0.320064
-0.116052
-0.256101
-0.430165
-0.173912
-0.336718
-0.341206
-0.633349
-0.0969679
-0.230408
-0.563121
-0.192516
-0.367188
