0.0892269
-0.906343
-0.201092
-0.457971
-0.132374
-0.713283
-0.380366
-0.882279
-1.08544
-0.130031
-0.496295
-0.486565
0.306298
0.0190482
0.00217479
-0.00765653
-1.71279
-0.480202
-0.373396
-0.745988
-0.460624
-0.799517
-0.619604
0.0571378
-0.407843
-0.335123
-0.790216
-0.773243
-0.539342
0.297762
-1.30701
-0.0931896
-0.873353
0.234236
-1.31463
-0.586544
-1.06429
0.302819
-0.983023
-0.868676
-0.61476
-1.90745
-0.237983
-0.142787
-0.221341
-1.12337
0.00791352
-0.137758
-0.591145
-0.254169
-0.44951
-0.437004
-0.593035
-0.229606
-0.603278
-0.46254
-0.208924
0.0813517
-0.53726
-0.283844
-0.348278
-0.112387
-0.708987
-0.331095
-0.644049
-0.0779474
-0.339221
-0.0121843
-1.42452
-0.300929
0.783468
-0.977592
-0.303814
0.021536
0.637753
-1.21833
0.117416
0.054408
0.0435044
-0.912985
-0.308009
-0.0999025
-0.49642
-0.449685
-0.359441
-0.39669
-0.786828
0.175924
0.064824
0.475113
-0.251352
-0.426831
0.122568
-0.354138
-0.265431
-0.293048
-0.143524
-0.35934
-1.69221
-0.881806
0.396474
-0.522534
-1.03902
0.0607495
-1.16785
-0.227864
-0.100258
-0.76555
0.219219
-0.939719
0.0559112
0.132063
-0.366248
-0.389653
-0.491984
-1.06988
0.109471
-0.421857
-0.246162
-0.661726
-0.117121
-0.248808
-1.60182
-0.176881
-0.00448441
-0.711802
-0.445565
-0.33843
0.326652
-0.662528
-0.625128
-0.4682
-0.092625
-0.135228
-0.75905
-0.288058
-0.433296
-0.928044
-0.206744
-0.642867
-0.661081
0.0803032
-0.988517
-0.071825
-0.0054627
-0.384631
-0.650936
-0.321923
-1.199
-0.557013
-0.262497
0.256979
-0.553587
0.348777
-0.973251
-0.522671
-1.13181
0.0222136
-0.29425
-0.386365
0.122868
-0.554725
-0.121711
-0.881592
-0.0413217
-1.5833
-0.51728
-0.702273
-0.700608
-0.461685
0.902131
-0.795667
-0.205377
-0.798164
-0.025074
-0.125341
-0.463273
-0.594901
-0.459361
0.0401566
-1.01996
-0.0374929
-0.830412
-0.296742
-0.199488
-0.859082
-0.0436122
-0.84454
-0.217923
-0.375227
-0.52601
-0.277852
-0.298636
-0.629334
-0.140915
-1.02255
-0.309705
-0.369462
-0.616618
-0.387784
-0.215672
-0.144352
-0.502454
-0.299986
-0.671394
-0.318761
-0.338555
-0.172691
0.250248
-0.494036
-0.0494405
-0.555961
-0.346257
-0.0941876
-0.252729
-0.704035
-0.714012
-0.385181
-0.43404
-0.428482
-0.596552
-0.435034
-0.531775
-0.750494
-0.177283
-0.892108
-0.419867
-0.600316
0.529454
-0.700912
0.533889
-0.433989
-1.00154
-0.499798
-0.900318
0.251203
0.243736
-0.0467751
-1.36207
-0.185319
-1.02874
-0.333088
-0.110246
-0.398493
-0.640882
-0.567019
-1.94165
-0.694366
-0.537698
0.029596
-0.708738
-0.290216
-0.630898
-0.329538
-0.184898
-0.281028
