0.0490467
0.027687
0.0770698
0.0356732
0.034423
0.0121018
0.00610912
0.035093
0.04777
0.0305579
0.0528373
0.0610331
0.0462276
0.0200819
0.0213666
0.0367843
0.0331095
0.027014
0.0325866
0.0363821
0.057493
0.0347747
0.0359482
0.0281424
0.00284803
0.0548246
0.0382912
0.060557
0.0460964
0.0599441
0.0200636
0.0693408
0.0486793
0.0359429
0.0968982
0.00897746
0.038102
0.0348963
0.033015
0.0305605
0.0337852
0.0172067
0.0546028
0.0108505
0.0550773
0.0319631
0.0319455
0.0250955
0.0384465
0.0641636
0.073842
0.0225054
0.0347045
0.0301035
0.0327064
0.0440178
0.0422016
0.0389715
0.0555819
0.0282842
0.039995
0.0313091
0.0583913
0.04109
0.0194469
0.0410358
0.0237876
0.0278342
0.0419318
0.0491101
0.0272573
0.031414
0.02451
0.0630442
0.0184224
0.0355103
0.0352364
0.0397106
0.0668909
0.0359177
0.0288262
0.0322865
0.0278795
0.00496925
0.0516676
0.053004
0.0261658
0.020608
0.0404532
0.022682
0.0299075
0.041609
0.0537867
0.0384575
0.0285164
0.0516794
0.0302453
0.0635447
0.0158126
0.029121
0.0453941
0.046904
0.054607
0.0490979
0.0435792
0.0377581
0.0489282
0.0305568
0.0417229
0.098714
0.0595573
0.0128003
0.0434842
0.0408047
0.036279
0.0320403
0.0373112
0.0236113
0.0564074
0.0744641
0.0666784
0.0397347
0.0437191
0.0403624
0.0313643
0.0306552
0.0374568
0.0361835
0.0419631
0.0332527
0.0298535
0.0384749
0.0697226
0.0305081
0.0384393
0.00924835
0.0262697
0.0536084
0.0201159
0.0564514
0.0413231
0.0217193
0.0351629
0.0485697
0.0738284
0.0450284
0.0290431
0.0693174
0.0455688
0.0468663
0.0583236
0.035274
0.0325106
0.0555609
0.0223998
0.0453966
0.0645276
0.0239789
0.059172
0.0240255
0.0267261
0.0766063
0.0951348
0.0407331
0.0564563
0.0272181
0.0461031
0.0358391
0.0360098
0.0417116
0.0246398
0.0315736
0.0195386
0.0404159
0.0269507
0.0334525
0.0542095
0.0197037
0.04632
0.0521096
0.0226153
0.0512477
0.0326765
0.0463736
0.00542571
0.0195666
0.0112586
0.0181651
0.0393516
0.0386169
0.0391831
0.0527792
0.0932093
0.0269439
0.027405
0.0409809
0.0309637
0.0298776
0.0150765
0.0681128
0.0261918
0.0508582
0.0244761
0.0571775
0.0510798
0.0351022
0.0320617
0.0568768
0.0275095
0.0452019
0.0524749
0.0291147
0.0257173
0.0383939
0.042525
0.0520883
0.0273035
0.0316545
0.0476226
0.0471625
0.0132282
0.055541
0.0306224
0.03476
0.0293853
0.0327896
0.0232109
0.0608183
0.0335809
0.038972
0.0281125
0.0378673
0.00864629
0.0487708
0.0603036
0.023225
0.0363661
0.0286332
0.0325298
0.0449351
0.0379546
0.0476776
0.057466
0.057996
0.0635972
0.00310342
0.048205
0.0255418
0.0332586
0.0413554
0.0273593
0.0408127
0.0370477
0.0423525
0.05817
0.00509449
0.0376186
0.0549277
0.0541845
0.00509883
0.061917
0.0506619
0.0182231
0.0263987
0.0248717
0.0166517
0.0470112
0.0452409
0.0630108
0.0277306
0.0393482
0.0285175
0.0371453
0.000771211
0.0988047
0.0264175
0.0404089
0.0182974
0.0379451
0.0224527
0.000308167
0.0310143
0.0669862
0.0267901
0.0334864
0.059031
0.0386213
0.0434684
0.0287182
0.0419417
0.0239213
0.0398031
0.0465675
0.0366996
0.0239061
0.0365973
0.0327308
0.0882346
0.0199602
0.0709032
0.0927583
0.0324143
0.0393081
0.0312541
0.0412532
0.0375821
0.0643304
0.0322268
0.0301709
0.0254769
0.0639066
0.0291352
0.0495151
0.055848
0.0462123
0.0373682
0.0492135
0.045685
0.038369
0.0450127
0.0223002
0.0286427
0.0319205
0.039169
0.0470111
0.0215455
0.0558133
0.0262576
0.0475264
0.00632697
0.00713411
0.0443289
0.0466285
0.0396279
0.0788775
0.0171424
0.031985
0.0177269
0.0753844
0.0498135
0.038781
0.0253154
0.0697148
0.0299745
0.0521632
0.0439454
0.0532607
0.0537158
0.015172
0.0522518
0.052091
0.0265487
0.0311578
0.0462098
0.0352123
0.0660172
0.0253357
0.0334564
0.0451358
0.0316533
0.0549692
0.0529238
0.0309217
0.040287
0.0254507
0.0281468
0.0158012
0.0427555
0.0224525
0.0410993
0.0520741
0.0402057
0.0775259
0.0528899
0.0580998
0.0248376
0.0238582
0.0324442
0.058239
0.0280509
0.0624278
0.0735302
0.0487024
0.0305463
0.0364778
0.0380719
0.0325508
0.072067
0.0261189
0.0180505
0.0269243
0.00893259
0.0340509
0.0450337
0.0610858
0.0546043
0.0321603
0.0764343
0.0277952
0.0248107
0.0390182
0.0559637
0.0810715
0.0409592
0.0650546
0.0396767
0.0155683
0.0550153
0.0320724
0.0343788
0.0399121
0.0424233
0.0316147
0.0651205
0.049098
0.0549363
0.0335906
0.0672558
0.0356652
0.0629016
0.0372198
0.0209737
0.000393043
0.0408988
0.0263764
0.097177
0.0534712
0.0632358
0.0740012
0.0428766
0.0431797
0.0363935
0.0216574
0.0295994
0.0368211
0.043976
0.0423953
0.0363831
0.0432397
0.0190501
0.0413852
0.0465118
0.0267548
0.0409538
0.0435001
0.0391597
0.0322645
0.0359197
0.0429325
0.0535222
0.0179617
0.0233663
0.0173323
0.0283823
0.0573374
0.042978
0.0278393
0.0478383
0.0302299
0.0169823
0.0197694
0.0152537
0.0604141
0.0288241
0.0290285
0.0244053
0.0263342
0.00220202
0.0261666
0.033816
0.0340336
0.0271549
0.0320558
0.0523534
0.0352169
0.0395629
0.0348878
0.0670459
0.0394118
0.0457932
0.0204454
0.04653
0.0318354
0.03053
0.0283236
0.054761
0.0624223
0.0375801
0.00853499
0.0573339
0.0299845
0.0269541
0.011098
0.0283968
0.0219199
0.0315523
0.0346814
0.0337906
0.0543794
0.0473001
0.0976606
0.0382276
0.0484501
0.0348008
0.025878
0.0421482
0.0313557
0.0405992
0.0223516
0.0281612
0.0584416
0.0508942
0.0227257
0.0237672
0.0750352
0.0329929
0.0380609
0.0333566
0.0367796
0.0556436
0.0384702
0.0600125
0.0570129
0.0365836
0.0489906
0.0236511
0.031403
0.0272595
0.0235411
0.043664
0.00821103
0.0326542
0.0302064
0.00769662
0.0331678
0.0405291
0.0314839
0.00701633
0.0502257
0.0430996
0.00232085
0.0506962
0.032559
0.0713352
0.0203665
0.0331297
0.0545544
0.0355528
0.0276816
0.0292097
0.0288119
0.0282117
0.0242888
0.0258726
0.0281659
0.0325258
0.0304455
0.0523423
0.0336025
0.0377742
0.0711585
0.0383917
0.0814518
0.0204844
0.0112401
0.0786722
0.0421642
0.0321665
0.0515613
0.0510631
0.0521765
0.0366453
0.0219046
0.0347744
0.0290908
0.0955137
0.0257343
0.0257158
0.037655
0.0129834
0.0357286
0.00157493
0.0399995
0.0750555
0.0407625
0.0575775
0.023362
0.0441951
0.0392787
0.0306715
0.0212343
0.0534317
0.0337922
0.0661797
0.0454597
0.0479815
0.0432543
0.0369754
0.0297666
0.0236665
0.0321375
0.0262659
0.0347678
0.0453328
0.0882387
0.0166217
0.0569659
0.0479006
0.0280888
0.0282666
0.0387742
0.0445019
0.0450414
0.00106357
0.0495436
0.0483979
0.0345679
0.0453816
0.0254489
0.0367873
0.0447445
0.0784029
0.0355776
0.0629911
0.0542829
0.0410148
0.0339133
0.0305472
0.0470058
0.173433
0.0503634
0.0282338
0.0347738
0.0318091
0.0764426
0.056231
0.0338361
0.0363887
0.0281937
0.0256867
0.036456
0.0371434
0.0610973
0.0267657
0.0366595
0.0257066
0.0505057
0.0418668
0.0390113
0.0375533
0.0227597
0.0417525
0.0358869
0.0405969
0.0274301
0.0436301
0.0685514
0.029288
0.0400946
0.0155471
0.0602467
0.0365703
0.0510443
0.0380598
0.0288455
0.0594202
0.0296618
0.0260707
0.00554974
0.0305296
0.0125144
0.0300543
0.0700055
0.0388479
0.0191616
0.0282952
0.0521052
0.0591505
0.0408709
0.0604162
0.0465615
0.0307823
0.0230039
0.0296988
0.0449518
0.0319436
0.0345697
0.0405649
0.0108988
0.0386883
0.0421395
0.0434961
0.037489
0.0463515
0.0214132
0.0620907
0.0647651
0.0453633
0.0275602
0.0450926
0.0306085
0.0509227
0.0368076
0.0547099
0.0654648
0.0258022
0.0380529
0.0259989
0.0352845
0.0666415
0.0388088
0.0364292
0.0404059
0.0284181
0.0212619
0.0425757
0.051217
0.0309998
0.0340739
0.0277306
0.0477017
0.0334312
0.0469821
0.0448611
0.0491095
0.0165395
0.0127433
0.03577
0.0249452
0.0547407
0.048386
0.0415613
0.0533724
0.0155401
0.0181673
0.0358881
0.077901
0.0602509
0.030163
0.00871736
0.0589344
0.0471582
0.0159933
0.0384133
0.030462
0.0373277
0.0319481
0.0355617
0.0250849
0.0478006
0.0490804
0.0716582
0.0338968
0.0439843
0.0487175
0.0267607
0.05965
0.0393339
0.00749316
0.00960425
0.0321731
0.0284619
0.0289552
0.0449075
0.0284621
0.0284456
0.0604638
0.049434
0.0398178
0.044058
0.0269194
0.0829093
0.0277754
0.0322999
0.0254339
0.0259513
0.0324112
0.0393255
0.0318847
0.0373349
0.0364477
0.0316167
0.0420364
0.0243748
0.0304539
0.0561471
0.0835994
0.0365801
0.0358201
0.0287164
0.042364
0.0506597
0.0413996
0.0438683
0.042381
0.0310153
0.00480496
0.0336966
0.0553671
0.0356016
0.0345572
0.0262194
0.0289224
0.020539
0.0202137
0.0465581
0.0377273
0.0335217
0.0176105
0.0422822
0.0274877
0.0499054
0.0288533
0.029909
0.0493813
0.0670242
0.0491309
0.0299175
0.0435033
0.0577167
0.0490778
0.00859925
0.0495955
0.0323021
0.0339484
0.0267691
0.0304748
0.0446109
0.0370611
0.0358223
0.0283534
0.0240121
0.0335061
0.0279563
0.0313001
0.0335056
0.0308244
0.0334084
0.0344864
0.0253223
0.0244309
0.0369309
0.0208147
0.0373097
0.0677575
0.0242741
0.0377762
0.0402903
0.0576167
0.0391022
0.0334855
0.0429549
0.0276038
0.0079107
0.0423626
0.0434991
0.0510334
0.0276768
0.0254958
0.0211923
0.0368829
0.0205587
0.0209538
0.0293565
0.050792
0.0494619
0.000447447
0.0143908
0.0517856
0.05314
0.0481888
0.0798296
0.037815
0.03805
0.0231155
0.029905
0.0575174
0.0632334
0.0360669
0.0552856
0.061227
0.0307817
0.0235089
0.0455604
0.0472171
0.030045
0.0597951
0.033481
0.0343305
0.0504215
0.0300243
0.0229711
0.0454235
0.0495978
0.0331003
0.0171192
0.0246189
0.0301342
0.055514
0.0342089
0.0506112
0.0240922
0.0272862
0.0200565
0.0651121
0.0344168
0.0277
0.0197621
0.0551543
0.0227421
0.0860195
0.0268672
0.0295806
0.0223531
0.0417221
0.0361071
0.0665434
0.0527291
0.0408492
0.0433276
0.0624845
0.0472772
0.0669961
0.0442338
0.0377966
0.0234488
0.0241943
0.0255508
0.0638963
0.104338
0.0475309
0.0200416
0.041523
0.0378992
0.0323401
0.0325696
0.0423182
0.0631328
0.0109111
0.0437436
0.0605622
0.013904
0.0594284
0.0538344
0.0274335
0.0349201
0.0263077
0.074584
0.0291351
0.0174118
0.0469191
0.036941
0.108769
0.0292121
0.0348079
0.0365058
0.0328751
0.029034
0.0356025
0.0361984
0.0627141
0.0313242
0.0790789
0.0143279
0.0376565
0.0615749
0.0450734
0.0261769
0.0332232
0.0297883
0.0322517
0.0514582
0.0794766
0.0295557
0.0519936
0.0384848
0.0362753
0.0507974
0.0444859
0.0575191
0.0727076
0.0423246
0.0627081
0.0238777
0.0495833
0.0994874
0.0301526
0.0189722
0.0352676
0.0451717
0.0314664
0.0487261
0.0295422
0.000314839
0.0269953
0.0374047
0.0223532
0.0288873
0.0556386
0.0293354
0.0382379
0.0568273
0.0433922
0.0267535
0.0423143
0.0580386
0.0212487
0.0357444
0.0303246
0.0450725
0.0310197
0.0330575
0.0381318
0.0325107
0.0391423
0.0455168
0.0305181
0.0166575
0.0308228
0.0359882
0.0331767
0.055906
0.0450442
0.0286975
