-0.41082
-0.200082
-0.217477
-0.337882
-0.103893
-0.309064
0.0536654
-0.29031
-0.0442228
-0.148128
-0.243473
0.184437
-0.270611
-0.10346
-0.0287994
-0.167732
-0.208798
-0.270455
-0.416667
0.0433914
-0.294425
-0.55588
-0.0951759
-0.16691
-0.227191
-0.187647
-0.030199
-0.228997
0.0306634
-0.151415
-0.135341
-0.235216
-0.255039
-0.148106
0.183946
-0.0806667
-0.181298
-0.191704
0.113086
0.288242
-0.240839
-0.0517144
-0.140989
-0.253048
-0.269007
-0.341426
-0.349994
-0.290164
-0.361178
-0.231013
-0.149487
-0.0171168
-0.269147
-0.372948
-0.0593544
0.00361033
-0.335999
-0.0254973
0.00774811
-0.132128
-0.277662
-0.189051
-0.0533599
-0.226425
-0.169541
-0.129292
0.0624758
0.127102
-0.10997
-0.078178
0.00628859
0.1429
-0.164796
-0.052415
0.113811
-0.203649
0.0689271
-0.188722
-0.222112
0.50863
-0.147937
-0.0429101
-0.337582
-0.165043
-0.0984975
-0.455945
-0.0517492
-0.0266944
0.0702562
-0.0795404
0.0896687
-0.151546
0.181586
-0.0996587
-0.128358
-0.229257
-0.214772
-0.0396302
-0.0390676
-0.130773
0.00552345
-0.207105
-0.181417
-0.302246
-0.288669
-0.23315
-0.0688477
0.00162021
-0.199623
-0.191587
-0.0733327
-0.138586
-0.101304
-0.33003
-0.0473238
-0.227129
-0.401825
0.371723
-0.106862
-0.206155
0.0913763
-0.322314
-0.342045
-0.265572
-0.274832
-0.339874
-0.0632433
-0.181493
-0.025115
-0.224027
-0.30415
-0.193615
-0.377448
-0.174909
-0.184016
-0.171047
-0.156925
-0.232734
0.0581979
-0.19845
-0.238709
0.353247
-0.244528
-0.226182
-0.00746566
-0.105495
-0.199674
-0.103594
-0.207253
-0.0831847
-0.250714
-0.29538
-0.0753486
-0.0482089
-0.299685
-0.528826
-0.26547
-0.271504
0.0491696
-0.241303
-0.315928
-0.0398585
-0.0364046
-0.219802
-0.175985
-0.0300549
0.0121624
-0.0736944
-0.0382337
-0.311499
-0.0896987
-0.180034
-0.427324
-0.27264
-0.296597
-0.223185
0.00477695
0.0489459
-0.579165
-0.290876
0.00330911
-0.353162
-0.126908
-0.0807837
-0.249919
-0.216489
-0.259673
-0.275931
-0.301686
-0.184815
-0.153151
-0.206942
0.0153634
-0.90026
-0.149982
-0.0522322
-0.278728
-0.239067
-0.297846
-0.315024
0.0118697
0.312942
-0.248458
0.00591556
-0.238412
-0.0294622
-0.445327
-0.00126763
-0.296726
0.0478831
-0.111859
-0.131677
-0.359902
0.125379
-0.0326572
-0.150437
-0.141392
-0.331503
-0.08879
0.118507
-0.159836
0.174023
-0.186267
-0.387012
-0.180952
-0.112026
-0.0676394
-0.231411
-0.143304
0.043949
-0.0952655
-0.0956308
-0.307276
0.208187
-0.359461
-0.408564
0.0278091
-0.137692
0.0322993
-0.119618
-0.209239
0.10723
-0.0527595
-0.122973
0.0711444
-0.188052
-0.131843
-0.0374161
-0.0662316
-0.184704
-0.126328
-0.210504
-0.16032
-0.0449806
0.056602
-0.0673097
