-0.240934
-0.205928
0.00522532
-0.0542614
-0.0654011
-0.253119
-0.297079
-0.0124491
-0.0699688
0.0755332
-0.192362
-0.299246
-0.509357
-0.111391
-0.296987
0.00707396
-0.390803
0.024375
0.0422972
-0.161815
-0.265492
0.0576287
-0.0999696
-0.1585
-0.260128
-0.0921626
-0.0174428
-0.133828
-0.139617
-0.162802
-0.0978577
-0.126259
0.139555
0.0459158
-0.22683
-0.191726
-0.110811
0.144819
-0.26623
-0.265229
-0.17291
-0.28505
-0.043904
-0.097003
-0.0878646
-0.179118
0.0300773
0.0398992
-0.206084
-0.377807
-0.322197
-0.074756
-0.271011
-0.201356
-0.290716
-0.0436365
0.127825
-0.223121
-0.129985
-0.218016
-0.131612
-0.0728834
-0.125177
0.123152
-0.0396118
-0.404188
-0.243027
-0.0379826
-0.212365
-0.281983
-0.0274688
-0.0792641
-0.234863
-0.304684
0.0243393
-0.111753
-0.409556
-0.256568
-0.554626
-0.23309
-0.152891
-0.076163
-0.040329
-0.207891
0.0383834
-0.00249883
-0.0377752
-0.0809933
-0.393324
-0.23665
-0.0485857
-0.183247
-0.00542206
0.0381782
-0.212609
-0.148339
-0.12501
-0.284123
-0.0644957
-0.295785
-0.226224
-0.02751
-0.230835
-0.31789
0.116376
-0.377861
-0.186863
0.0230815
-0.177297
-0.125894
-0.127135
-0.234409
-0.229791
-0.0587563
0.15617
0.0205245
0.0331487
-0.477443
0.144857
-0.144196
-0.18941
-0.29875
-0.174056
-0.171158
-0.213096
-0.0306336
-0.021561
-0.175855
-0.320568
-0.295438
-0.0282167
-0.31946
-0.278307
0.0344886
-0.179633
-0.121704
-0.184468
-0.312143
-0.020849
-0.0849876
-0.0890832
-0.229808
-0.0713847
-0.110271
-0.270392
-0.0926119
-0.271675
-0.281541
-0.118572
-0.111064
-0.41022
-0.100611
-0.156645
-0.0802609
-0.0268173
-0.184612
-0.0551028
-0.0190539
-0.217705
-0.0603997
-0.112462
-0.235214
-0.3157
0.0727015
-0.1211
-0.245393
-0.200751
0.00864285
-0.0826799
-0.0661489
-0.163834
0.246727
-0.0993545
-0.189811
-0.184681
0.0665554
-0.092381
-0.160317
-0.269393
-0.284596
-0.108663
-0.237814
-0.126449
-0.165722
-0.130278
-0.0322056
-0.0316415
-0.148457
-0.113771
0.190885
-0.201306
-0.152019
-0.313054
0.0962649
-0.179233
-0.309619
-0.180426
-0.011586
-0.108286
-0.175428
-0.104894
-0.264536
-0.0861783
-0.0924577
-0.281664
-0.0714046
-0.198852
-0.00570499
-0.202941
-0.132397
-0.188223
0.00993765
-0.169241
-0.176237
-0.367786
-0.208075
-0.114046
-0.229005
-0.198764
-0.151785
0.0428348
-0.121039
-0.120511
-0.325686
-0.276843
-0.0845825
-0.215674
-0.189208
-0.0428157
-0.16781
-0.17939
-0.178422
-0.0532107
-0.244441
-0.39065
0.0313828
-0.0378207
-0.13911
-0.140366
-0.0402737
-0.288061
-0.0282553
-0.103601
-0.152166
-0.0370811
-0.123527
-0.196784
-0.265653
-0.0503155
-0.173036
0.00271047
-0.286796
-0.0664041
0.0134285
-0.204573
-0.0380135
-0.22739
0.0650445
-0.371777
-0.161766
-0.218698
-0.164152
-0.34436
-0.0361837
-0.278069
-0.209351
-0.01614
-0.200755
-0.0759726
-0.273246
-0.129098
-0.187198
0.118496
-0.101302
-0.395362
-0.0267245
0.043386
-0.184887
-0.232229
-0.350345
0.0961196
-0.227616
-0.287909
-0.061126
0.0250495
-0.473092
-0.189039
-0.189887
-0.0490095
-0.229759
0.0649545
-0.107682
-0.0778279
-0.0341357
-0.0859215
-0.199192
-0.0380957
-0.339786
-0.115119
-0.314175
-0.371305
-0.246308
-0.35939
-0.300516
0.128957
-0.380714
-0.380459
-0.128169
-0.344405
-0.201866
-0.137176
-0.325947
-0.0931532
-0.27613
-0.0580046
-0.341034
0.0925759
-0.0877733
0.0495902
-0.305929
-0.110545
-0.281031
-0.226827
-0.232783
-0.344652
-0.0717221
-0.0746726
-0.00923599
-0.0756096
-0.0316694
-0.160744
-0.0615725
-0.125982
-0.0494505
-0.0362436
-0.129571
0.0113581
-0.331794
-0.4326
-0.130876
-0.249585
-0.126495
-0.217669
-0.0378519
-0.0534446
-0.0472913
-0.183631
0.122184
-0.260584
-0.0506815
-0.286457
-0.097577
0.00734694
-0.253737
-0.0493669
-0.154002
-0.0549368
-0.0404461
-0.175087
-0.081899
0.225552
0.135951
-0.188399
0.0415142
-0.134998
-0.28588
-0.219002
-0.0345425
0.144297
-0.280393
-0.159124
-0.412327
-0.127699
-0.200198
0.16202
-0.0223766
-0.167294
-0.30086
0.0430333
-0.211874
-0.305954
-0.131492
-0.163252
-0.177838
-0.317724
-0.0454739
-0.245203
-0.197146
-0.125132
-0.0151581
-0.0662613
-0.0392063
-0.238272
-0.235173
0.00920482
0.177812
-0.0775369
-0.231087
0.0796763
-0.0785384
-0.31729
-0.0422974
-0.21871
0.0568684
-0.225333
-0.0839693
-0.107913
-0.214018
-0.310246
-0.330136
-0.134941
0.0613586
-0.250907
-0.256955
-0.277594
-0.147609
-0.36164
-0.275152
-0.384131
-0.346483
-0.185152
0.132739
-0.0973669
-0.293819
-0.359325
0.204543
-0.336666
-0.394209
-0.544519
-0.306954
0.0417053
-0.251848
-0.192202
-0.017475
-0.342513
-0.0101838
-0.0171738
0.171146
0.0143844
-0.0164958
0.219025
-0.0681523
0.0452597
-0.21796
-0.23341
0.10328
-0.136675
-0.258892
-0.109537
-0.173356
-0.0182238
-0.408761
-0.0181595
-0.0779096
0.0818358
-0.0591792
-0.1995
0.064393
-0.069432
-0.0179186
-0.252026
-0.115029
-0.0677607
-0.291931
-0.115931
0.0397521
-0.349149
-0.0608448
-0.165748
-0.0423722
-0.251258
-0.186064
0.180823
-0.213119
0.170102
-0.0832589
-0.121291
-0.168945
-0.0555312
-0.117094
-0.244754
-0.0347081
-0.177869
-0.0842599
0.0390161
-0.2977
-0.278385
-0.217036
-0.0794197
0.0023382
-0.101407
-0.0146521
-0.434142
-0.0609164
-0.0736469
-0.304961
-0.135082
-0.0134029
-0.166602
-0.293192
0.128101
-0.229666
0.0391778
-0.267957
-0.0104325
-0.230962
-0.129066
-0.057192
-0.0111007
-0.363273
-0.283827
-0.180612
0.0360679
-0.0476524
-0.236386
-0.0420626
-0.350513
-0.256958
0.0603335
-0.374156
0.0992504
-0.286876
-0.229016
0.0341822
-0.0395368
-0.280186
-0.246344
-0.142134
0.164581
-0.264253
0.0689415
-0.620325
-0.138358
-0.0824939
-0.0561258
-0.191492
-0.113927
-0.26077
0.174129
-0.171356
-0.171003
-0.0628122
-0.197873
-0.131678
-0.0272952
-0.121765
0.316918
-0.218965
-0.24399
-0.128982
0.092435
-0.148895
-0.149027
-0.0644253
-0.300838
-0.17384
-0.0329096
-0.146253
-0.137277
0.0172337
0.115286
-0.0805805
-0.185044
-0.153091
-0.158158
-0.446423
-0.0537227
-0.220912
-0.229133
-0.258162
-0.463303
-0.147908
-0.314346
-0.237066
-0.295605
0.481301
-0.198144
0.0167275
-0.220712
-0.27138
-0.3081
-0.041367
0.0309746
-0.209085
-0.0855942
-0.217104
-0.0858615
-0.120529
-0.205052
-0.129922
-0.0606229
-0.25147
-0.0735278
-0.194747
0.0709076
-0.0816335
-0.219346
-0.0663347
-0.383559
-0.202312
-0.0982584
-0.00876735
-0.221827
-0.214069
-0.0110868
-0.0400454
-0.278925
-0.208191
-0.238433
-0.208449
-0.193876
-0.275308
-0.162191
-0.152996
-0.19329
-0.149417
-0.248453
-0.168022
-0.256953
-0.231013
-0.29628
-0.279707
-0.0727701
-0.355407
-0.345259
-0.0669655
-0.167186
-0.141653
-0.34063
-0.136009
-0.241139
0.160408
0.0481891
-0.254073
-0.182963
0.145207
-0.220337
-0.00957754
0.0962065
0.19389
0.108996
-0.083029
-0.0218402
-0.0444289
-0.234519
-0.00704911
-0.36047
-0.168606
-0.270726
-0.283434
-0.0549153
-0.0597539
-0.00198267
-0.319765
-0.195989
-0.309467
-0.238108
-0.263519
-0.327803
-0.091867
-0.155148
-0.13234
-0.033756
-0.222475
-0.256236
-0.222911
-0.034094
0.126392
-0.203627
-0.0122337
-0.170737
-0.186762
0.352987
-0.272099
-0.0211985
0.0363069
-0.0903619
-0.295412
-0.143514
-0.0658686
-0.253139
-0.152518
-0.403827
-0.0415831
-0.00665502
-0.177403
0.30398
-0.0605855
-0.1989
-0.168273
-0.290806
-0.0943077
-0.0559584
-0.0829139
-0.292301
-0.109367
-0.145837
0.132243
-0.253614
-0.183343
-0.15329
-0.116172
-0.182396
-0.111577
-0.298566
-0.224383
-0.0489571
-0.159706
-0.0540461
-0.111416
-0.0892338
-0.168249
0.0268355
-0.161146
-0.0506742
-0.0389719
-0.257623
-0.158925
-0.203514
-0.286563
-0.196806
-0.0150356
0.163671
0.0752718
-0.28169
-0.255379
0.0180166
-0.225122
-0.165354
-0.136516
-0.147539
-0.308867
-0.301216
-0.133658
-0.0930309
0.0237656
-0.218314
-0.289081
-0.246811
0.0169254
-0.0873133
-0.0124889
-0.125915
-0.105275
-0.383784
-0.283027
-0.283181
-0.118739
-0.219921
-0.393114
-0.243204
-0.216128
-0.228331
-0.163518
-0.258181
-0.168928
0.0498676
-0.231959
-0.173466
-0.179434
-0.250537
-0.140581
0.0744607
-0.317983
-0.296689
-0.0676595
-0.354986
-0.328088
-0.01967
-0.232054
-0.345784
-0.234892
-0.241517
-0.188296
-0.18732
-0.272093
-0.0238607
-0.228573
-0.0080248
0.0304401
0.012941
-0.0872224
-0.0895277
0.0190709
0.000618203
-0.260395
-0.0961982
-0.208169
-0.249579
0.0977503
-0.0799232
-0.0155316
-0.0097022
-0.322094
-0.15109
-0.110445
-0.177433
-0.215185
0.26861
-0.200238
-0.235521
-0.087002
-0.0909399
-0.118201
-0.106802
-0.216829
-0.241535
-0.12767
-0.400928
-0.379997
-0.2137
-0.327325
-0.222341
0.199856
-0.0489896
-0.440219
-0.112756
-0.199618
-0.246822
-0.15936
-0.310902
0.093165
-0.119047
-0.259583
-0.197105
-0.134231
-0.253746
-0.191081
-0.0769866
-0.159486
-0.148175
-0.00504531
-0.190683
-0.161092
-0.0592972
-0.103698
0.0203638
-0.137991
0.102184
-0.180713
-0.176868
0.127235
-0.154015
-0.172064
-0.130436
-0.0732472
-0.300937
-0.256322
-0.0827323
-0.132495
-0.114115
-0.277347
-0.184644
-0.277903
-0.214881
-0.319923
-0.160884
-0.224616
-0.136095
-0.00874204
-0.210858
-0.153076
-0.174186
-0.202171
-0.0992989
-0.175194
-0.000442133
-0.120525
-0.0740003
0.171193
0.0443844
-0.266724
-0.0794444
-0.291093
-0.395674
-0.0791112
-0.23909
0.00154639
-0.118494
-0.262606
-0.24742
0.0572322
-0.147259
-0.00462149
-0.298762
-0.135807
-0.344196
-0.0367113
-0.0282961
-0.391518
-0.118095
-0.0997888
0.0898015
-0.528658
-0.195062
-0.220107
-0.081792
-0.218474
-0.047217
-0.316937
-0.146473
-0.17044
-0.00897011
0.0030101
-0.421677
-0.294123
-0.0137186
-0.0625743
-0.198373
0.0179555
-0.268289
-0.31116
-0.0858981
-0.109138
-0.108078
-0.223334
-0.0726061
0.0895264
-0.179414
-0.098619
-0.245742
-0.038971
-0.319591
-0.0635364
-0.271846
-0.0322923
-0.0908778
-0.265425
-0.201267
-0.299651
-0.2153
-0.0625083
-0.181058
-0.121165
-0.264602
0.0244719
-0.02765
-0.299627
-0.20685
-0.27146
-0.372044
-0.265496
-0.441256
0.0699351
-0.279922
-0.185637
-0.172532
0.152672
-0.137427
-0.277957
-0.171227
-0.119971
0.524451
0.230468
0.0390269
-0.342464
-0.274694
-0.168052
-0.0843457
-0.065848
-0.328755
-0.298988
-0.126407
0.0189591
-0.116818
-0.0550978
-0.311111
-0.200666
-0.0438903
-0.274584
0.00495776
-0.0722355
-0.0936539
-0.263512
-0.214442
-0.249444
-0.176546
-0.122978
-0.154003
-0.215209
-0.182434
-0.324747
-0.258779
-0.162421
-0.00026235
-0.256987
-0.140153
-0.101177
-0.249453
-0.190305
-0.153325
-0.333491
-0.0544209
0.0942164
-0.279983
-0.173548
-0.157428
-0.191334
-0.177522
-0.241228
-0.125859
0.0559761
-0.269836
-0.214986
0.0231023
-0.277603
-0.190357
0.0316851
-0.321035
-0.0894448
-0.140019
0.049985
-0.149765
0.0143264
-0.217429
-0.10249
-0.223276
-0.085102
0.0882151
-0.161892
-0.125072
-0.322793
-0.19447
-0.147562
