-0.250074
0.259113
-0.326527
0.148531
0.0471989
-0.0977164
-0.26429
-0.0979699
-0.229067
0.0669282
0.412414
0.215047
0.141954
0.159708
-0.365383
-0.0415498
0.0674735
0.0740763
0.0340025
-0.327958
0.0637694
-0.0485304
-0.284214
-0.466166
-0.0448572
-0.0560752
-0.199056
0.228027
0.25952
-0.495755
0.228608
-0.196846
-0.0950918
-0.146441
-0.172207
0.0192161
-0.207115
-0.194544
-0.229127
0.101267
0.254849
-0.174362
0.262985
0.151073
-0.0286302
-0.184695
0.0999916
-0.108757
-0.261763
-0.184657
0.424705
-0.243484
-0.0710003
0.267084
-0.131778
-0.299355
0.233242
-0.293707
-0.201327
0.244354
0.152131
-0.0383273
-0.301511
-0.0660946
0.507243
-0.0607534
0.158127
0.438583
-0.140024
-0.0278111
-0.0339565
0.00784802
0.0771474
0.232797
0.384486
0.137883
0.139533
-0.36726
0.149836
-0.0353015
0.143083
-0.0739693
-0.204846
0.0107608
0.0607067
-0.0736974
-0.223805
-0.210742
0.187656
0.293497
-0.148479
-0.513287
0.00182541
-0.0281939
0.0545784
-0.0693837
0.0358183
-0.214998
-0.364274
0.137607
-0.123477
-0.674081
-0.23818
0.290808
0.0808904
-0.20781
-0.0648027
-0.0180552
0.00999506
0.199502
0.138529
0.122927
-0.00175353
-0.120458
-0.0564055
0.11868
-0.610346
0.0679007
0.309058
0.118694
-0.0550343
0.0492844
-0.0411141
-0.250592
-0.418035
0.15497
0.125272
0.0264196
0.118471
-0.172995
-0.357166
0.0237216
0.54672
-0.351473
0.00539278
-0.353219
-0.21535
0.34148
-0.262826
-0.226014
0.138608
0.0743915
-0.111201
-0.119084
-0.0740736
-0.264764
-0.153102
0.0217446
2.38082
0.194512
-0.0417235
-0.26677
-0.120199
-0.287455
-0.1188
-0.0535998
-0.250592
-0.695198
-0.244155
-0.403107
-0.0473447
-0.0725503
-0.172603
0.0135562
0.289479
-0.377491
-0.166213
0.069065
-0.107073
-0.712197
0.014964
-0.0964946
-0.0445341
-0.334532
0.00863094
-0.100518
0.000146822
-0.0476957
0.216246
0.0716505
-0.459744
-0.225379
-0.0805582
-0.502984
-0.219154
-0.407751
-0.175904
-0.0339548
-0.502527
-0.119183
0.109376
0.107012
-0.0232281
-0.252965
0.219309
-0.367063
-0.0861006
-0.342781
0.348656
0.0396439
-0.155606
-0.292051
0.108042
-0.0528058
0.0499466
-0.154109
-0.0537862
0.0916465
0.225058
-0.231161
0.136602
0.218543
-0.143375
0.0949327
-0.00895227
-0.171818
-0.447247
-0.618257
0.127385
-0.100039
0.0224958
-0.0802609
0.00547442
-0.197252
-0.233406
0.0193003
-0.373849
0.00483229
-0.148668
-0.0819762
-0.160905
-0.356078
-0.693444
-0.152991
-0.385505
-0.15027
-0.0970711
-0.159124
-0.267973
-0.275986
0.00231277
-0.220788
-0.198313
-0.156981
-0.108143
-0.0117188
-0.335399
0.51817
-0.516198
0.181288
-0.174244
0.124631
-0.285039
0.0879359
0.380119
-0.0638016
-0.324252
-0.220257
0.131262
0.323322
0.0115258
0.148095
0.0404528
-0.165133
-0.118679
0.180841
-0.220518
-0.730771
0.109574
-0.268407
-0.245281
-0.277366
-0.26761
0.413171
0.100546
-0.0809448
-0.137222
0.179362
-0.102993
0.195151
-0.15904
0.419744
0.0534882
0.0491328
-0.132769
0.312912
0.0397473
-0.0444155
-0.47413
-0.0929679
-0.0141252
0.380675
-0.0292444
0.0261508
-0.171817
0.359952
0.366262
0.0767767
0.0905581
-0.0913491
0.0823578
0.193429
-0.117847
0.189848
-0.176554
0.167947
0.400551
-0.43148
-0.165147
-0.224583
-0.0209769
-0.1249
-0.0715442
-0.178504
0.107675
0.181822
0.0266028
0.234291
-0.00964007
-0.0186916
-0.124559
0.488036
0.0904469
-0.0666814
0.465961
-0.150505
-0.54153
-0.00886247
0.108836
-0.203422
0.261023
-0.177939
0.154829
-0.192105
-0.0826108
-0.0764143
0.104784
0.153029
-0.00867803
-0.0889727
-0.131521
-0.368912
-0.0779015
-0.318205
-0.280841
0.108392
0.346039
-0.162179
-0.12855
0.155954
-0.39381
0.0747987
-0.0290602
-0.0247471
0.00645905
-0.37081
-0.111594
-0.0692423
-0.166679
0.252095
-0.169665
-0.0420389
0.0815232
0.219814
0.00377496
0.00729183
0.10315
0.171165
-0.197156
-0.0323956
0.195597
0.303497
-0.0282623
0.193926
0.086442
-0.151988
0.243291
0.0243908
0.00996215
-0.130307
-0.466984
-0.18386
-0.0790599
0.000286422
0.0723795
-0.412998
-0.274267
-0.17419
-0.146592
-0.242773
-0.261725
0.00803148
-0.171598
-0.134373
0.0456559
0.0375334
0.109236
0.0650319
0.0742083
-0.122927
0.00218465
0.0407946
0.0133374
-0.24558
-0.304255
0.0159059
0.0139588
-0.32041
0.0661563
-0.239058
-0.137116
-0.0165085
-0.0564995
-0.0722055
-0.27583
-0.0304893
0.146045
-0.522989
-0.306439
-0.114249
-0.118693
-0.0452705
-0.0435684
-0.113179
0.0726587
-0.177656
0.208601
-0.0112211
0.171718
-0.604289
-0.0685884
-0.598539
0.0140398
-0.565135
-0.392673
-0.21912
0.104505
0.16804
-0.405521
0.111418
-0.298189
-0.000436262
-0.12315
-0.29479
-0.204856
0.305427
-0.0860941
0.131604
-0.207147
-0.34922
-0.128368
-0.0686414
-0.0966569
-0.0549546
0.136446
-0.161501
0.129649
-0.304081
-0.512458
-0.227211
-0.173093
-0.268015
-0.285934
0.0642295
-0.0831813
0.13872
-0.368864
-0.063824
0.29397
-0.318855
0.0552411
-0.250604
-0.0333695
-0.140368
0.0113061
0.00710323
0.383835
-0.111696
0.157099
0.0728036
0.222502
0.376218
-0.0729258
0.363975
-0.0822028
-0.139819
-0.122925
-0.259682
-0.303648
0.258604
-0.355643
-0.120394
-0.257275
0.00074816
-0.061375
0.487802
0.299837
-0.0612275
-0.151806
-0.188727
0.00731577
0.0621829
0.177026
-0.0483028
-0.156389
0.0621463
-0.0809223
-0.114116
0.207993
-0.220887
-0.171049
0.130728
-0.0507382
-0.0877286
0.107692
-0.299233
-0.40134
-0.053479
0.244463
0.180588
-0.0497262
-0.27891
0.0564335
-0.246786
0.0437768
0.0389455
-0.200779
-0.122671
-0.200158
-0.257063
-0.3326
0.278307
-0.0941784
-0.168819
0.078942
0.0861753
0.0299853
-0.270756
-0.00546836
-0.443168
-0.232829
0.234933
0.0425719
-0.207419
-0.147841
0.277019
-0.105649
-0.0407157
0.378437
-0.026739
-0.029314
-0.224032
-0.127201
-0.731498
-0.238729
-0.316708
-0.124923
-0.0238491
-0.226605
0.245239
-0.381608
-0.310469
0.19445
-0.0792945
-0.205295
0.168101
0.326049
0.205784
0.225336
-0.164343
0.00913098
0.0717364
0.0304484
0.0494067
-0.0283587
-0.108951
0.384775
0.0829322
-0.240569
0.0166857
-0.0269116
-0.227975
0.102885
-0.299407
-0.285815
-0.317806
-0.00561821
-0.196634
-0.0240142
-0.0580739
-0.18115
-0.0978578
-0.312139
0.316237
-0.26485
0.0147112
0.0713146
0.15941
-0.114812
0.393506
0.196685
0.327501
-0.0438626
-0.237986
0.127158
-0.0604031
0.24437
0.225889
-0.112995
0.100004
-0.34446
-0.154666
0.261303
-0.0877912
-0.133609
0.0549661
0.231636
0.1821
0.230065
-0.128428
0.126915
0.0879451
0.116013
0.200088
0.0917663
-0.194895
0.409837
-0.0462307
0.0612205
-0.0325694
-0.0982801
0.0189702
-0.263008
-0.288358
-0.0883547
-0.182364
-0.506503
0.0539369
-0.259389
-0.152311
0.0227512
-0.0613839
-0.329367
-0.636415
0.0918607
-0.201708
-0.449854
0.0369353
-0.0595278
-0.150456
-0.197057
-0.0738385
-0.00332682
0.0611514
0.0740365
0.177891
-0.0438485
-0.277032
-0.263903
0.0436044
0.281506
0.197839
0.234906
-0.147608
-0.258377
-0.36504
-0.161688
-0.0808517
-0.306055
0.10468
0.149641
0.0382461
-0.411773
-0.0852157
-0.0615517
0.101988
0.0732248
-0.00609173
-0.0878024
0.0707596
-0.336519
-0.334957
-0.434021
0.0999142
-0.0595613
-0.179016
-0.182997
-0.113655
0.0296375
0.0037368
-0.477512
0.142072
0.0906557
-0.0667419
-0.274167
-0.112772
0.0268577
-0.0786168
0.277144
0.147771
-0.150708
-0.350336
0.0784557
-0.477894
-0.0132198
0.290934
0.192863
0.279512
-0.0582591
-0.129662
0.133745
-0.220653
0.31234
-0.170426
-0.17246
0.297551
0.11235
-0.0517963
-0.0703859
-0.500795
-0.0168523
-0.295996
-0.367073
-0.211973
-0.0973984
-0.060495
-0.417936
-0.29088
-0.223683
-0.0751841
0.0231499
-0.306239
-0.0831719
-0.290987
-0.187354
-0.16681
0.130517
0.109495
-0.169535
-0.116498
0.233213
0.0278506
-0.23538
-0.00416403
0.102502
-0.25551
0.173932
0.0693513
-0.239139
-0.318677
0.0473225
-0.585242
0.119266
0.379924
0.0423388
-0.30391
-0.200231
-0.0931227
-0.0734247
-0.235863
-0.327512
-0.0425244
-0.533315
-0.0754664
-0.0602913
0.450798
0.149363
0.306927
-0.0159382
-0.252528
-0.0990512
-0.118864
-0.176034
-0.0768726
0.0877302
0.290282
0.0215006
0.180681
-0.0717146
-0.133888
-0.083448
-0.222316
0.108994
0.212945
-0.32203
0.00431484
0.181478
-0.447623
-0.0350351
-0.20688
-0.356014
-0.169621
-0.171113
-0.0237127
-0.118862
0.22137
-0.336841
-0.280077
-0.195677
0.00811743
-0.253479
0.0206076
-0.0844457
0.273806
0.140799
-0.242264
0.125218
-0.0798849
-0.132943
0.141335
-0.0749049
-0.0323933
-0.481101
-0.14498
-0.118966
-0.35272
-0.143254
0.189598
-0.348288
-0.0454142
0.0227736
-0.038575
0.214053
-0.126904
0.119554
0.158921
0.1657
0.158309
0.0915985
-0.268138
0.078238
0.0431821
-0.0424724
-0.158097
0.0590071
0.111128
-0.0895517
0.0611282
-0.482017
0.0588012
-0.120974
0.197655
-0.218001
-0.273014
-0.180333
-0.125065
-0.10263
-0.000561096
-0.167629
-0.290794
-0.42248
-0.395034
-0.0753099
-0.0828844
0.0899377
0.0416709
-0.340248
-0.453421
-0.174019
0.150234
-0.246624
-0.269882
-0.342735
-0.00161774
-0.13686
-0.0880777
-0.307242
0.0517837
-0.0897501
0.318545
0.245866
-0.12662
-0.0168139
-0.127276
0.428124
0.0380068
0.195317
-0.0220282
-0.429269
0.054502
-0.317155
0.305388
0.265493
-1.3776
-0.107187
0.125146
-0.13382
0.000981338
-0.0586148
-0.247331
0.117049
0.0851728
-0.158395
-0.334112
-0.0601309
-0.173346
-0.0894217
0.237594
-0.261759
0.0248909
0.151256
-1.22729
-0.143207
0.122344
0.366264
0.21255
-0.125432
0.118958
-0.132358
0.0292163
0.0877418
0.493551
0.248284
-0.15066
-0.170569
0.13609
-0.0622797
0.281437
0.0441474
-0.0640365
-0.187512
-0.28214
-0.242673
0.196353
-0.16302
-0.20482
-0.569904
-0.2051
-0.254475
0.037216
-0.249137
-0.158423
0.102584
0.318221
0.0572663
-0.230685
0.326905
0.214724
0.124238
-0.0116362
-0.242047
0.161425
-0.00188985
-0.241605
0.0141653
0.163515
-0.179169
0.0666995
-0.125403
0.103191
0.0499461
-0.320603
0.201778
0.171767
-0.424511
-0.374763
-0.0382558
0.0109414
-0.379062
-0.495482
0.173886
0.0642754
0.168238
0.0991104
0.122058
-0.298107
0.174829
-0.34107
-0.0360824
-0.0116681
0.171098
-0.127719
-0.148427
-0.0340579
-0.353196
0.059951
0.139618
-0.573914
-0.151505
-0.0789429
-1.0631
-0.142333
-0.0521229
0.170387
0.287238
-0.480682
-0.20173
0.175169
0.156136
-0.56851
-0.0537295
0.26577
-0.190127
-0.126867
-0.0669208
-0.485232
-0.300803
0.138513
-0.0691474
0.142497
-0.0969532
0.0998394
0.0921624
-0.166242
-0.206344
-0.139908
-0.0286648
-0.156105
-0.135164
0.0522008
-0.164692
-0.085148
-0.158037
0.102895
-0.195003
-0.151008
-0.114256
-0.312361
-0.0179392
0.0982576
-0.0273798
-0.173491
0.115393
-0.304128
-0.20254
-0.114071
0.0804354
-0.163081
0.272574
-0.0563064
-0.0826705
0.0534843
-0.191682
0.0344339
0.0549359
-0.295045
-0.045348
-0.0914933
-0.185864
-0.464978
0.212888
-0.130837
-0.422699
-0.317278
0.0655176
0.194304
-0.329352
-0.167604
0.0784732
0.291532
-0.204935
-0.134028
-0.347483
0.0576922
-0.280249
0.0497963
0.0928688
-1.47204
0.273827
0.125468
-0.029884
-0.0776888
-0.43269
-0.505448
-0.12752
-0.0475597
0.151932
0.110398
-0.142513
-0.434562
0.111106
-0.0319609
-0.123979
-0.297448
0.144273
-0.478181
-0.247967
0.450352
-0.0165653
-0.0717862
-0.086014
0.349176
-0.128392
0.137478
0.0465882
0.228048
-0.0266757
-0.19757
0.0421099
-0.108969
0.162321
-0.0314587
0.21629
-0.146655
0.0570176
-0.0596842
-0.531909
-0.114451
0.147989
-0.113409
-0.379241
0.262358
0.0805798
0.337175
-0.106115
-0.198557
-0.2262
-0.228868
-0.389537
-0.0093549
-0.0211073
-0.151175
-0.14255
-0.0436873
-0.45837
-0.168499
0.148868
-0.0937073
-0.374047
0.344645
-0.181198
0.0188207
0.101674
0.652721
0.28605
-0.210195
-0.0132433
-0.0255673
0.0573904
0.207429
-0.379242
-0.2017
0.191085
-0.170078
0.568298
-0.0451118
-0.33203
-0.0261275
0.195481
-0.0680264
0.125999
-0.0808838
-0.165455
-0.157142
0.0172459
0.113351
-0.0314768
0.0875821
-0.222342
-0.0970141
-0.215457
-0.202308
0.0146464
-0.113531
0.394662
-0.144642
0.00219506
0.0379549
-0.074659
-0.188328
-0.0919117
0.160795
0.0547506
-0.0209076
-0.150872
0.122243
0.0619808
0.213512
0.389933
0.0546716
-0.16312
-0.00219196
-0.0452665
-0.390104
-0.067598
-0.107809
-0.0829857
0.0766592
0.388666
-0.214163
-0.177019
-0.0837157
-0.319199
-0.407974
-0.0177312
0.151321
0.0418721
-0.603906
0.238198
0.101267
-0.419416
0.413667
-0.0729171
0.0131412
0.346672
-0.617371
0.0568917
0.515071
0.0558472
-0.168083
0.0439122
-0.0404139
-0.075819
-0.0905117
-0.131227
-0.255776
-0.145619
0.26171
-0.131767
-0.0186815
-0.0155066
0.266813
0.159623
0.623745
0.0522083
-0.173841
0.474223
-0.422709
0.236114
-0.24039
-0.189378
0.195726
-0.252398
-0.124474
-0.0105739
-0.149377
0.19605
-0.308489
0.202381
-0.256369
-0.173521
-0.281786
-0.156121
-0.292092
0.0699262
0.127284
-0.123228
-0.13699
0.129763
-0.0616473
-0.220551
0.318941
-0.151665
0.0468582
0.138963
-0.402184
0.261097
-0.0180373
-0.359634
0.0681245
-0.178835
-0.0612187
0.153375
-0.182441
-0.114015
0.0956501
0.244904
-0.00876119
0.482345
-0.0703676
-0.075086
-0.0704305
-0.00898542
0.135629
-0.0144478
0.225456
0.068656
-0.724362
0.0519962
-0.241403
0.185928
-0.0629337
0.0833691
0.0696452
0.0651677
-0.245663
-0.297923
-0.499011
-0.104934
-0.175282
0.0576571
0.0481585
-0.071634
0.0585045
0.207384
-0.0977054
0.178842
0.0713205
0.200672
-0.220112
-0.177283
0.180088
-0.137911
0.181163
-0.136829
0.138353
-0.0346283
-0.0822786
-0.0582518
0.494599
0.14235
0.123744
0.167327
-0.1434
-0.309509
-0.197528
-0.0655143
-0.323676
-0.256904
0.0744537
0.0522205
-0.0820839
-0.119935
-0.779436
0.136795
-0.185475
0.098581
0.17271
0.0860715
0.126343
-0.195288
0.0416266
-0.372726
-0.11029
-0.428193
0.0057265
0.0420484
-0.391011
-0.0586074
-0.32634
0.183829
-0.228569
0.0647013
-0.16247
0.289047
-0.00172915
0.0685025
-0.142432
0.0660179
-0.246947
0.050546
-0.212426
-0.389583
-0.385721
-0.0596504
-0.172911
-0.162117
-0.0723468
0.0864805
0.139157
-0.338089
0.0934109
0.163619
-0.127929
-0.457302
0.0482112
-0.198955
0.189693
0.335672
-0.182686
-0.0611326
-0.0385212
0.0392034
0.165984
-0.369779
-0.00111055
-0.197911
-0.226017
0.0024273
0.274134
0.152829
-0.370448
-0.0486656
-0.0649317
-0.125955
-0.334742
0.370622
-0.232643
-0.0406739
-0.155491
0.0968202
-0.0924583
0.15456
-0.107872
-0.00521436
-0.191992
0.309576
-0.0854362
-0.156332
0.17324
0.220936
-0.100982
0.211749
0.12916
0.0655158
-0.237063
0.3294
0.290493
0.314534
0.0571526
-0.11345
0.363723
0.268761
0.34013
-0.24554
-0.143982
-0.172546
-0.228091
-0.336518
0.0849858
-0.307988
0.0523411
-0.0829618
-0.360045
0.00380384
0.173533
-0.0547952
0.20758
-0.243655
-0.078604
0.00959664
0.107129
-0.333921
-0.0749196
0.192156
-0.16842
-0.558773
-0.0787217
-0.236998
0.114219
-0.0723622
-0.593884
-0.340978
0.321201
-1.08835
-0.0413466
-0.001077
-0.137546
0.146042
-0.0193163
-0.245722
-0.203328
0.129446
0.080387
0.0455713
0.22527
-0.0647461
-0.0681401
-0.131345
-0.0958103
-0.253579
-0.342499
-0.203848
-0.105138
0.251248
-0.158172
0.139736
-0.233063
-0.188784
-0.0183452
0.00127734
0.374824
0.206137
-0.1766
0.285415
-0.146881
0.0346334
-0.00484456
0.400381
-0.0667074
-0.0378066
-0.27767
0.155846
-0.335932
0.455936
-0.470183
0.519821
-0.463618
0.321734
-0.419821
-0.220994
-0.264525
-0.146105
-0.321311
0.0967045
-0.0700168
0.18385
-0.238663
-0.0626053
-0.00184543
-0.133563
0.175776
-0.174109
-0.300447
0.0967987
-0.441473
0.0458874
-0.114429
-0.0397801
-0.0175053
0.0483766
-0.280633
-0.300902
0.207705
0.163062
-0.139877
-0.329887
-0.125672
-0.24936
-0.0979487
-0.0880174
0.138687
-0.152138
0.0280623
-0.0108664
-0.250511
-0.0814187
0.0728978
0.12872
0.0840469
-0.37379
-0.144345
-0.222802
-0.145122
-0.019408
-0.232921
-0.454428
0.152552
-0.020059
0.233589
-0.0916086
-0.154356
0.172028
-0.00606193
0.0483535
-0.0820827
0.260068
0.0657748
-0.0290476
0.0574714
0.138419
-0.129661
0.187251
-0.115472
0.0683299
0.203149
-0.0754984
0.0430861
0.500041
-0.209666
-0.350541
-0.0213293
-0.0804674
-0.10817
-0.180382
-0.241744
0.251753
-0.220388
0.134281
0.387499
-0.121735
-0.0594187
-0.379025
0.253774
-0.180439
0.388212
-0.332744
0.060059
0.211405
0.426004
-0.0077601
0.141382
0.215035
0.00229681
-0.0890049
-0.0290572
0.00534927
0.0115275
-0.0943372
0.116026
-0.0305948
-0.347056
-0.0903486
-0.0507961
-0.262116
0.0533111
0.122487
-0.239987
0.794924
0.0768557
-0.0113469
-0.158193
-0.0940564
-0.0839154
-0.157282
0.114204
-0.300692
-0.305649
-0.169807
-0.0986423
-0.0721028
0.185363
0.0405958
0.189626
-0.0288982
0.0210426
0.000853505
0.0826038
-0.0881723
0.142688
-0.336726
-0.0800043
-0.0368373
-0.0538018
-0.176155
0.339339
0.0136247
-0.0370251
-0.192879
-0.0932111
-0.0743915
-0.0178194
0.278978
-0.107545
0.170285
-0.135288
-0.170818
0.0970386
0.246282
-0.0578589
-0.0843327
-0.239634
0.127306
0.217254
-0.0978786
-0.0284362
0.0965134
-0.0748445
-0.253658
-0.356434
-0.0357394
-0.0516624
-0.267537
-0.209195
-0.108351
-0.436575
0.0417905
-0.119328
-0.35665
0.168247
-0.0726385
0.222946
-0.0889335
0.0158568
0.187376
-0.0207673
0.512734
-0.273119
0.118078
0.106952
0.178775
0.163762
-0.261059
0.174379
-0.0129527
-0.416455
-0.165049
-0.326332
-0.271127
-1.05943
-0.139473
0.0526744
0.24328
0.00113553
0.130067
-0.0838321
-0.112874
0.282949
-0.446224
0.0258528
0.0805641
-0.247256
0.0169965
0.0244342
-0.191467
-0.188875
-0.136124
0.142867
-0.245905
-0.105168
-0.131836
0.0476831
0.0616305
0.209215
-0.129784
0.188668
-0.274447
-0.0973312
0.134033
0.0258615
0.0635626
-0.246352
-0.158958
0.0460773
-0.174942
-0.235844
-0.107113
0.00464768
-0.309156
-0.0311024
0.110402
0.147321
-0.271016
0.0546003
-0.200949
-0.229682
-0.0432649
-0.360506
0.382008
-0.0326962
-0.23779
-0.202211
0.175538
0.0260058
0.449789
0.0750808
-0.203125
-0.0483284
-0.379888
0.0679443
0.149318
-0.0388372
0.0902787
0.258443
-0.320183
-0.112066
-0.085211
-0.107223
0.343666
0.196383
0.0374739
-0.366274
0.386349
0.240262
0.0857152
-0.387696
-0.111954
0.138827
-0.377595
0.14543
-0.0245514
-0.224052
0.150039
0.0643279
0.21073
0.133602
-0.49221
0.0311301
-0.166607
0.187045
-0.118505
0.060796
0.0372947
0.0499917
-0.18848
-0.156022
-0.415354
-0.00787382
-0.152028
-0.207738
-0.115903
0.129924
-0.345946
0.109976
-0.234344
-0.060335
0.100475
0.010764
-0.298895
-0.211164
-0.193467
0.245543
-0.00086282
0.17755
-0.27499
-0.251313
0.113176
-0.0533189
0.292727
0.0346853
0.0706486
1.0439
0.0309122
0.126459
0.179278
-0.0416159
-0.217191
-0.283205
-0.233848
0.0453269
0.119647
0.317861
1.35747
0.26622
-0.141301
-0.492494
-0.197944
0.412282
0.165449
-0.240696
-0.0633582
0.0501337
-0.229024
-0.154718
-0.000317118
0.358152
0.132771
0.0836278
-0.404067
-0.160344
0.188875
0.0201956
-0.148383
-0.028839
-0.22581
-0.2526
-0.0843634
-0.206908
0.0371375
-0.215867
0.0331185
0.133872
-0.253772
0.000207738
-0.076025
-0.221772
-0.126691
-0.160609
-0.075543
-0.00868043
-0.103496
-0.303175
0.139497
-0.258875
-0.0785669
0.179114
0.039379
-0.124545
-0.109569
0.274118
-0.088669
-0.0077724
-0.104605
0.0923373
-0.486032
-0.032154
-0.147978
-0.0140373
0.152263
-0.123877
-0.212114
0.0037813
0.205793
0.0775846
-0.035774
-0.00269412
-0.278426
-0.178982
0.263535
-0.0542061
-0.0963058
0.0424309
0.00830062
0.492656
-0.161225
-0.162215
0.155398
0.0358617
-0.17571
0.591333
-0.205356
-0.114019
0.214268
-0.33603
-0.274776
-0.1041
0.452481
0.297452
-0.00575612
-0.155215
0.124364
0.138721
-0.391868
-0.327019
0.036832
-0.160663
-0.168603
-0.0336894
-0.10796
0.0856239
0.0873084
-0.176088
-0.210876
0.0901705
-0.316417
0.0266428
0.160665
-0.306994
-0.168644
-0.122173
0.17506
-0.202121
-0.0134179
-0.019932
-0.153545
-0.14045
0.0256619
0.0755209
0.433639
0.00317414
0.217957
-0.190524
0.486585
0.456016
-0.0374124
0.178033
-0.043576
-0.361637
-0.207837
0.0998926
0.108082
0.3391
0.0508254
-0.159061
0.729228
-0.226076
-0.200793
-0.0412559
0.106527
0.150295
0.0106804
0.205581
-0.116217
-0.264397
0.109095
0.110243
-0.243637
0.2467
0.0446871
-0.0395733
-0.0266791
-0.0749498
0.0334635
-0.154818
0.318705
-0.181964
0.0238742
-0.210147
0.146519
-0.250932
-0.0756071
-0.219951
-0.108326
0.206622
-0.125515
0.00161591
-0.00417932
-0.0380261
-0.164817
0.689688
0.254674
0.277887
-0.0572109
0.0740847
0.303276
-0.215016
-0.493656
-0.265594
0.0903991
-0.00114697
-0.119128
-0.276641
-0.117627
-0.328666
-0.00958871
-0.00378147
-0.097836
-0.123592
-0.286345
0.0132875
-0.0437657
0.0792149
-0.210863
0.071055
-0.15403
-0.0923082
-0.00107809
-0.19852
-0.278541
0.0516191
0.537553
0.219128
-0.150759
0.418406
0.246856
0.196495
0.345338
0.159317
0.0219906
0.151939
-0.118141
0.0436836
0.0238412
-0.0839413
-0.262489
-0.019698
-0.353087
0.0992512
0.111391
0.260414
0.13619
0.0469864
-0.531671
0.0890465
-0.179997
0.439613
0.168024
-0.253863
0.269713
0.271266
0.316086
0.109568
-0.122655
0.287396
0.0034937
-0.127407
-0.152637
-0.0680004
-0.098112
-0.103394
0.0504306
-0.101923
-0.116194
-0.264976
0.0915212
-0.310748
0.135021
-0.41685
