-0.0307549
-0.197643
0.0249125
-0.0295703
-0.066729
-0.163566
-0.0559436
-0.0889594
0.0145498
-0.128437
-0.116756
-0.114222
0.0274575
-0.0754911
0.0224876
-0.0522588
-0.00148574
-0.103027
-0.0777751
-0.0884337
0.0461512
0.0255396
-0.114398
0.242229
0.0159542
-0.167763
0.0273762
-0.126738
-0.0484184
-0.0619453
-0.0595846
-0.143589
-0.0153188
-0.186693
-0.0966598
-0.034281
-0.0485233
0.00246485
-0.104725
0.000634439
-0.0422879
-0.113869
-0.033861
0.0880014
-0.0410915
-0.0723386
-0.0639637
-0.125653
-0.0998652
0.0155961
0.0785754
0.0211088
0.00981292
0.0436832
-0.0631729
-0.0267127
-0.08379
-0.00598216
-0.0106324
0.0328917
-0.011039
-0.0358662
-0.0267305
-0.0129338
0.0149525
0.00597677
-0.00223083
-0.145744
-0.0538066
0.0264961
-0.0595918
-0.0399736
-0.0952274
-0.00159537
-0.0678236
-0.0199754
0.0647036
-0.0758224
-0.0262703
-0.0731175
-0.0824131
-0.070198
-0.0203898
-0.129519
-0.00343691
-0.146154
-0.129093
-0.113204
-0.106585
-0.0450369
-0.00746034
0.037515
0.0242578
0.0183154
-0.0301982
-0.0267097
-0.0225779
0.0190445
-0.0513533
-0.109447
0.0506786
-0.190302
-0.126238
-0.0337927
-0.0824813
-0.0236789
0.00913342
-0.135219
-0.0347376
0.0161861
-0.0611825
-0.120594
-0.0485786
0.000619192
-0.0627702
0.0567972
0.139956
0.0596186
-0.0991746
-0.0436576
-0.12711
-0.0101548
-0.0044893
-0.0211258
0.0378904
-0.0436851
0.0318328
0.00977101
-0.0605868
-0.131562
0.111285
-0.00519801
-0.112481
-0.125098
-0.108272
-0.0245757
-0.589583
-0.0828878
-0.148874
-0.0439625
-0.10053
-0.0525465
0.00314363
-0.0389574
-0.0710505
-0.135652
-0.0669398
-0.0599372
0.168232
-0.0625257
0.0240287
-0.15648
-0.201978
0.0426164
-0.0248791
-0.0328161
-0.045694
0.000280903
0.0010004
-0.0278673
-0.0520871
-0.0467317
-0.0205091
-0.114612
-0.0870558
-0.0749591
0.00506544
-0.0955427
0.040969
-0.0494853
-0.0367896
-0.0243183
-0.0470826
-0.0776191
-0.0251909
0.00851043
-0.00408237
-0.115912
-0.0103097
-0.0541641
-0.0511928
-0.114665
-0.136443
-0.143006
-0.021127
-0.0393005
0.0280319
0.00205085
-0.00248397
0.00174124
-0.0257522
-0.131065
-0.0398156
-0.111938
-0.0206518
0.0335445
-0.0459346
-0.0912295
-0.142025
-0.0432011
-0.100123
-0.108404
0.0231065
-0.0223256
-0.00851511
-0.0384823
0.00260004
0.00788249
-0.0360878
-0.16148
0.030921
-0.0971994
-0.0753048
-0.0381301
-0.102838
-0.025467
-0.0338285
-0.0005312
-0.0816616
0.0171572
0.00360358
-0.0981832
-0.00777122
-0.050499
-0.0509142
-0.0523267
-0.0338642
0.0900419
-0.105327
-0.0618966
-0.00478004
-0.114322
-0.00835571
0.0551366
-0.126476
-0.00572289
-0.084991
-0.0581691
0.000380852
0.0525303
-0.0257262
-0.0530045
-0.0726151
-0.0947141
-0.0627891
0.00038174
-0.0412
-0.067629
-0.0146011
0.00464175
-0.0613731
-0.0273526
-0.0361349
-0.0507488
-0.138676
-0.0593424
0.0345773
-0.0386033
-0.110943
-0.127687
-0.121426
-0.10645
-0.0681744
-0.0121445
-0.170787
-0.0713782
-0.0720033
-0.0901636
0.00313667
-0.0310546
0.0446484
0.0741294
-0.0241939
-0.0360028
-0.0136751
-0.1098
-0.00568781
-0.0565639
-0.0805457
-0.242098
-0.0505807
-0.0990717
-0.0584552
0.0451779
-0.0552171
-0.0527725
-0.149072
-0.0518053
-0.0134
-0.0537352
-0.10338
-0.0406578
0.0872896
-0.0374698
-0.0648878
-0.117886
-0.0384929
0.0438063
-0.0342178
-0.0540534
0.033482
-0.0484114
-0.0249716
-0.0613369
0.0266368
-0.0875375
-0.135065
-0.0890455
0.0315337
-0.0429058
0.0539456
0.0399048
-0.109313
0.0205338
-0.024737
-0.048628
-0.0774717
-0.11503
-0.0399208
-0.0209632
-0.0381674
-0.0954017
0.00437408
-0.0627443
-0.185725
0.0018419
-0.0465858
0.0425012
-0.158613
-0.0477568
-0.101108
-0.0408684
-0.0912344
-0.0747998
-0.0980455
-0.0873816
-0.112795
-0.0819144
-0.0127172
-0.00766929
0.0280391
-0.123932
-0.0640658
-0.0476449
-0.0171716
0.0234786
-0.0509228
-0.0269622
0.0947637
-0.0861614
0.0537061
-0.0285131
-0.0611359
0.111861
-0.155065
-0.0320311
-0.000400395
-0.0169553
-0.0833199
0.031173
-0.0509263
0.00723282
-0.0285787
0.0676662
-0.0944749
-0.0805847
-0.0797054
-0.0651061
-0.0181632
0.0392317
-0.00792684
-0.0663965
-0.0476358
-0.0235254
-0.0827909
-0.0106488
-0.0356713
-0.0405763
-0.0790719
-0.103719
-0.065744
-0.0973768
-0.00867213
-0.141072
-0.0893059
0.0860004
-0.00364704
-0.0429104
-0.100861
-0.130599
-0.22316
-0.0620331
-0.0344091
-0.00652292
-0.0286391
-0.079939
-0.0360655
-0.00122279
-0.0375286
-0.0655873
-0.0932292
-0.0835352
-0.200709
-0.0041541
0.0266525
-0.0887393
-0.0766298
0.00317553
-0.0890217
0.00794185
0.0203344
-0.127445
0.00618868
-0.100118
0.0158351
0.0294469
-0.0485849
-0.192038
-0.0699979
-0.0950629
-0.0209133
-0.129727
-0.0710185
0.0290235
-0.0762873
0.00841922
0.0148063
-0.0545275
-0.0724586
-0.125523
0.00304283
-0.11782
-0.0581234
-0.0686951
-0.0319064
-0.0124069
0.00248632
-0.0527349
-0.00266267
0.0103572
-0.00821248
-0.129215
-0.0515757
-0.0605815
-0.0920777
-0.0232173
-0.130583
-0.0301853
-0.0606944
-0.0718831
-0.00450164
-0.0900326
-0.104515
-0.0526656
-0.056037
-0.0409623
-0.115294
-0.0756701
-0.0354833
-0.0742645
-0.168891
0.00446255
0.00545507
-0.0637835
0.0063866
-0.0695905
-0.11553
-0.0110105
-0.107092
0.0179932
-0.138883
-0.151046
-0.0918495
-0.0510224
0.00906921
0.0647253
-0.050815
0.0232374
-0.0334108
-0.0708825
-0.0899856
0.0183409
-0.0706735
0.135278
-0.00255005
-0.0768739
-0.0505534
-0.154122
-0.0774082
-0.0312241
0.151567
-0.0318201
-0.0537682
-0.0369519
0.0527242
-0.362554
-0.14991
-0.116113
-0.0323632
0.0698216
-0.0871706
-0.0382993
-0.101979
-0.0815839
0.0377793
-0.127451
-0.151251
-0.136033
-0.0871344
-0.0716513
-0.0524922
0.00580336
-0.0623256
-0.028156
0.0446894
-0.0429622
-0.138207
-0.0617525
-0.0305978
-0.00979742
-0.0143198
-0.0152951
-0.0253915
-0.0479823
0.0264899
-0.0572494
-0.0537292
-0.015526
-0.0747584
0.0230016
-0.0582896
-0.1564
-0.0451909
-0.0878597
-0.141695
0.0533917
0.0462071
-0.0382674
-0.119357
-0.0482193
0.138508
-0.114458
0.0202841
-0.0633719
-0.0675074
-0.0328124
-0.00624633
0.0507032
-0.0702481
-0.00645186
-0.0369218
0.128414
-0.102112
0.0646036
0.0412285
-0.0515757
-0.0523829
-0.0125732
-0.0787364
-0.031422
-0.0529024
-0.0111394
-0.0674126
-0.0687134
-0.0173003
0.00263249
-0.173482
0.0427453
-0.0505893
-0.0793172
-0.092118
-0.163681
-0.0149772
-0.0608434
-0.0223225
0.0376922
-0.075132
-0.0263348
-0.0462005
-0.00916562
-0.0448107
-0.0409567
0.0562665
-0.107067
-0.0241308
-0.0592051
-0.0188959
-0.0276391
-0.0185683
0.00924722
-0.0218613
-0.0508263
-0.0411996
-0.128554
-0.00624849
-0.0313887
-0.0846402
-0.0953614
-0.0779431
-0.0292674
-0.0333883
-0.134599
-0.0785031
-0.0323191
-0.0543395
0.0112283
-0.138287
-0.223707
-0.144965
-0.0171148
0.0208931
-0.116419
-0.072864
0.0680962
-0.0583606
-0.0762877
0.0289637
-0.000545636
-0.0223252
-0.0298421
-0.025896
-0.00432163
0.00568272
-0.12326
0.0571213
-0.0567497
-0.112648
-0.0101532
0.00281504
0.0145465
-0.0108824
0.00746567
0.0557688
-0.100989
-0.0576002
0.0284613
-0.0918502
-0.0282836
-0.0437734
-0.0165828
-0.0524946
-0.0740064
-0.00767125
0.266488
-0.0563477
-3.15846e-05
0.0238646
-0.00984248
-0.0298512
0.00809575
0.00890839
-0.0853306
-0.0813344
-0.0424227
-0.0594755
-0.165066
-0.141784
-0.0457131
-0.046698
0.00822937
-0.0588785
-0.023509
-0.0338811
-0.0731033
0.0346802
0.0120848
0.00395656
-0.00496718
-0.120097
0.0280319
-0.118994
-0.0230765
0.0342737
-0.0274353
-0.00174464
-0.00151225
-0.0694952
-0.0933111
-0.0832313
-0.10899
-5.24033e-05
-0.110393
-0.0200227
-0.0967816
-0.0684984
-0.166437
-0.162081
-0.0642395
0.0351288
0.00852514
-0.014245
-0.0370939
-0.0240227
-0.0736322
0.0149171
0.00165781
-0.0732196
-0.0468807
-0.0164954
-0.0753452
-0.186023
-0.0841435
-0.114236
-0.0953898
-0.0283936
0.0270768
-0.0724014
0.0520093
0.0393187
-0.120093
-0.0177382
0.00713882
-0.0637065
-0.119592
-0.0497539
-0.0751913
-0.00155955
-0.0503668
-0.0356001
-0.0105366
-0.0817916
0.00110219
-0.182884
0.0194085
-0.147222
-0.0438431
-0.0860661
-0.114991
-0.0530178
-0.159646
-0.00222486
0.0148967
-0.161201
-0.0857577
-0.014462
-0.0610857
0.0960181
-0.0484604
-0.001818
-0.0755475
-0.0242867
-0.0563943
0.00856043
-0.0238707
-0.0840175
-0.0103502
-0.122923
-0.0708495
-0.0923166
-0.049091
-0.0154009
-0.107495
-0.113848
0.0189562
-0.0797487
-0.0820763
-0.0246443
-0.165235
-0.0195667
-0.0367715
-0.0996883
-0.0365519
0.0148311
-0.110287
-0.13541
-0.106158
-0.0382789
-0.0857091
-0.0198077
-0.0981959
-0.175825
-0.0682346
-0.0640122
-0.134975
-0.0477882
-0.0177678
-0.0858686
-0.0042037
-0.0765661
-0.0721711
-0.0597503
-0.0189658
-0.0890018
-0.0387545
-0.0402422
-0.14917
-0.0228418
-0.00597026
-0.0940079
-0.0472504
-0.00955273
-0.0672137
-0.0441092
-0.0528604
-0.0886678
-0.0515417
-0.192548
-0.0202599
-0.0229328
-0.0407711
0.00531076
-0.0065994
-0.0816796
-0.0705817
-0.0527022
-0.0234076
-0.057971
0.0401559
0.00816264
-0.0290207
-0.00984606
-0.0223021
0.025275
-0.079608
-0.0469171
-0.0931487
-0.0403332
-0.0937089
-0.00858242
-0.0684628
-0.0779846
-0.00882743
0.0379068
-0.0766048
-0.0986036
-0.000348409
-0.0745018
-0.0897894
-0.0460072
-0.0189954
-0.0945313
-0.0473616
0.0160457
-0.0455736
-0.0563783
0.0197183
-0.0687116
-0.0167745
0.00275185
-0.00711765
0.0187154
-0.0333112
0.0182852
-0.00327191
-0.0190172
8.7601e-05
-0.0650259
0.0248273
0.0354187
-0.0446732
-0.160675
-0.00288727
-0.0352051
-0.0898892
-0.0797115
-0.0979207
-0.046023
0.241231
-0.0506448
-0.0526645
-0.0383595
-0.121575
-0.0263848
0.00655389
-0.139763
-0.0534052
-0.0919214
-0.0873754
0.0420447
0.0397573
-0.21234
-0.0297397
-0.10645
-0.0436741
-0.057692
-0.127101
-0.0719795
-0.120431
0.0175914
0.0436257
0.00605456
-0.0363444
0.154535
0.437192
-0.0683394
-0.0469412
0.0168542
0.00816972
-0.0518659
-0.0596888
0.0119759
-0.112989
0.0142731
-0.138022
-0.169808
0.0049364
0.0340382
-0.00685467
-0.0107464
-0.0117837
-0.00303264
0.195195
0.0170653
0.0307668
0.0288875
-0.258381
-0.0607264
0.0221116
-0.0136605
-0.110842
-0.0304791
0.0125684
0.026846
-0.0385839
0.0233861
0.0420321
-0.115506
-0.177936
-0.000764572
-0.0217075
0.0045016
-0.0900438
0.114279
-0.0977302
-0.0660401
-0.11793
-0.0597888
-0.00331852
-0.0633326
-0.0442964
-0.0615803
-0.0514288
-0.140572
0.0139596
-0.079242
0.0024735
-0.142589
-0.0636281
-0.003675
-0.118494
-0.0115731
-0.0410595
0.0321047
0.0644947
-0.00461468
-0.121773
-0.0703583
-0.0234809
0.0417839
-0.050519
-0.106989
0.0151641
-0.113993
-0.130247
0.496125
-0.0235256
-0.0864779
-0.0743793
-0.0375059
-0.0886391
0.023833
-0.0439512
-0.00684826
0.0547318
-0.0409336
-0.0116786
-0.111324
0.00122569
-0.0918069
-0.117751
-0.214942
-0.1159
-0.00481404
-0.132842
-0.0720493
-0.0618844
-0.0900324
-0.07034
-0.0503456
-0.0505001
-0.0419475
-0.0391973
-0.0603711
-0.0390588
-0.0893455
-0.133096
-0.0619729
-0.048221
-0.094034
0.0367695
-0.0456879
0.0187449
-0.0227159
-0.0791993
-0.0340958
-0.0853437
0.00113003
-0.16229
-0.00953254
-0.0519123
0.0340852
-0.221628
0.013673
0.022084
-0.0422624
0.0035829
-0.167396
-0.0145235
0.00619334
-0.0520855
-0.00780759
-0.0918406
-0.0676236
-0.0530776
-0.101795
0.0619436
-0.0932227
-0.0128088
-0.0493761
-0.00511844
-0.00359814
-0.0223752
-0.112092
-0.114405
-0.00163962
-0.100042
-0.0225462
-0.080329
0.026125
0.0228272
0.0383932
-0.0746098
-0.117495
-0.0304152
-0.134682
-0.00621745
-0.0136569
-0.170151
0.0385838
-0.0887605
-0.0605396
0.00381082
-0.0502762
-0.101262
0.00962389
0.0634989
-0.0267258
-0.109684
-0.0856363
-0.0701015
-0.191374
-0.122923
-0.0799486
0.0184295
-0.0609539
-0.0934341
-0.116551
0.119658
-0.0566113
-0.0604437
-0.0657306
0.0542911
0.0387501
0.0630804
-0.22836
-0.144366
-0.0984809
-0.0551965
-0.037254
0.0799672
-0.0274097
0.0372082
-0.0969745
0.0543243
-0.0259725
-0.0124153
-0.00270382
-0.0422022
-0.00124157
-0.0415166
-0.0259221
0.0280566
-0.0745888
0.0538287
-0.11337
-0.00649281
0.079732
-0.105162
-0.0456855
-0.00101263
-0.0733984
-0.0700679
-0.126871
-0.0434292
0.0347038
-0.0347147
-0.147518
0.00711348
-0.0375882
-0.0715749
0.0482811
0.0300719
-0.0990045
0.0472487
0.01583
0.0173352
0.0320886
-0.0860798
-0.136866
-0.112017
-0.0564573
-0.10666
-0.00979668
-0.118518
-0.0593954
-0.0482238
0.0128714
-0.0495703
-0.0283057
-0.104406
-0.0905017
-0.029628
-0.109967
-0.473003
-0.0836309
-0.0583934
-0.0605149
-0.0296716
-0.102448
-0.0867707
-0.0876807
-0.0247716
-0.0531194
-0.0105742
0.0630044
-0.0544397
-0.00723967
-0.0621355
0.0407982
-0.076995
-0.0575725
-0.0436711
0.0206402
-0.145645
-0.164775
-0.0240029
-0.0397639
-0.0161436
0.0487371
-0.046561
-0.0219802
0.0902995
0.0410358
0.0109663
-0.020925
-0.0356739
0.0215643
-0.0843222
0.00513796
0.0719066
-0.0836389
-0.100652
-0.0733944
-0.00307344
-0.0474377
-0.0354765
-0.0941777
-0.0842833
-0.11752
-0.192432
-0.0311245
-0.020341
-0.0900792
-0.0879598
0.0446845
0.0871893
-0.0284027
-0.0565152
-0.153928
-0.0206831
-0.0772976
0.101143
0.112643
-0.132445
0.0176086
-0.128076
-0.0480136
0.019228
-0.0705594
-0.1092
-0.0314624
-0.00961373
-0.211106
-0.0745618
-0.0938815
0.0204347
-0.0144116
-0.0800084
-0.0533164
-0.109468
-0.124248
-0.0475841
-0.0903222
-0.0649655
-0.0975951
-0.0175656
-0.053382
-0.143029
-0.0759155
-0.0823935
0.016404
-0.0136373
-0.0528644
-0.148426
-0.0342365
-0.00171833
-0.117666
-0.120733
-0.0817894
-0.0700975
0.0521124
0.0535549
-0.147023
-0.0765265
-0.102
-0.0385513
-0.0560448
-0.0270039
-0.0802195
-0.0513163
-0.0436714
-0.00136215
-0.0663017
-0.0342831
-0.108312
-0.0184343
-0.0562058
-0.105039
0.000403734
-0.165893
-0.00203955
-0.119614
-0.0201131
-0.0630069
-0.0961869
-0.0637211
-0.0927353
-0.0303223
-0.101409
-0.0150603
-0.0293557
-0.0570503
-0.0907881
-0.00947257
0.054339
-0.025227
-0.0938833
-0.00619274
-0.00683228
-0.132634
-0.10163
-0.0947812
-0.0211022
-0.00696338
0.0108844
-0.0192373
-0.015077
-0.0409576
-0.0608721
-0.108447
-0.0517462
-0.036005
-0.0510612
-0.0956433
-0.0684713
-0.179077
0.00372923
-0.0461399
-0.0407416
-0.146997
-0.095589
0.042385
-0.0944065
-0.10507
0.00971023
-0.0152152
-0.0688839
0.0367869
0.0647201
-0.0888908
-0.0630769
-0.0879036
0.114589
0.0288145
-0.117297
-0.0736398
-0.00640078
-0.123247
0.0776679
-0.0928685
-0.0371893
-0.0450068
0.0321634
-0.0950812
-0.0651346
-0.0327912
-0.0784043
-0.0599402
-0.0499692
-0.0649088
-0.0370354
-0.0827788
0.0578542
0.0391084
0.0151318
-0.0246442
0.057277
-0.0216011
-0.0318838
-0.0840053
-0.0246444
-0.0146485
0.047444
-0.137461
0.00283442
-0.0808714
-0.0126694
-0.0892044
-0.158388
-0.0526179
-0.0423394
-0.0596584
-0.103703
-0.0229388
0.00170757
0.0429209
-0.0157473
-0.0339685
-0.0699751
0.0261214
0.045246
-0.000612497
-0.128254
-0.136924
-0.101143
-0.0319662
-0.0121024
-0.00419305
-0.0885567
-0.0837827
-0.0289364
-0.144414
-0.218581
-0.0906059
-0.0679682
0.0100531
0.0129033
-0.0628948
-0.0473546
-0.0110736
-0.024305
-0.0773551
0.0295776
-0.0582105
-0.186435
0.00942431
-0.0450698
-0.145796
-0.0231756
0.0415654
-0.0736526
-0.0844001
-0.0458798
-0.123439
0.00260356
-0.103584
-0.501579
-0.0896809
0.0648514
-0.138658
-0.036643
-0.0587307
-0.146412
0.0687297
-0.048467
-0.0310405
0.0155144
-0.148947
-0.0584103
0.0478815
0.0117691
-0.0541071
-0.00796663
-0.0254909
-0.148881
0.0514075
-0.0992391
-0.0470547
-0.105463
-0.0486951
-0.00649819
-0.0428972
-0.0787473
-0.040159
-0.0455603
-0.0723097
0.0751902
-0.0728302
-0.0842024
-0.069054
-0.107094
-0.0244541
-0.0891773
-0.0757359
-0.0477382
-0.0143002
-0.0245629
-0.0344756
-0.0373989
-0.0357896
-0.0544579
-0.104164
-0.00402713
-0.126619
-0.0104227
0.0253089
0.118143
0.00853502
-0.0980377
-0.0317758
-0.0304643
-0.118766
0.0329724
0.00148128
-0.0755988
-0.0387026
-0.221703
-0.096868
-0.0529083
-0.121443
-0.00203106
-0.037532
-0.0121763
-0.120219
-0.0777937
-0.126043
-0.0204412
-0.0213295
-0.14004
-0.0757423
0.0217413
-0.0333402
0.00657603
-0.0207231
-0.00470447
-0.0437049
0.0204626
-0.0151719
-0.0105407
-0.0545747
-0.0632218
-0.11728
-0.0723926
-0.116521
-0.119341
0.0192403
-0.0807938
0.0472631
-0.183479
-0.00257814
-0.0857665
0.182729
-0.0616948
-0.084083
-0.116614
-0.144324
-0.0146746
0.00739997
-0.122574
-0.235171
-0.0361612
0.0366648
-0.00360685
0.0262318
0.00582456
-0.0401344
0.0423589
-0.135375
-0.0112264
-0.034952
-0.132335
-0.0985081
-0.0488985
-0.0671775
-0.0749136
-0.0467102
-0.108258
-0.118856
-0.00987173
-0.0113653
-0.047228
-0.0355109
0.00754137
-0.0333588
-0.0371447
-0.134995
-0.115735
0.0309316
-0.0301293
-0.0722929
-0.0625085
0.044395
0.0128114
-0.0954084
-0.117105
-0.127887
-0.029674
-0.0994274
-0.03827
0.00427332
-0.151552
-0.0158256
-0.103032
0.0134506
-0.102882
-0.0840334
-0.030287
-0.0221218
-0.0410451
0.0416978
-0.0439266
-0.0175521
0.0404475
-0.158764
-0.00944917
-0.0293559
-0.0297868
-0.0108993
-0.0128768
-0.119376
-0.0343436
-0.11301
-0.0986303
-0.0238308
-0.0509182
-0.0621979
0.0014214
-0.10012
-0.0473334
0.0269261
-0.123634
-0.0294092
-0.0819255
-0.0666822
0.00614283
-0.0635944
-0.00636378
-0.0527667
-0.0917528
0.0228709
-0.038182
-0.102573
0.000450981
-0.0737859
0.00773887
-0.229108
-0.0309872
-0.0936325
-0.0768182
0.00683594
-0.136518
-0.0210061
0.0523849
-0.0503403
0.00410172
0.0693992
-0.000889901
-0.0346057
0.0560374
-0.0312954
-0.046123
-0.174127
-0.054047
-0.0525735
-0.0598579
-0.0356885
-0.074889
-0.0468862
0.00592251
0.0706994
-0.0816217
-0.0476062
-0.15708
-0.0794858
0.0583871
-0.116781
-0.0655255
0.0375958
-0.093191
-0.0371336
-0.0381618
-0.0551189
-0.115412
-0.0398548
0.00635203
0.0257529
-0.147929
-0.229997
-0.0616148
0.0544519
-0.0586456
-0.104182
-0.240429
-0.0789571
0.00571795
-0.0718283
-0.0698384
0.00253136
-0.0148705
0.0570741
0.0470246
-0.083845
0.0070617
-0.00183765
0.0324925
-0.0223513
-0.0644212
-0.108312
-0.0887405
-0.162421
-0.137456
0.0416044
0.0065352
-0.00612143
-0.0395559
-0.0603568
-0.179778
-0.109209
0.0423656
-0.0772742
-0.0651611
0.0185155
-0.0247366
-0.0460971
-0.0695539
-0.0172742
-0.0715153
0.0796098
-0.0864477
-0.0559921
-0.078751
-0.00503147
0.0177305
-0.0690545
0.00678915
0.0200147
-0.0283571
-0.0662398
-0.120643
-0.0387989
0.00654012
-0.069252
-0.00517204
-0.078148
-0.112305
0.686632
-0.0402819
-0.113456
-0.0930261
-0.0350757
0.0745785
-0.126245
-0.0713513
-0.0948018
-0.139164
-0.12939
0.00558957
-0.0849044
-0.0403521
0.0244806
-0.107071
-0.0259851
-0.134039
-0.0854041
0.0215499
0.00170329
0.0252143
0.0176671
0.0266691
-0.160926
0.0799069
-0.0375711
-0.0719448
0.006065
0.0347247
-0.0618476
-0.23708
-0.0403919
-0.0219516
-0.122104
-0.169736
-0.103717
0.0176436
-0.0493187
-0.257293
0.133137
0.00812328
-0.0707839
-0.0159114
-0.0529384
0.0233161
-0.01496
-0.0793744
-0.117549
-0.0267199
-0.0802827
-0.0128432
-0.119543
-0.0613962
-0.0325646
-0.0454106
-0.0921154
-0.0764254
0.0580923
-0.155208
-0.0785758
-0.000861163
-0.0480598
-0.0909733
-0.0474167
-0.0464955
-0.149881
-0.0340397
-0.0747827
-0.00394415
0.105445
-0.0445811
-0.164348
-0.0990029
-0.0484659
-0.102817
0.00759949
0.00999772
-0.13456
-0.0766737
-0.145706
-0.0309549
-0.0617059
-0.156821
0.0167596
-0.0229293
0.0551407
-0.216989
-0.0647321
-0.0470742
0.0172202
-0.0263808
-0.128638
0.0480027
-0.0263238
-0.113585
-0.0175207
-0.0793251
-0.109774
0.10844
-0.0153321
0.027396
-0.0880285
-0.00570014
-0.0719753
0.0697447
-0.0962135
-0.0440427
-0.0410254
-0.0653386
-0.0292586
-0.126975
-0.0334073
-0.0497499
0.0747382
-0.193236
0.0272001
-0.029343
-0.114262
-0.100467
-0.0818985
-0.0911588
-0.0423366
-0.031694
-0.143646
-0.128462
-0.0443418
-0.077528
0.00599595
-0.00732003
-0.0285055
-0.0831306
-0.0276496
-0.0059347
-0.00622664
-0.0470627
-0.0460813
0.0648487
0.048881
-0.0353038
-0.0139353
-0.0714145
-0.185057
-0.00200761
-0.0901221
-0.0280099
-0.0352156
0.0571728
-0.0146967
0.0394009
-0.0352543
-0.0901388
0.077934
-0.00859764
-0.0622642
-0.00421138
-0.0564258
0.0462748
-0.139682
-0.122256
-0.113889
-0.098073
-0.150734
-0.0376865
-0.0346237
-0.112406
-0.0394538
0.0157081
-0.078425
-0.00516123
-0.030771
-0.124314
-0.0635947
0.013595
-0.121797
-0.0617181
-0.0628015
-0.0618053
0.0355973
-0.0369826
-0.0477405
-0.0569391
-0.0862673
-0.00410304
-0.107804
0.002036
-0.268378
0.00747514
-0.1192
0.0202595
-0.0214168
0.0221829
-0.0820334
-0.0582208
0.002102
-0.0283094
-0.0483116
-0.155274
-0.118098
-0.0135623
-0.014649
-0.0482066
-0.106276
-0.0208822
-0.141725
-0.155991
-0.0167018
-0.090506
-0.0148223
-0.0521362
0.0256698
-0.0687733
-0.0489312
0.00905745
-0.143155
-0.0305521
0.0242217
-0.0705197
-0.0186082
-0.0269833
0.0242837
-0.0881564
-0.044793
-0.00956278
0.0622338
-0.0228299
-0.0111417
0.121296
-0.063799
-0.0681541
-0.0412667
0.0152921
-0.0218264
-0.11775
-0.0640047
-0.0485168
-0.113058
-0.00316347
-0.136905
-0.0654986
-0.0912956
-0.0439954
-0.04772
-0.127395
-0.0626608
0.0873536
-0.0520329
-0.00508132
-0.0847603
-0.0248585
-0.0237078
0.0426374
-0.148471
-0.0631735
0.000165179
-0.103373
0.00389249
-0.0665513
-0.049506
-0.114292
0.00686458
0.000395961
0.0442925
-0.0543532
-0.0584307
0.0570508
0.0316263
-0.0205989
-0.0153226
-0.142267
-0.0656044
-0.0775654
-0.0889899
0.0653509
-0.0110036
-0.0611521
0.047173
0.025942
-0.0815173
-0.0470955
-0.0454925
0.00229483
-0.0338755
-0.0579198
-0.062541
-0.141652
-0.0352474
-0.0216204
-0.060325
-0.115313
-0.00226367
0.0321582
0.0242957
-0.0781013
-0.0324329
-0.0553153
-0.0367256
-0.0773088
-0.0741751
-0.0897561
-0.0056665
-0.0604674
-0.0841074
-0.103169
-0.0113773
0.00816325
0.0025696
0.000735076
0.032909
-0.0140682
-0.0160482
-0.073181
-0.107279
-0.0981067
0.0624627
-0.00714941
-0.102102
-0.0499253
-0.0704122
-0.0807487
0.00773146
-0.0110149
-0.126504
0.0198732
-0.0629357
-0.0303085
-0.0137082
-0.0482805
-0.023312
-0.0636629
0.0460219
-0.0542559
-0.0307788
0.0339673
-0.00927512
-0.114311
-0.0804698
0.0460343
-0.14125
0.00210766
-0.0895019
-0.0461439
-0.0348194
-0.00738002
0.028831
-0.103218
0.0307854
-0.0236294
-0.0664422
-0.0175926
-0.00168547
-0.0865358
0.0284063
0.0101745
0.0255148
-0.0652688
-0.107366
0.0704628
-0.111913
-0.159906
-0.0414314
-0.0662705
-0.0411479
0.000350024
-0.0341508
0.00324683
0.0122674
-0.0114438
-0.102088
-0.000121375
-0.0262102
0.0443033
-0.0207816
0.0318548
-0.10956
-0.0183586
-0.149043
-0.0374879
-0.0548955
-0.104956
0.00359258
-0.141386
-0.0358358
