0.019848
0.0219523
0.0152032
0.0220774
0.0208908
0.0250819
0.013618
0.0150625
0.0160288
0.0156074
0.016217
0.0191281
0.0133302
0.0223214
0.0165928
0.0143839
0.0172832
0.0137551
0.0220486
0.0199999
0.0109271
0.0198227
0.0162556
0.188807
0.0160062
0.0179565
0.0168995
0.0309917
0.0199579
0.0172822
0.0137152
0.0215282
0.0132006
0.0203643
0.0227245
0.0182959
0.0229149
0.0218672
0.0250051
0.0158511
0.0184187
0.0175553
0.0178536
0.0174025
0.0148141
0.0260374
0.0186217
0.019326
0.0148336
0.0196526
0.0133709
0.0158402
0.0213312
0.0133538
0.0226958
0.017809
0.0160415
0.0248269
0.0183234
0.0135591
0.0175912
0.0158069
0.0178939
0.0143449
0.019781
0.0140953
0.0244942
0.0190451
0.0148252
0.0116162
0.0198725
0.0215567
0.0356442
0.0164316
0.0128638
0.0152498
0.0354419
0.0161968
0.0207105
0.0197112
0.024429
0.0131356
0.0173266
0.0129317
0.020698
0.0155545
0.0142756
0.0138231
0.0165626
0.0198069
0.0137672
0.0122683
0.0120637
0.0167752
0.0170574
0.0172188
0.0208235
0.0189257
0.0222548
0.0200966
0.0139633
0.0319929
0.0198835
0.0166993
0.0224251
0.0140585
0.0121879
0.0148437
0.0176505
0.0147801
0.0186224
0.0245014
0.0182552
0.0183266
0.0228223
0.018822
0.0320818
0.0168505
0.0139332
0.0179415
0.0329867
0.0178489
0.0168074
0.0161371
0.0268419
0.0151628
0.0185128
0.020954
0.0146461
0.0161476
0.0155862
0.0169172
0.0172993
0.0174222
0.018402
0.0168102
0.104269
0.017181
0.0263382
0.0176321
0.0207974
0.0175724
0.0271118
0.0139559
0.0123884
0.0138808
0.0183071
0.0194725
0.0491419
0.0122781
0.0162108
0.0215658
0.0224608
0.010109
0.020714
0.0202254
0.0142442
0.0214467
0.0153096
0.0171857
0.0146678
0.0158304
0.0139481
0.0227166
0.0176235
0.0251643
0.0233249
0.0168308
0.0153313
0.0194415
0.0165859
0.031495
0.0221118
0.00978652
0.0174906
0.0136354
0.0184512
0.0146963
0.0173288
0.0238553
0.0156607
0.0191539
0.0215348
0.0168497
0.0198869
0.0264352
0.0207566
0.0195658
0.0146427
0.0167083
0.0118284
0.0206355
0.0163302
0.0159161
0.0256921
0.022509
0.0249772
0.0194997
0.019491
0.0432775
0.0291776
0.0201368
0.0159146
0.0178963
0.0146664
0.0184349
0.0136891
0.0122931
0.0167729
0.0240022
0.0159236
0.0162641
0.0243012
0.0180732
0.0189092
0.0203493
0.0166576
0.0221529
0.0243883
0.0140174
0.0133224
0.0254841
0.0157832
0.0219824
0.018112
0.0225014
0.0222016
0.0118192
0.0155094
0.0162524
0.0277795
0.0210144
0.0159594
0.0166629
0.019976
0.0204265
0.0189212
0.0248531
0.0167925
0.0136831
0.0187595
0.0112675
0.0206077
0.0203186
0.0123948
0.0185744
0.0160121
0.0163624
0.0237517
0.0180084
0.014131
0.0126229
0.0139729
0.0191912
0.0215563
0.0169188
0.0165985
0.0162336
0.0179026
0.0191675
0.014218
0.0189703
0.0163176
0.0185745
0.0203917
0.0195158
0.0159371
0.0163281
0.0177954
0.0163423
0.0208652
0.0146973
0.020766
0.0250042
0.0211873
0.0177615
0.0188787
0.0124005
0.018286
0.0213563
0.0145644
0.0186723
0.0181228
0.0158975
0.0152605
0.0200786
0.028793
0.0267752
0.0178907
0.0260112
0.0159926
0.0104337
0.0170469
0.0188235
0.0217806
0.0204515
0.0154754
0.0158939
0.0235492
0.0111528
0.0166641
0.0258728
0.018108
0.0247659
0.019023
0.0149396
0.0174897
0.0139421
0.0183444
0.0148585
0.0202909
0.0163129
0.0228176
0.014537
0.019195
0.0221651
0.0178547
0.0192407
0.0207888
0.0195427
0.0158862
0.0190733
0.0210066
0.0195349
0.0277549
0.012119
0.0240664
0.0224482
0.0239957
0.0193893
0.0191686
0.0172833
0.0126108
0.0306754
0.0173042
0.0175118
0.0223578
0.0259688
0.0144873
0.0171089
0.0155833
0.0309619
0.015084
0.017573
0.0233017
0.0205359
0.0167583
0.0206784
0.0203633
0.0164533
0.0133916
0.0236327
0.0212564
0.0129664
0.0187096
0.018861
0.0162076
0.0180242
0.0184876
0.0124793
0.0120888
0.0224009
0.0174695
0.02036
0.0155858
0.0192556
0.0164323
0.0137812
0.012359
0.014094
0.02069
0.0160803
0.0181726
0.0204525
0.0165193
0.0147699
0.0190262
0.0248743
0.0282532
0.0166838
0.0205443
0.017083
0.0172523
0.018545
0.012774
0.017721
0.0261795
0.0171342
0.0184685
0.0228684
0.0366647
0.0151618
0.0217793
0.0168733
0.0125438
0.0123956
0.0177652
0.0210532
0.0130231
0.0161302
0.0181812
0.0189053
0.0165718
0.0174858
0.0172496
0.0159998
0.0118915
0.0225358
0.020039
0.0142112
0.0105911
0.01407
0.0189031
0.0231769
0.0190853
0.0202257
0.0138931
0.021926
0.00939072
0.0232153
0.0165392
0.0124832
0.0160849
0.0198992
0.0182895
0.0165324
0.0215745
0.0282857
0.0203099
0.0241826
0.0148568
0.023131
0.0201852
0.0253119
0.0200275
0.0161823
0.00863625
0.0163192
0.0164522
0.0186667
0.0151893
0.0164885
0.0132401
0.0151522
0.0189941
0.0180364
0.0292511
0.0201622
0.0163576
0.0188635
0.0111508
0.0204887
0.0262947
0.0175654
0.0198271
0.0155974
0.0176815
0.0210631
0.0215931
0.0221618
0.015742
0.0150114
0.0157363
0.0214202
0.013981
0.0194445
0.0381709
0.0166207
0.0158874
0.0178681
0.0176128
0.0390102
0.0201938
0.0195244
0.0229098
0.0183647
0.0157651
0.0197788
0.0217893
0.0159995
0.0151333
0.0169127
0.0163545
0.0200875
0.0177107
0.0166981
0.0144636
0.0174895
0.0232455
0.0181202
0.0426421
0.0190319
0.018114
0.0182251
0.0130429
0.0361401
0.0198071
0.0210802
0.0144016
0.0163994
0.0258593
0.018101
0.0329972
0.0181153
0.0178703
0.023122
0.0267633
0.0170369
0.0182283
0.0107495
0.0182129
0.0251381
0.0175935
0.0184607
0.0188201
0.0158262
0.0213417
0.0161212
0.0168616
0.0239871
0.0181695
0.0399866
0.0232132
0.0203588
0.0197187
0.0190216
0.0207714
0.0155043
0.0153787
0.0261876
0.0140545
0.0177197
0.017493
0.0166104
0.020274
0.0187123
0.0159712
0.0161715
0.0233591
0.0215701
0.00742535
0.0145641
0.0213235
0.0150917
0.014889
0.0191627
0.0221583
0.0123609
0.0160079
0.0205752
0.0254928
0.0154438
0.0167405
0.0211501
0.0209529
0.0164914
0.0218391
0.0130488
0.0102077
0.0116866
0.0169019
0.0166617
0.0188931
0.0171898
0.0242946
0.0195249
0.0216368
0.018841
0.0147296
0.0157984
0.014994
0.0216885
0.0171174
0.0174597
0.0173685
0.015589
0.0194129
0.0195029
0.01228
0.014537
0.0184718
0.016399
0.0132634
0.0194638
0.0188884
0.0177806
0.0110563
0.0154635
0.0197498
0.0159775
0.0208068
0.0201914
0.0163169
0.0147918
0.0148294
0.0152826
0.020254
0.0160358
0.0172476
0.0240665
0.0150828
0.0185473
0.01947
0.0166297
0.0138035
0.0165192
0.0152371
0.0228238
0.0160771
0.0154593
0.0192399
0.0266048
0.0208852
0.0228401
0.0148632
0.0202774
0.0307754
0.0155263
0.020455
0.0206667
0.0222812
0.0110066
0.0173147
0.0140565
0.0143044
0.0183162
0.0204685
0.0177765
0.0114855
0.0144443
0.019884
0.0109128
0.0164179
0.0143723
0.0205894
0.0143921
0.0196622
0.0211012
0.0225646
0.015975
0.0177594
0.0222344
0.0188762
0.0655856
0.0148551
0.0144248
0.0390294
0.0243984
0.0176517
0.0160591
0.0199278
0.0173673
0.0154877
0.0210732
0.0164687
0.0121406
0.0285824
0.0181816
0.012226
0.0172883
0.0174223
0.0241703
0.0203681
0.0177318
0.0193138
0.0186956
0.0204742
0.0136939
0.0172597
0.0163649
0.0195156
0.0159258
0.0233149
0.0177004
0.0140254
0.0145227
0.0140339
0.0183028
0.0195633
0.0199173
0.0118723
0.0196065
0.018123
0.0238291
0.0158577
0.032792
0.0238283
0.0219319
0.0247409
0.0210489
0.0142254
0.0148314
0.0195557
0.0151845
0.0230077
0.016968
0.0194256
0.0155072
0.0141386
0.0130373
0.0163011
0.0205252
0.0156597
0.0219622
0.0220091
0.0214624
0.0137197
0.0258448
0.0164811
0.0193933
0.0164694
0.0172809
0.0176795
0.0256309
0.0129523
0.0224035
0.022421
0.0126379
0.0179117
0.0188831
0.0170077
0.0181523
0.017409
0.0182193
0.0176063
0.0210845
0.0198361
0.0199611
0.0136671
0.0156686
0.0145161
0.0189454
0.0217985
0.0210568
0.0168948
0.0141057
0.0157381
0.0189564
0.019183
0.0156497
0.02008
0.0210452
0.0211075
0.0204912
0.0189266
0.0176379
0.0217802
0.0228172
0.0155247
0.0275818
0.0225206
0.0213029
0.0104701
0.0186891
0.0210418
0.0119829
0.0385763
0.0208621
0.0151352
0.0246046
0.023237
0.0228157
0.019295
0.0180749
0.0247419
0.0188555
0.0181136
0.0443899
0.0120437
0.0212312
0.0193911
0.0165144
0.0226517
0.0193589
0.0140176
0.0215884
0.0207261
0.018356
0.0212968
0.0165027
0.0183013
0.0189399
0.0223765
0.0141564
0.0162128
0.0183928
0.0204509
0.0222405
0.0184888
0.017383
0.0208395
0.0191549
0.0163361
0.0213896
0.0197333
0.023996
0.0657225
0.0180167
0.0210598
0.0166064
0.0153734
0.0165505
0.0240293
0.0185492
0.018114
0.0137099
0.0159519
0.0251239
0.0177589
0.0141262
0.0161471
0.0230453
0.0111991
0.0128452
0.0163888
0.0173925
0.0125948
0.0146408
0.0163131
0.0147288
0.0194095
0.0160581
0.0196854
0.0153028
0.0221674
0.0152019
0.0131595
0.023824
0.0151928
0.0232911
0.0163374
0.0182351
0.0167898
0.0161719
0.0147184
0.0173468
0.0165092
0.0142866
0.0162456
0.0248035
0.0148391
0.01831
0.018222
0.0188598
0.0205113
0.0163391
0.0143523
0.0218151
0.0210722
0.0157808
0.0174755
0.0166572
0.0184997
0.0126314
0.0185698
0.0167339
0.0294087
0.0942529
0.0131656
0.0212991
0.0170984
0.0211871
0.0188256
0.00988696
0.0138542
0.0153372
0.0151073
0.0196362
0.0192137
0.0135427
0.0268959
0.0119195
0.0171467
0.0169861
0.0210751
0.0204066
0.0124002
0.0151667
0.0160637
0.0188725
0.0176483
0.0226354
0.0202931
0.164546
0.0242035
0.0166018
0.0150958
0.0224973
0.010983
0.0161574
0.017006
0.0307765
0.0191005
0.0246483
0.0245551
0.0133093
0.0158083
0.0182641
0.0142478
0.0221311
0.0166683
0.137065
0.0154912
0.0217103
0.0176475
0.0324332
0.0211875
0.0225378
0.0175509
0.019555
0.0192305
0.0192092
0.0218701
0.0201996
0.0180648
0.0162818
0.0112646
0.01762
0.0221356
0.0211359
0.017103
0.0141246
0.0206853
0.0265561
0.0123173
0.0345846
0.0177852
0.0177346
0.0283387
0.0169478
0.0139271
0.0149331
0.0178079
0.0121633
0.0173799
0.0197192
0.0185038
0.0219846
0.0258342
0.0155145
0.0192799
0.0199858
0.013513
0.010709
0.0171368
0.0174711
0.013618
0.0233814
0.0146652
0.0284431
0.0182931
0.0155449
0.0216931
0.0145405
0.100452
0.0144305
0.0138607
0.0115081
0.0202374
0.0221455
0.0107771
0.0213467
0.0155912
0.0177869
0.0183804
0.018064
0.0133509
0.0173824
0.0222347
0.0240538
0.0185014
0.0216081
0.0193721
0.0157115
0.0163272
0.0126865
0.0213246
0.0229096
0.0160134
0.0166925
0.0349525
0.0132987
0.016295
0.0157371
0.0147232
0.0208891
0.0173882
0.0276799
0.0153092
0.0166725
0.0213076
0.0109763
0.0133704
0.0178871
0.0168901
0.015387
0.0174088
0.0246202
0.0142413
0.0182588
0.0140872
0.0233563
0.0159562
0.0175281
0.0229522
0.0150489
0.0139814
0.0168812
0.015091
0.0157303
0.0124814
0.0210285
0.014861
0.0287583
0.0230414
0.0122942
0.0189365
0.0159078
0.0183393
0.0214852
0.0152173
0.0153899
0.0224813
0.0199157
0.015163
0.0216434
0.0153242
0.0151129
0.0114918
0.0186189
0.0166482
0.0160074
0.0139377
0.0247683
0.0264754
0.0196929
0.0213851
0.0194928
0.0423755
0.0179147
0.0147944
0.0130837
0.01353
0.0225531
0.0324267
0.0136809
0.0233638
0.0185893
0.0191459
0.019507
0.0218199
0.0161233
0.0218809
0.0174236
0.0157209
0.0153806
0.0202474
0.0457716
0.0153576
0.0176343
0.0147744
0.0193808
0.0208218
0.015823
0.0168558
0.0153843
0.0192853
0.0233877
0.0132622
0.0121898
0.0147993
0.0273775
0.020178
0.0197762
0.020257
0.0188689
0.0193161
0.0216209
0.0168031
0.020779
0.0185798
0.0174262
0.0202416
0.0185273
0.01366
0.0198225
0.0364079
0.0226659
0.018594
0.0172791
0.0164304
0.0178181
0.023102
0.0221373
0.0160583
0.01739
0.0155911
0.0173895
0.014641
0.0160863
0.0139252
0.020446
0.0134775
0.0235859
0.0156829
0.0141682
0.0157026
0.0156829
0.015155
0.0231687
0.0217392
0.0195338
0.0289481
0.0223708
0.0163632
0.0163086
0.0201444
0.0208608
0.0142775
0.0238386
0.0229359
0.0198564
0.0256335
0.0729596
0.0180313
0.0180225
0.0230274
0.0142506
0.0141879
0.0138271
0.01958
0.0127551
0.0145053
0.0197674
0.0218106
0.015452
0.0173693
0.0184847
0.0161767
0.013492
0.0158816
0.0168025
0.025623
0.0187214
0.0184866
0.0158133
0.0168192
0.0165706
0.0124946
0.0177278
0.0252964
0.0162714
0.0162446
0.0135994
0.0218873
0.0216155
0.0181546
0.0227569
0.00990015
0.0176074
0.0227477
0.0172314
0.0167367
0.0188012
0.0210241
0.0195252
0.0152574
0.0244544
0.0184611
0.0150165
0.014941
0.0236331
0.0172253
0.0200795
0.0136688
0.0250695
0.0164653
0.0159655
0.0151958
0.0198558
0.0145089
0.0201103
0.00979255
0.01435
0.0158276
0.0228122
0.01998
0.0704451
0.019478
0.0238401
0.02217
0.0154485
0.0214784
0.0202959
0.014082
0.0125034
0.0162014
0.022112
0.0220381
0.0261288
0.0176983
0.0175262
0.0143765
0.0236101
0.0122442
0.0163035
0.018943
0.0201147
0.0186337
0.0236206
0.0144537
0.0168698
0.0124097
0.022632
0.025949
0.0122976
0.0202344
0.0153169
0.0209944
0.017033
0.0205606
0.0190947
0.0174509
0.0135286
0.0142863
0.0199724
0.018334
0.0189316
0.0241716
0.0184372
0.0144911
0.0181412
0.0138727
0.0177894
0.0224628
0.0219517
0.0168014
0.0196652
0.0160119
0.061551
0.0195212
0.0250056
0.014174
0.0166346
0.0143798
0.0209171
0.0228127
0.0208518
0.0170977
0.0249723
0.0160035
0.025244
0.0176863
0.0200895
0.0114058
0.0192891
0.017785
0.0178255
0.0188782
0.0185997
0.0163692
0.0163489
0.0232676
0.0167841
0.0195495
0.0204619
0.0154942
0.0136627
0.0197362
0.0147568
0.0219199
0.0148319
0.0122597
0.010755
0.0187197
0.0218496
0.0136784
0.021776
0.0197556
0.0136753
0.0156149
0.0183285
0.0178834
0.0256194
0.0165871
0.0204818
0.0179393
0.018043
0.0232984
0.0178243
0.0182949
0.0205542
0.0211183
0.0206679
0.0183286
0.0185638
0.0115386
0.0169299
0.00849719
0.0194755
0.0158949
0.018371
0.0208242
0.0203755
0.0167064
0.0170843
0.0120909
0.0174415
0.0183336
0.0160445
0.0188141
0.0206243
0.022457
0.0132484
0.0107553
0.0165179
0.0254824
0.0203948
0.016982
0.0135251
0.0230037
0.0221729
0.0184254
0.0219096
0.0190804
0.0188916
0.0164172
0.0229367
0.0201786
0.0203139
0.0146819
0.0168672
0.0191601
0.0185711
0.0146532
0.0199741
0.0153532
0.0241032
0.0192956
0.0166995
0.0141613
0.0178824
0.0167494
0.0181372
0.0112758
0.0153732
0.013655
0.0202173
0.0206711
0.0152102
0.0202481
0.0210586
0.0244419
0.0143006
0.0192527
0.0173901
0.0212257
0.016645
0.0306442
0.0138921
0.0224495
0.018209
0.0154451
0.0162886
0.0190011
0.0167068
0.0187701
0.0172992
0.016298
0.0152525
0.0107627
0.0230295
0.0209778
0.0184095
0.0113938
0.021663
0.0477317
0.0167781
0.0169131
0.0154494
0.0224873
0.0121604
0.0214725
0.0219408
0.0159916
0.0182456
0.0093479
0.0225893
0.0183149
0.0176468
0.017077
0.0243044
0.0251147
0.0142051
0.0275239
0.0126116
0.0215406
0.0187425
0.0113228
0.0190416
0.023794
0.0269194
0.0125262
0.0164039
0.0206257
0.0213696
0.013759
0.0156778
0.0166262
0.0160079
0.0195183
0.0149185
0.0217456
0.0156381
0.0151284
0.017423
0.0192078
0.0146185
0.0223294
0.0129783
0.0159205
0.0186996
0.0156091
0.0180717
0.0200981
0.0217953
0.0475048
0.0162682
0.0147661
0.0154124
0.0146815
0.0149227
0.0196454
0.0213129
0.0513705
0.0173976
0.0207704
0.0207032
0.0168827
0.0194106
0.0211619
0.0177013
0.013812
0.0147361
0.0151017
0.0215008
0.015836
0.0101561
0.0177602
0.0147652
0.0126932
0.0211639
0.0179404
0.00877511
0.0115647
0.0200686
0.0173853
0.018742
0.0175374
0.0168735
0.0180537
0.0207652
0.0156214
0.0252883
0.0212197
0.0192405
0.0244796
0.0171115
0.01704
0.0218775
0.0215856
0.0355905
0.0172817
0.0152181
0.0171581
0.0218042
0.014995
0.0134072
0.0174695
0.0740818
0.0224972
0.0147536
0.0124635
0.0231224
0.0385835
0.014053
0.0189844
0.0146023
0.0166241
0.013975
0.017785
0.0193065
0.0149825
0.021903
0.0122044
0.0161391
0.0128664
0.0151218
0.0182564
0.0127973
0.0221361
0.0137984
0.0169957
0.0162614
0.0164546
0.0253748
0.0171467
0.0139901
0.0242523
0.0186224
0.010499
0.0314386
0.0209439
0.0197463
0.0211849
0.0201381
0.0166587
0.0212805
0.0161498
0.0178196
0.0159165
0.0248329
0.0140864
0.0188956
0.0181644
0.0209336
0.0179246
0.0191745
0.0157335
0.0199572
0.0152051
0.0171472
0.0268355
0.026461
0.0154703
0.0191628
0.0175734
0.0137361
0.0195321
0.0129116
0.0182872
0.024591
0.0160255
0.0110971
0.0227422
0.0159301
0.0187599
0.0225006
0.0153466
0.0190897
0.0173013
0.0192559
0.0126146
0.0177119
0.0149684
0.0194231
0.0161805
0.021994
0.0264744
0.0232821
0.0145608
0.0235894
0.0180047
0.0149109
0.0102849
0.0289858
0.0206536
0.0203065
0.0223665
0.0121726
0.0206876
0.0179545
0.0197745
0.0147967
0.0192944
0.0195169
0.0163458
0.0135384
0.0217563
0.0178743
0.0190148
0.0203775
0.0173481
0.0151852
0.0160732
0.0169664
0.0130582
0.0205373
0.0226378
0.0196231
0.0167614
0.0112851
0.0147778
0.0139999
0.017977
0.0190363
0.0200442
0.0138857
0.0162784
0.0104993
0.0197872
0.0229301
0.0170591
0.0154761
0.012449
0.0176102
0.01707
0.0171573
0.0171628
0.0232529
0.018548
0.0176905
0.0210493
0.0216853
0.0184807
0.0201738
0.016507
0.0164162
0.0187896
0.0206977
0.0200299
0.0203109
0.0139531
0.0144654
0.0153625
0.0252998
0.0207933
0.0269373
0.0180441
0.0168868
0.0180812
0.0211831
0.0170171
0.0151248
0.0143271
0.0216462
0.023812
0.0194869
0.0137491
0.0144622
0.017968
0.014826
0.0174855
0.0193746
0.0175723
0.0219313
0.0170249
0.0164041
0.024102
0.0192435
0.0211896
0.0243404
0.0146461
0.014868
0.0186477
0.0166579
0.015478
0.0140057
0.0223015
0.0147466
0.0190786
0.0176232
0.0154361
0.015523
0.0185307
0.058178
0.0186279
0.036219
0.0155018
0.0211824
0.0104442
0.0162267
0.0155321
0.0179772
0.0203363
0.0118032
0.0280095
0.0175683
0.0200137
0.0226406
0.013405
0.0192673
0.0160116
0.0295638
0.0148066
0.0139
0.0144405
0.00835775
0.0183064
0.0191056
0.0247554
0.0198072
0.0109776
0.0141311
0.0186211
0.0222431
0.0266188
0.0154851
0.0190971
0.021376
0.0175916
0.0159387
0.017317
0.0140233
0.018421
0.0204753
0.022689
0.0145354
0.0206507
0.0158536
0.0174461
0.0120394
0.0172704
0.0233214
0.0218432
0.0157805
0.0209561
0.0167668
0.0169712
0.0175465
0.0279855
0.0147402
0.0167987
0.0210808
0.0186375
0.0185514
0.017924
0.0157644
0.0166355
0.0131779
0.0189642
0.0236559
0.0183426
0.0261234
0.0192316
0.015198
0.0285709
0.0204743
0.0103533
0.0174908
0.0150882
0.0133331
0.0139112
0.0195912
0.0207901
0.0417531
0.0176606
0.021483
0.121907
0.0179265
0.0157621
0.0138368
0.0327907
0.017125
0.019107
0.0217106
0.016602
0.0231968
0.0163063
0.0155825
0.0147527
0.0192223
0.0142403
0.0197091
0.0176218
0.0194656
0.0212863
0.0166375
0.0190462
0.0138639
0.014958
0.015045
0.0150062
0.012943
0.011739
0.0224533
0.0138192
0.0199448
0.018474
0.0206374
0.0208244
0.0163092
0.0128097
0.0202388
0.015977
0.0134358
0.0201162
0.0193089
0.01887
0.0398538
0.0188248
0.0407411
0.016349
0.0192313
0.014575
0.0198805
0.0287653
0.0211322
0.0158438
0.0164614
0.0215467
0.0137783
0.0478258
0.0267671
0.0219187
0.0147712
0.0159412
0.018177
0.0158315
0.0211471
0.0173536
0.0151048
0.020196
0.0139316
0.0184896
0.0187693
0.0170661
0.024833
0.0146309
0.0201804
0.018056
0.0249099
0.0129814
0.0149987
0.0138143
0.0223928
0.0245026
0.021769
0.0191508
0.0181244
0.0174191
0.0182014
0.0225125
0.0155759
0.0202744
0.0165814
0.0209304
0.0137948
0.0166368
0.0168786
0.022723
0.0246649
0.0204451
0.0204156
0.0133082
0.0176746
0.012963
0.0163541
0.026387
0.015057
0.0189864
0.0179286
0.01288
0.0165817
0.0146979
0.00993222
0.0168315
0.0137928
0.016769
0.0176261
0.0177862
0.0215763
0.0203664
0.0138766
0.0213034
0.0131918
0.0168609
0.0275259
0.015776
0.0174034
0.0270065
0.0161575
0.0158175
0.0226693
0.0176114
0.0175757
0.0126162
0.0177749
0.0179167
0.0219036
0.0195569
0.015168
0.0192606
0.0188622
0.0153432
0.0236111
0.0173615
0.0174395
0.0148712
0.0151669
0.0109615
0.0148621
0.0344253
0.0142215
0.0185345
0.0150413
0.0184972
0.0219496
0.0130495
0.0185571
0.014851
0.0190635
0.0135347
0.0111152
0.0163344
0.0241284
0.00998222
0.0228669
0.0151028
0.0173339
0.0121557
0.0151849
0.0119622
0.0169166
0.0166434
0.0185839
0.0224355
0.0134843
0.024647
0.0159986
0.0183689
0.0281649
0.0134504
0.0162859
0.0187365
0.0149793
0.0215601
0.0118186
0.0216713
0.0227669
0.0132359
0.0249007
0.017615
0.0223981
0.0196718
0.0165514
0.0209096
0.0194062
0.0153594
0.0147598
0.0100687
0.0183273
0.0146083
0.0211648
0.0284074
0.0133084
0.0273276
0.0187215
0.0174333
0.0174313
0.0321271
0.021937
0.014674
0.013388
0.0178435
0.0204016
0.0152633
0.0233364
0.0238725
0.0161535
0.0121776
0.019503
0.00950171
0.0231335
0.0118554
0.0178896
0.0311643
0.0188872
0.0161995
0.0249906
0.0212803
0.016337
0.0153885
0.013829
0.0199789
0.0192374
0.0216373
0.0222468
0.0175481
0.020068
0.0171248
0.0192846
0.0113859
0.0172863
0.014798
0.0161384
0.0104181
0.0221193
0.0190175
0.0150078
0.0134215
0.0167146
0.0291581
0.0255589
0.0200724
0.0221536
0.0206566
0.0232887
0.0163143
0.0158706
0.0223511
0.0180813
0.0194001
0.0186335
0.0203093
0.0212956
0.0214015
0.016044
0.0147968
0.0162033
0.0244211
0.0171687
0.0167954
0.0237156
0.0229673
0.0135851
0.0220221
0.0188472
0.0161762
0.0140121
0.0122433
0.01565
0.0187619
0.0199424
0.0230102
0.0182019
0.0220157
0.0183243
0.016306
0.0101496
0.0163936
0.0157613
0.0109354
0.0243715
0.0180911
0.0159986
0.0181781
0.0227714
0.0152101
0.019638
0.0173319
0.0188653
0.0170244
0.0198765
0.0169666
0.0116136
0.0194674
0.0197993
