0.278519
0.199181
0.209524
0.21424
0.152853
0.230994
0.372407
0.178739
0.19214
0.255523
0.235188
0.277794
0.275022
0.16879
0.197798
0.418402
0.302973
0.30338
0.131269
0.199788
0.375005
0.189402
0.397228
0.157196
0.204074
0.255465
0.186855
0.190898
0.247691
0.314111
0.180471
0.390902
0.211743
0.14591
0.386596
0.1635
0.191323
0.335461
0.322401
0.306708
0.238763
0.264543
0.301106
0.312564
0.239095
0.237332
0.208282
0.218934
0.304045
0.28892
0.280812
0.233382
0.480362
0.450708
0.356674
0.22209
0.266254
0.223221
0.322199
0.473962
0.251527
0.223137
0.404703
0.249286
0.235206
0.363285
0.208966
0.304959
0.271459
0.256013
0.167896
0.200715
0.163244
0.219548
0.218317
0.182841
0.325294
0.311428
0.248731
0.242578
0.21565
0.44054
0.323672
0.256308
0.185052
0.183451
0.289506
0.339272
0.481117
0.348314
0.192264
0.372214
0.152421
0.208913
0.388289
0.432547
0.136835
0.244529
0.204854
0.193456
0.411176
0.611799
0.209976
0.262407
0.246384
0.239334
0.272305
0.200218
0.248116
0.353165
0.260075
0.295427
0.256573
0.215189
0.283383
0.246364
0.395324
0.295032
0.256536
0.209945
0.182906
0.255032
0.313421
0.405081
1.00366
0.152208
0.134201
0.356704
0.210359
0.152912
0.352696
0.278712
0.293684
0.373043
0.252755
0.204662
0.49319
0.325586
0.286473
0.313457
0.301604
0.184057
0.134627
0.283291
0.155639
0.365756
0.279674
0.211709
0.492969
0.265106
0.160145
0.270948
0.153497
0.407533
0.305829
0.313897
0.250233
0.568008
0.224504
0.272446
0.290388
0.208154
0.14666
0.197728
0.270694
0.24388
0.21944
0.333412
0.31036
0.300599
0.172319
0.239175
0.192848
0.357407
0.212659
0.301671
0.384671
0.198709
0.528074
0.248628
0.292677
0.358708
0.182782
0.21483
0.229846
0.182868
0.320689
0.253863
0.206229
0.231203
0.127793
0.244493
0.182559
0.206172
0.232939
0.246701
0.210688
0.321464
0.254644
0.18393
0.159193
0.240226
0.322101
0.276942
0.327856
0.359589
0.249654
0.286719
0.228639
0.253017
0.269045
0.364367
0.227274
0.334148
0.275788
0.270113
0.309559
0.238855
0.209261
0.587582
0.400274
0.16032
0.303482
0.433577
0.237108
0.383372
0.21812
0.350498
0.215672
0.300803
0.289227
0.289946
0.556775
0.270506
0.305166
0.278719
0.233839
0.207536
0.200256
0.269621
0.328172
0.281869
0.22945
0.167116
0.257844
0.241664
0.468997
0.332867
0.388356
0.252756
0.26295
0.268572
0.282258
0.232642
0.346505
0.290995
0.240887
0.214263
0.416418
0.317899
0.27165
0.281419
0.248615
0.256445
0.203702
0.300119
0.198401
0.52406
0.267652
0.244755
0.27857
0.271507
0.456682
0.435703
0.306548
0.195054
0.208256
0.316805
0.21329
0.190539
0.176125
0.24868
0.199524
0.28437
0.395212
0.298382
0.195974
0.215097
0.183839
0.61075
0.27455
0.370055
0.268024
0.278575
0.284284
0.208174
0.282058
0.315466
0.200775
0.188451
0.40411
0.245526
0.177556
0.226581
0.222682
0.284816
0.220867
0.203721
0.287916
0.235578
0.24257
0.264243
0.226271
0.420524
0.215469
0.202744
0.24518
0.270647
0.221224
0.286731
0.145896
0.21926
0.197124
0.281281
0.222036
0.239063
0.29341
0.204345
0.174436
0.299228
0.169442
0.237168
0.219149
0.259689
0.211143
0.227687
0.286061
0.161983
0.279109
0.17593
0.478751
0.193385
0.348776
0.245447
0.26478
0.256847
0.165797
0.182542
0.217407
0.304344
0.566644
0.298332
0.212127
0.256278
0.131044
0.275428
0.218966
0.25419
0.243757
0.328979
0.263219
0.367442
0.301437
0.246288
0.188063
0.303792
0.277546
0.358576
0.18822
0.205246
0.231553
0.235869
0.187105
0.203815
0.352651
0.179779
0.257435
0.231035
0.209727
0.252101
0.196019
0.22945
0.263712
0.211979
0.171125
0.253361
0.262755
0.249876
0.31808
0.21301
0.202524
0.248659
0.311899
0.208925
0.208453
0.214628
0.201574
0.270527
0.234496
0.225878
0.161777
0.178461
0.357464
0.317196
0.308851
0.23928
0.259568
0.190304
0.226611
0.404556
0.339328
0.216084
0.170916
0.319581
0.163253
0.54705
0.231569
0.235203
0.355547
0.157563
0.343173
0.335336
0.207376
0.273753
0.33011
0.205551
0.227393
0.260445
0.251698
0.35323
0.286656
0.180906
0.173315
0.430637
0.203758
0.292934
0.260131
0.245991
0.325672
0.207851
0.244062
0.39588
0.318233
0.192244
0.376035
0.308141
0.178367
0.211166
0.368638
0.352854
0.269552
0.193447
0.414044
0.201827
0.436754
0.224474
0.401247
0.241085
0.22776
0.247983
0.254114
0.235202
0.42441
0.296726
0.263089
0.546019
0.264957
0.252596
0.384448
0.211317
0.2136
0.169964
0.175181
0.221985
0.600867
0.284151
0.244747
0.237752
0.282055
0.208954
0.296935
0.573492
0.368856
0.305851
0.226883
0.255077
0.187165
0.191966
0.186619
0.236367
0.192995
0.137403
0.263713
0.29244
0.397974
0.195414
0.233458
0.278179
0.29496
0.273702
0.305496
0.279102
0.22724
0.197792
0.294863
0.188379
0.188554
0.218712
0.235473
0.328456
0.2533
0.21921
0.17621
0.263138
0.259545
0.270493
0.414734
0.193484
0.239346
0.301272
0.240393
0.680955
0.493187
0.2285
0.343486
0.310851
0.19774
0.253024
0.227839
0.267711
0.261401
0.23035
0.206234
0.204421
0.312381
0.266433
0.259615
0.25993
0.164168
0.268054
0.379605
0.261905
0.212166
0.2447
0.340966
0.19526
0.165151
0.27603
0.284366
0.27207
0.262251
0.209643
0.190121
0.325603
0.202961
0.294781
0.28475
0.168701
0.309297
0.151869
0.304278
0.227575
0.156672
0.218554
0.247192
0.383226
0.243124
0.188802
0.215687
0.354303
0.279116
0.2301
0.294988
0.340111
0.190995
0.302992
0.264955
0.245314
0.172431
0.197913
0.383899
0.314903
0.308231
0.278003
0.256964
0.273428
0.173866
0.251512
0.183369
0.214417
0.168869
0.182559
0.210118
0.430261
0.251753
0.244877
0.241309
0.255733
0.467299
0.337534
0.259724
0.198826
0.275511
0.241076
0.166387
0.515359
0.189282
0.227039
0.152956
0.391858
0.260731
0.18539
0.379195
0.217972
0.314969
0.257591
0.24868
0.285716
0.190978
0.287187
0.222747
0.123428
0.279649
0.252303
0.250398
0.351833
0.289151
0.25074
0.243804
0.3058
0.230512
0.248224
0.332134
0.252554
0.361808
0.289636
0.238622
0.19681
0.281767
0.238558
0.230278
0.352155
0.233111
0.202614
0.210567
0.219599
0.21931
0.392269
0.25471
0.228977
0.168193
0.343957
0.152822
0.225132
0.180046
0.249276
0.159407
0.271852
0.1508
0.210897
0.248618
0.179497
0.277947
0.290101
0.362126
0.219621
0.266593
0.314924
0.301456
0.205029
0.243361
0.287179
0.193182
0.356826
0.3146
0.256628
0.171731
0.201838
0.199247
0.352061
0.444894
0.245143
0.323281
0.195369
0.251795
0.33849
0.306045
0.219827
0.212406
0.274673
0.171028
0.251679
0.226395
0.229578
0.415632
0.170098
0.241646
0.29003
0.240388
0.266488
0.258286
0.350925
0.352032
0.275734
0.308995
0.36216
0.266021
0.236853
0.260963
0.291738
0.377169
0.204627
0.265608
0.209086
0.199747
0.243292
0.326518
0.302088
0.230923
0.220747
0.249408
0.270237
0.304625
0.258388
0.250501
0.235694
0.322869
0.242252
0.251026
0.295275
0.188921
0.296439
0.164086
0.159011
0.253689
0.239797
0.257301
0.272792
0.165877
0.325659
0.291059
0.204721
0.2544
0.192741
0.251552
0.574401
0.26269
0.212345
0.155386
0.254114
0.295803
0.298236
0.118278
0.221567
0.25199
0.307415
0.228653
0.23838
0.216151
0.248597
0.254734
0.246922
0.185247
0.225658
0.121431
0.256862
0.226146
0.248978
0.313734
0.264356
0.189895
0.25796
0.197848
0.178545
0.429134
0.320946
0.253824
0.302216
0.287411
0.34815
0.284491
0.258202
0.350681
0.333409
0.210737
0.260381
0.207661
0.118701
0.215014
0.194761
0.31557
0.28255
0.258464
0.367195
0.425917
0.210555
0.123141
0.503651
0.243222
0.25454
0.21215
0.308657
0.278458
0.372366
0.209183
0.307203
0.292996
0.337249
0.232605
0.404623
0.358966
0.217878
0.414127
0.296115
0.214915
0.302232
0.212842
0.203574
0.309239
0.261941
0.251601
0.441282
0.181632
0.261946
0.175063
0.217596
0.260832
0.219686
0.201844
0.375783
0.213342
0.225928
0.215621
0.21826
0.269835
0.256237
0.474409
0.263732
0.464967
0.25241
0.239003
0.30446
0.243715
0.231714
0.182299
0.26784
0.319493
0.270465
0.380208
0.25108
0.383953
0.333686
0.313079
0.264
0.358676
0.178253
0.289095
0.161809
0.188715
0.230367
0.185606
0.231969
0.204301
0.367603
0.349682
0.248013
0.21331
0.238206
0.258005
0.372754
0.28337
0.17974
0.213936
0.352728
0.183665
0.264295
0.21398
0.333091
0.242552
0.233429
0.249936
0.182281
0.246988
0.141914
0.165154
0.245823
0.245737
0.306648
0.224119
0.157356
0.299656
0.264111
0.282809
0.140668
0.231008
0.143239
0.243252
0.191434
0.269449
0.555767
0.250843
0.205388
0.314496
0.293434
0.258077
0.202303
0.227239
0.336528
0.244381
0.278333
0.178492
0.361154
0.250645
0.416356
0.472144
0.313181
0.17494
0.225115
0.302124
0.29369
0.265474
0.220707
0.209335
0.223559
0.285497
0.436431
0.344365
0.270287
0.26025
0.209127
0.238196
0.275557
0.2996
0.500747
0.186852
0.196836
0.547372
0.20859
0.309163
0.264999
0.306228
0.234618
0.275799
0.340229
0.211939
0.20415
0.215411
0.381451
0.333903
0.190482
0.264818
0.27504
0.22291
0.193439
0.086739
0.229446
0.182303
0.239481
0.211147
0.245646
0.282186
0.340451
0.294258
0.284098
0.276982
0.169281
0.276483
0.288171
0.167091
0.133791
0.146958
0.232926
0.299603
0.200063
0.488324
0.319238
0.198642
0.268636
0.330499
0.213701
0.182983
0.294172
0.309629
0.32943
0.337202
0.305863
0.153973
0.321092
0.259974
0.191659
0.199707
0.179985
0.216719
0.240053
0.242582
0.334909
0.540643
0.292199
0.386134
0.300257
0.311959
0.193437
0.26303
0.375169
0.21637
0.228139
0.280366
0.133475
0.20117
0.146051
0.314934
0.198598
0.308765
0.162499
0.237368
0.260264
0.339314
0.232812
0.194078
0.330391
0.501133
0.246959
0.214543
0.293997
0.197885
0.21878
0.311073
0.248397
0.300278
0.203841
0.190633
0.309691
0.162889
0.166415
0.217718
0.244816
0.248324
0.288341
0.161288
0.246326
0.322456
0.321258
0.309808
0.202708
0.234257
0.329539
0.245238
0.310944
0.176677
0.182446
0.144898
0.255446
0.261797
0.302988
0.175188
0.223036
0.207166
0.494765
0.288501
0.278632
0.335396
0.319232
0.294704
0.330755
0.376143
0.150988
0.209294
0.361725
0.254843
0.384908
0.222982
0.203646
0.189712
0.326377
0.163923
0.501504
0.214257
0.243289
0.23767
0.225257
0.182945
0.286561
0.301739
0.344046
0.266313
0.238138
0.210033
0.228877
0.22592
0.31984
0.219957
0.289491
0.194768
0.132004
0.217722
0.323427
0.333823
0.426193
0.243605
0.158763
0.349635
0.253431
0.271508
0.195035
0.310416
0.645974
0.263753
0.18929
0.203928
0.344499
0.250443
0.381253
0.366543
0.207763
0.238932
0.232885
0.212641
0.235344
0.254413
0.341683
0.256049
0.203556
0.194303
0.412063
0.216307
0.310747
0.141663
0.228711
0.159584
0.32847
0.273608
0.318512
0.220482
0.31962
0.211693
0.135239
0.307537
0.243467
0.240293
0.238659
0.284132
0.15061
0.191136
0.344319
0.276471
0.314247
0.204064
0.206121
0.25826
0.169534
0.300938
0.192952
0.246593
0.146946
0.264232
0.273826
0.279857
0.255919
0.212159
0.310914
0.28683
0.190176
0.157882
0.245581
0.334629
0.13324
0.204607
0.241117
0.209734
0.202189
0.232618
0.231243
0.137965
0.257412
0.272176
0.3167
0.356656
0.219055
0.443343
0.32199
0.365879
0.218629
0.287709
0.351967
0.266188
0.184431
0.209946
0.280971
0.41429
0.295829
0.184771
0.362965
0.184136
0.145897
0.158308
0.370573
0.176616
0.349472
0.221273
0.272132
0.293424
0.247126
0.186501
0.250468
0.215852
0.272866
0.313806
0.267474
0.235657
0.280082
0.356236
0.450973
0.323798
0.220143
0.260299
0.393168
0.562827
0.263637
0.199948
0.196585
0.192656
0.48113
0.272176
0.281905
0.194273
0.342008
0.465546
0.294986
0.286761
0.314641
0.230789
0.358093
0.220586
0.242649
0.170028
0.415637
0.158854
0.225334
0.268741
0.172929
0.247126
0.261785
0.274414
0.214169
0.362184
0.231038
0.223817
0.246179
0.186842
0.261673
0.306153
0.240146
0.142675
0.265616
0.227993
0.231668
0.272243
0.217614
0.223264
0.212482
0.203076
0.41876
0.184436
0.188509
0.314419
0.158789
0.246075
0.385909
0.258926
0.189585
0.247391
0.26894
0.273362
0.348474
0.26136
0.257437
0.208202
0.296548
0.195932
0.165874
0.324011
0.205041
0.203049
0.192235
0.318001
0.393534
0.350038
0.333554
0.215836
0.288583
0.269614
0.210196
0.263279
0.236933
0.330052
0.29591
0.151012
0.387059
0.339323
0.205134
0.306129
0.206164
0.282224
0.43
0.299339
0.364168
0.223059
0.20471
0.215906
0.314689
0.164963
0.361827
0.2534
0.586394
0.257601
0.427795
0.172123
0.264212
0.268617
0.18227
0.203608
0.229597
0.190471
0.233046
0.279717
0.246981
0.299865
0.321173
0.243969
0.442705
0.316393
0.203402
0.483331
0.265817
0.421282
0.175965
0.309462
0.295497
0.188286
0.261775
0.352907
0.399285
0.20724
0.251869
0.148485
0.301286
0.207112
0.272168
0.262715
0.276448
0.193836
0.198242
0.189593
0.268233
0.341397
0.175904
0.202919
0.206585
0.349653
0.293002
0.193491
0.145703
0.202223
0.173751
0.243393
0.270298
0.24892
0.24208
0.283974
0.233179
0.180597
0.330595
0.184133
0.273756
0.348207
0.34795
0.240994
0.216853
0.169337
0.463953
0.183487
0.16328
0.175315
0.248366
0.238843
0.240593
0.443363
0.295793
0.245016
0.239827
0.233131
0.294011
0.208965
0.212193
0.174341
0.345868
0.196291
0.225893
0.304739
0.236627
0.361484
0.278224
0.273544
0.361082
0.288395
0.225527
0.141858
0.208419
0.279604
0.179456
0.295221
0.226035
0.164192
0.329905
0.199073
0.243136
0.237377
0.196181
0.266922
0.154245
0.322737
0.253387
0.233544
0.26993
0.204647
0.29995
0.211562
0.285935
0.31361
0.161619
0.194432
0.191867
0.344661
0.224939
0.291263
0.218259
0.253775
0.214209
0.216702
0.276587
0.296994
0.167295
0.151634
0.215116
0.255304
0.295596
0.209272
0.226733
0.20333
0.39628
0.289358
0.257256
0.470696
0.280646
0.204616
0.274271
0.180429
0.211942
0.197668
0.217266
0.215469
0.414881
0.288517
0.195558
0.327072
0.315468
0.218761
0.223683
0.278416
0.219694
0.302316
0.594434
0.198737
0.286482
0.257695
0.165735
0.389717
0.332032
0.365876
0.417011
0.196271
0.190047
0.381531
0.250661
0.193931
0.196404
0.257075
0.213991
0.211132
0.311099
0.161259
0.256191
0.240652
0.176763
0.27534
0.271386
0.35979
0.192423
0.355433
0.276181
0.19999
0.288586
0.350879
0.2159
0.208203
0.254779
0.396366
0.238233
0.194592
0.197842
0.308145
0.33531
0.193483
0.269992
0.29379
0.344531
0.17879
0.270186
0.27833
0.237265
0.260377
0.228649
0.382059
0.208048
0.379155
0.184085
0.329863
0.228122
0.303871
0.302934
0.251056
0.260584
0.175842
0.243245
0.325861
0.259567
0.22095
0.215376
0.236088
0.198414
0.161109
0.264615
0.205374
0.277594
0.19385
0.197881
0.359542
0.195269
0.26635
0.248795
0.217153
0.163953
0.348021
0.180488
0.445898
0.229138
0.289038
0.241659
0.213979
0.216645
0.263109
0.190928
0.496115
0.348129
0.384331
0.37388
0.207364
0.202996
0.230639
0.466195
0.378806
0.183056
0.307808
0.425818
0.214252
0.467877
0.245504
0.233229
0.373882
0.453957
0.207713
0.228202
0.251325
0.204913
0.181071
0.265857
0.251975
0.275744
0.210048
0.211907
0.279453
0.240205
0.251476
0.247554
0.208772
0.342648
0.310842
0.304561
0.312654
0.392799
0.280297
0.425416
0.346224
0.281033
0.321144
0.461287
0.181936
0.199384
0.411641
0.280091
0.238852
0.190735
0.202132
0.23577
0.308023
0.211823
0.250788
0.298659
0.280332
0.16655
0.24471
0.201922
0.276831
0.333813
0.171773
0.251308
0.293907
0.155305
0.227408
0.227294
0.210708
0.187906
0.361331
0.3478
0.298217
0.25004
0.276373
0.21677
0.328779
0.364763
0.3386
0.357729
0.245172
0.237344
0.271112
0.237562
0.182856
0.37609
0.315513
0.211509
0.51205
0.375771
0.203009
0.363115
0.26706
0.221403
0.204434
0.261858
0.199375
0.308408
0.202676
0.250068
0.387325
0.296244
0.160908
0.415854
0.215967
0.113604
0.333771
0.435382
0.353261
0.387827
0.260093
0.300293
0.434184
0.324988
0.217242
0.237514
0.204016
0.261944
0.256464
0.19709
0.157575
0.230161
0.191167
0.241688
0.198717
0.330994
0.20079
0.276114
0.186235
0.182748
0.229725
0.362724
0.218133
0.302535
0.299998
0.315811
0.21382
0.219895
0.244723
0.221079
0.260297
0.25444
0.220014
0.214307
0.192061
0.246943
0.259443
0.242601
0.310619
0.292721
0.203718
0.288457
0.24491
0.171217
0.316148
0.25995
0.213847
0.32387
0.14638
0.237807
0.211975
0.215183
0.407646
0.185767
0.158647
0.185185
0.418416
0.219923
0.207922
0.267225
0.237833
0.257515
0.283775
0.215895
0.247216
0.228563
0.159877
0.224458
0.216917
0.31761
0.215283
0.251469
0.25743
0.256985
0.218134
0.192569
0.175603
0.274708
0.274996
0.55132
0.179134
0.282018
0.209805
0.230363
0.203684
0.332409
0.430289
0.3618
0.202354
0.346607
0.207614
0.158451
0.299299
0.227796
0.260804
0.355672
0.254022
0.255743
0.223668
0.247582
0.289473
0.437314
0.199509
0.239724
0.30878
0.301404
0.334441
0.285259
0.20601
0.277227
0.217554
0.31187
0.383966
0.205016
0.167274
0.191266
0.21092
0.418
0.154176
0.293384
0.242066
0.268024
0.25295
0.181107
0.200147
0.290405
0.251251
0.251444
0.210913
0.208639
0.28565
0.252601
0.316463
0.44647
0.26483
0.218125
0.267085
0.536176
0.296774
0.338257
0.244315
0.237079
0.358049
0.22279
0.254443
0.19821
0.193381
0.271843
0.35392
0.256386
0.282508
0.326725
0.258679
0.20691
0.154724
0.422648
0.24951
0.264645
0.270161
0.448702
0.455242
0.389961
0.519697
0.226251
0.323513
0.444578
0.1906
0.32301
0.222881
0.239945
0.175888
0.235947
0.263241
0.248828
0.257251
0.176463
0.257577
0.144127
0.227852
0.223783
0.19387
0.340134
0.408827
0.287635
0.384934
0.286897
0.241376
0.244791
0.295875
0.291726
0.191213
0.272173
0.16869
0.221139
0.314422
0.29023
0.27452
0.17274
0.313731
0.43266
0.29967
0.337101
0.315305
0.344493
0.194493
0.369898
0.280612
0.238777
0.224859
0.290478
0.35226
0.23392
0.171549
0.166243
0.221887
0.304296
0.278306
0.202381
0.147393
0.233037
0.462063
0.375827
0.274366
0.243358
0.343421
0.285769
0.208599
0.3563
0.373707
0.191363
0.269989
0.227161
0.241144
0.256168
0.376613
0.293387
0.262594
0.310702
0.488893
0.21905
0.323304
0.183254
0.189788
0.209932
0.242707
0.315718
0.222013
0.304843
0.212559
0.338414
0.400421
0.40642
0.223004
0.256536
0.382068
0.330361
0.395423
0.187661
0.424563
0.418834
0.27099
0.196534
0.308796
0.319527
0.313923
0.240385
0.332358
0.338597
0.335229
0.173213
0.257399
0.224294
0.304026
0.281083
0.251404
0.345971
0.177947
0.385651
0.212356
0.225439
0.344846
0.157527
0.232342
0.293574
0.206496
0.239601
0.378756
0.158611
0.264079
0.301854
0.221921
0.27902
0.249164
0.162678
0.313018
0.201413
0.263985
0.239165
0.263962
0.175951
0.341552
0.402555
0.376005
0.191117
0.242433
0.181138
0.268284
0.155901
0.231544
0.276777
0.294808
0.212601
0.174833
0.227124
0.278681
0.247522
0.297731
0.227463
0.326197
0.26321
0.579676
0.313469
0.258418
0.201532
0.187329
0.229531
0.187708
0.408929
0.234813
0.197256
0.297922
0.217142
0.279508
0.223449
0.225629
0.192782
0.198531
0.282352
0.215148
0.416543
0.180813
0.230432
0.201411
0.227286
0.287744
0.259479
0.337322
0.199085
0.211675
0.423528
0.457833
0.182665
0.258154
0.261755
0.18274
0.236165
0.296998
0.178664
0.251565
0.254866
0.344733
0.216124
0.239804
0.256551
0.165723
0.238433
0.353852
0.247712
0.248073
0.181834
0.311981
0.224022
0.245823
0.35036
0.260012
0.311894
