-0.325519
-0.350226
0.0729346
-0.301668
-1.04055
-0.965063
-0.829207
-1.00663
-1.17818
-0.857473
-0.00954627
-0.0344605
-0.329424
0.296507
-0.550718
0.0659954
-0.346287
-0.899563
-0.61267
-0.333044
-0.22859
-0.183703
-0.503938
-0.825574
-0.363047
0.0153235
0.0816656
0.713632
-1.54017
-0.657721
-0.34779
-0.740117
-0.300239
-0.62441
0.00970471
-0.84442
-0.820182
-0.395603
0.353343
-0.0454153
-0.276227
-0.555462
-0.71652
-1.00518
-1.37694
-0.259042
-0.893547
-0.287224
0.164849
-0.339493
0.0739298
-0.923292
-0.724667
-0.926731
-0.416332
0.319167
-0.137284
-0.494562
-0.181582
-0.39291
-0.831412
-0.742713
-0.703674
-0.11486
-0.803657
-0.316429
-0.716709
-0.0766077
0.446741
-1.13829
-0.115022
-0.0141546
-0.567867
-1.05484
-0.739797
-0.630971
-0.660837
-0.248353
-0.830402
-0.488759
-0.255208
-0.0991209
-0.0407439
-0.692864
-0.418311
-0.369856
-1.00474
-0.665694
-0.542072
-0.241679
-1.14782
-0.388379
-0.120456
-0.600542
-0.328433
-0.451672
-0.754654
-0.480997
-0.747051
-0.245239
-0.529551
-0.236534
-0.551541
-0.622637
0.0847912
-0.108554
-0.928996
0.26631
-1.73491
-0.59986
-0.61768
-1.80715
0.276322
-0.730858
-0.539878
-0.635879
-0.560019
-0.275636
-0.584072
-1.30019
-0.671169
-0.815795
-0.304905
-1.37654
-0.578595
-0.665093
-0.813433
0.105345
-0.481579
-0.729617
-0.229936
0.216496
-1.43238
-0.0959096
-0.525022
-0.514479
-0.196499
-0.634948
-0.463664
-0.919404
-0.509905
0.0385265
-1.05597
-0.716908
-0.448806
-0.798321
-0.302385
-0.579475
-0.804521
-0.214854
-0.843108
-0.645383
-0.163213
-0.49799
-0.745019
0.0306087
-0.500781
-0.211863
0.225845
-0.376947
-1.59934
-0.0553702
-0.532878
-1.22352
-1.05888
-0.341984
-0.795794
-0.753999
-0.259447
-0.0737233
-0.823648
-0.391788
-0.824783
-0.989631
-0.170029
-0.510035
-0.380994
0.224806
-0.996359
-1.53885
-0.226693
-0.12825
0.618271
0.231247
-0.944273
-0.31747
-0.12781
-0.47595
-1.08769
-1.69612
-0.687649
-0.428232
-0.484638
-0.665048
-0.545459
-0.0862254
-0.0240456
-0.287016
-1.05595
-0.431779
-0.822385
-0.439358
-0.386563
-0.662333
-0.680912
-1.19816
-0.216968
-0.872738
-0.283636
0.0643247
-0.249528
-0.498298
0.32434
-1.08269
-0.40315
-0.661856
-0.183336
-2.18136
-0.176412
-1.06114
-0.27826
-0.192063
0.0121854
-0.205008
-0.451661
-0.349492
-0.577871
-0.80627
-0.890841
0.0626712
-2.39115
-1.33947
-0.409073
-0.116201
-0.99597
-0.343259
-0.0429102
-0.775726
-0.653805
-1.06997
-0.910286
-0.368658
0.0696397
0.380586
-0.165688
-0.546284
0.0995084
-1.00132
-0.507359
-0.77476
-0.748758
-0.345593
-0.200089
-0.0206007
1.10399
-0.618925
-0.163589
-0.945101
-0.205883
-0.574883
-0.652652
-0.514112
-1.06929
-0.734449
-0.195714
-0.805993
-0.757257
-0.167338
0.0328895
-0.880566
-0.42424
-0.210173
-1.16095
-0.589199
0.145464
-0.393447
-0.142071
-1.23107
-0.500395
-0.390478
-0.290943
-0.420948
-0.516563
0.508962
-0.248712
-0.84465
-0.607715
0.00502707
0.0625154
-2.48164
-0.161845
-0.716077
-0.345083
-0.948149
-0.973838
-1.11888
-0.807285
-0.259083
-0.170971
-0.799096
-0.765552
-0.0988866
-0.157955
-0.987173
-0.576501
-0.596
-0.702783
-0.73252
-0.759455
-0.689694
-0.770606
-0.141437
-0.739164
-0.190229
-0.106289
-1.23495
-0.28375
-0.634897
-0.973628
-0.479203
-1.3869
-1.29719
-0.266332
-1.23009
-0.415552
-0.649889
-0.290864
-0.69384
0.0555016
-0.335052
-0.794038
-0.899732
-1.03647
-0.0182341
-0.633436
-0.597267
-0.24576
-0.423573
1.22969
-1.43568
-0.109361
-1.1177
-0.242102
-0.160964
-0.225277
-0.930211
-0.465037
-0.68088
-0.840996
-1.04928
-0.0412319
0.0100103
-0.291178
-0.827767
-0.833912
-0.256537
0.493558
-0.71419
-0.16103
-0.839922
-0.0251136
-0.682662
-0.318569
-0.63994
-0.745322
-0.569604
-0.547634
-0.63567
-0.436836
-0.19027
-0.183525
-1.23735
-0.124424
-0.366438
0.142303
-0.0782675
-0.233581
-0.581883
-0.703615
-1.34755
-0.613856
-0.126021
-0.42775
-0.0834554
-0.955765
-0.509022
-0.702566
0.472605
0.0584597
-0.679093
-0.674953
-0.314659
-0.707173
-0.505761
-1.13462
-0.396093
0.251328
-0.56434
-0.789043
-0.608381
-1.18616
-0.60018
-0.4464
-0.513556
-0.354717
-0.331065
-0.947646
-1.18941
-0.454073
0.388295
-0.31747
-0.307527
-0.423706
-0.623832
-0.273353
-0.68664
0.438672
-0.58029
-0.150475
0.0302481
-0.347452
-0.55657
-0.977988
-0.862752
-0.442686
-0.420367
-0.672108
-0.125252
-0.528612
-0.808161
0.11655
-0.775286
0.0948014
-0.452659
-1.30996
-0.579158
0.955003
-0.67536
0.19576
-1.19528
-0.382472
-1.09262
-1.19112
-1.10145
-0.0743029
-0.437744
-0.260891
-0.860464
-0.309696
-0.698728
0.19
0.666273
-0.920358
-0.189943
-0.665017
-0.387279
-1.43001
-0.157899
-0.825719
-0.48116
-0.342142
-0.574421
-0.394409
-0.666074
-0.235024
-0.759564
0.227181
-0.418657
-0.617086
0.241973
-1.18885
-0.0904703
0.0389362
-0.451243
-0.555297
-0.310609
0.151466
-0.0152292
-1.02433
-0.467961
0.0387184
-0.311246
-1.23214
-1.17691
-0.0708121
0.397201
0.423917
-0.692093
-0.642614
-0.406784
-1.38261
-0.526548
0.39765
-0.136696
-1.53267
-1.27476
-0.852756
-1.04346
-0.316171
-0.0560077
-0.570062
-1.64481
-0.788262
-0.284546
-0.252915
-0.635399
-0.982178
-0.796531
-1.6773
-1.73034
0.179486
-0.244095
