-0.645095
-0.524332
-0.586993
-0.357618
-0.858254
-0.629284
-0.586032
-0.369945
-0.697768
-0.497775
-0.646625
-0.542174
-0.509804
-0.491002
-0.330859
-0.336925
-0.569138
-0.421341
-0.339051
-0.546038
-0.398345
-0.561157
-0.642656
-0.559467
-0.38222
-0.506212
-0.465683
-2.40211
-0.566474
-0.555886
-0.278026
-0.39496
-0.567044
-0.26306
-0.767433
-0.436538
-0.375443
-0.499654
-0.32281
-0.675129
-0.592996
-0.665952
-0.213028
-0.3094
-0.341966
-0.554447
-0.687134
-0.273582
-0.612808
-0.611706
-0.459829
-0.558451
-0.505331
-0.662614
-0.898785
-0.796677
-0.481207
-0.507049
-0.464385
-0.639891
-0.203982
-0.49342
-0.441309
-0.194861
-0.546959
-0.577702
-0.547019
-0.293272
-0.0874524
-0.447792
-0.414952
-0.650094
-0.355181
-0.366576
-0.677914
-0.58783
-0.230092
-0.517918
-0.595527
-0.517983
-0.486817
-0.423475
-0.312702
-0.491456
-0.241572
-0.606281
-0.207791
-0.493895
-0.308937
-0.813786
-0.570244
0.359609
0.00665118
-0.466181
-0.470306
-0.606329
-0.370442
-0.563285
-0.143098
-0.752177
-0.372652
-0.0762809
-0.149354
-0.52216
-0.313676
-0.780242
-0.567391
-0.689582
-0.416968
-0.608534
-0.765497
-0.271641
-0.733777
-0.483238
-0.472648
-0.20737
-0.427778
-0.211111
-0.787215
-0.584551
-0.618918
-0.531624
-0.583808
-0.705588
-0.545299
0.463853
-0.680424
-0.385179
-0.653836
-0.642304
-0.640337
-0.364105
-0.473205
-0.616512
-0.738716
-0.443078
-0.524894
-0.595588
-0.342686
-0.244497
-0.673153
-0.163686
-0.701753
-0.453956
-0.488692
-0.681299
-1.02568
-0.511884
-0.469128
-0.130657
0.508408
-0.459801
-0.349046
-0.585985
-0.300468
-0.109974
-0.426095
-0.659629
-0.373993
-0.487909
-0.481022
-0.415897
-0.552726
-0.272919
-0.640563
0.210596
-0.609987
-0.564806
-0.600509
-0.500994
-0.43487
-0.721728
-0.683781
-0.279524
-0.602016
-0.0587125
-0.547724
-0.519947
-0.476188
-0.0775195
-0.532785
-0.827497
-0.598219
-0.746686
-0.610652
-0.584854
-0.669626
-0.413031
-0.396993
-0.473336
-0.702416
-0.661565
-0.470383
-0.220468
-0.353302
-0.52289
-0.649881
-0.469678
-0.246422
-0.245429
-1.01258
-0.0710444
-0.661837
-0.879851
-0.689928
-0.536428
-0.467513
0.962927
-0.563936
-0.619259
-0.578628
-0.305344
-0.622953
-0.535069
-0.467321
-0.63921
-0.411409
-0.357115
-0.23719
-0.235733
-0.272887
-0.348036
-0.560288
0.286855
-0.484736
-0.362773
-0.349857
-0.293631
-0.515365
-0.218238
-0.547738
-0.440531
-0.293183
-0.666195
-0.376088
-1.04674
-0.857593
0.867567
-0.306608
-0.515631
-0.555486
-0.459267
-0.454724
-0.43904
-0.519969
-0.326788
-1.75781
-0.18328
-0.112842
-0.222879
-0.346031
-0.465339
0.264426
-0.641863
-0.714845
-0.236224
-0.377201
-0.287281
-0.465426
-0.577965
-0.591132
-0.487237
-0.332079
-0.820615
-0.307748
-0.597032
-0.2644
-0.754468
-0.198011
-0.592866
-0.645313
-0.73171
-0.28261
-0.658637
-0.609875
-0.541018
-0.439277
-0.292528
-0.429731
-0.447763
-0.54469
-0.322862
-0.710264
-0.763229
-1.23971
-0.155169
-0.48614
-0.809974
-0.684175
-0.384433
-0.32536
-0.494451
-0.847385
-0.581797
-0.596499
-0.541231
-0.634236
-0.312104
-0.638982
-0.288336
-0.573785
-0.811999
-0.964003
-0.438716
-0.605491
-0.355041
-0.326679
-0.518031
0.1286
-0.55533
-0.207227
-0.409222
-0.878751
-0.75131
-0.405429
-0.130778
-0.396818
-0.64783
-0.15246
-0.466365
-0.380609
-0.486367
-0.878748
-0.298305
-0.538679
-0.515405
-0.538193
-0.587408
-0.859184
-0.684278
-0.397212
-0.262282
-0.566021
-0.260801
-0.969315
-0.795277
-0.349534
-0.35149
-0.58308
-0.379354
-0.37735
-0.575214
-0.600361
-0.610578
-0.368443
-0.632042
-0.303712
-0.778997
-0.314175
-0.416231
-0.506837
-0.580535
-0.672763
-0.588217
-0.193612
-0.487216
-0.879095
-0.627496
-0.636825
0.39271
-0.283916
-0.253861
-0.547061
-0.81783
-0.497176
-0.6165
-0.609158
-0.594745
-0.273791
-0.367421
-0.525168
-0.293861
-0.762095
-0.501114
-0.515479
-0.381416
-0.0360241
-0.327975
-0.455372
-0.296411
-0.496948
-0.548703
-0.481845
-0.489854
-0.522408
-0.722061
0.136317
-0.418512
-0.412857
-0.522838
-0.619847
-0.226618
-0.840654
-0.475669
-0.520946
-0.335448
-0.602242
-0.368428
-0.696351
0.422901
-0.329923
-0.904995
-0.455593
-0.485643
-0.755106
-0.742889
0.0377012
-0.680272
-0.502228
-0.750137
-0.721596
-0.645
-0.848944
-0.714072
-0.642967
-0.656734
-0.736457
-0.313245
-0.46379
-0.406124
-0.714731
-0.462745
-0.245701
-0.620082
-0.644322
-0.711511
-0.438836
-0.805826
-0.281385
-0.474534
-0.387232
-0.370266
-0.621098
-0.430772
-0.271553
-0.597692
-0.357227
0.016342
-0.301964
-0.576593
-0.309165
-0.515487
-0.555258
-0.44058
-0.495548
-0.341278
-0.279772
-0.180013
-0.578348
-0.42277
-0.608451
-0.588415
-0.546068
-0.800082
-0.442447
-0.489683
-0.566923
-0.447157
-0.360484
-0.422003
-0.702879
-0.439539
-0.539211
-0.604547
-0.790424
-0.310047
-2.08893
-0.558585
-0.846843
-0.351008
-0.659612
-0.157389
-0.361062
-0.890383
-0.551741
0.467967
-0.782714
-0.590407
-0.730424
-0.382208
-0.747842
-0.397289
-0.385179
-0.667309
-0.825064
-0.351627
-0.50125
-0.531465
-0.714564
-0.510149
-0.505571
-0.692577
-0.0929783
-0.394865
-0.559943
-0.0369085
-0.376291
-0.809657
-0.712384
-0.591014
-0.573363
-0.377634
-0.503781
-0.655324
-0.358096
-0.416607
-0.413354
-0.00267233
-1.19857
-0.63851
-0.547107
-0.302824
