3.34713
2.74145
2.56409
3.83455
3.25876
2.60821
2.64878
3.6534
2.71221
2.44548
4.67758
2.58308
3.25294
3.48529
4.304
2.70655
3.24953
2.99866
2.86715
2.81664
2.4116
2.46128
2.51565
2.92547
4.13261
2.65527
3.035
2.80155
3.25266
3.48247
3.12272
3.06296
3.31249
3.69615
2.29875
2.7113
3.57269
4.07045
3.63874
3.0681
3.24237
3.02951
3.25866
2.84082
3.61918
5.09057
2.91612
4.01073
3.03484
3.57778
2.63759
2.69193
3.11384
2.94679
3.34262
2.17357
3.23776
3.21496
2.29359
3.16123
2.97846
3.64623
3.34526
3.08702
2.88514
2.93496
2.42243
3.18161
2.13592
3.55274
2.74863
8.95291
2.92611
3.04072
2.54818
4.23608
3.3695
3.68928
2.6295
3.40222
2.50456
2.90928
2.67211
2.1524
3.82585
4.50585
3.32099
3.14398
3.36835
3.3266
3.55423
2.33685
2.90977
2.14225
2.9266
2.91064
2.67748
3.25896
2.83249
2.79309
3.67265
3.16691
2.00847
3.84354
4.05497
3.15134
2.15863
3.11746
2.86259
4.00631
7.92104
4.19087
2.83987
2.98819
5.69318
2.6335
3.85816
2.56952
3.4892
2.47657
3.37625
3.71413
3.85045
2.5819
2.53076
4.24415
3.01671
4.14122
2.70654
3.2152
2.69524
3.5351
3.73065
3.19477
2.59478
3.22518
2.51379
2.65282
3.71846
3.02493
4.19494
2.69391
3.23138
2.86455
2.73547
3.49807
2.75069
2.94723
3.14213
2.88208
4.57605
2.49358
2.81874
2.51912
2.92503
2.63134
2.64722
2.72135
3.15641
4.87319
3.33508
2.75464
2.7364
2.07472
2.44345
4.30023
2.78284
3.30301
3.42472
2.20581
3.4486
3.15705
2.40431
4.22512
3.5392
4.92973
3.74999
3.25063
3.26338
3.82404
3.94789
3.05018
3.26805
2.90205
3.13036
3.36957
3.53167
3.64515
3.00116
2.38965
2.35263
3.44041
2.61973
4.26778
2.8732
2.60266
3.08072
3.03478
3.33728
3.56388
2.94971
2.82859
2.69485
2.90624
3.55543
3.19616
3.14752
2.07901
3.79103
3.55707
3.60206
2.98153
3.34071
2.70597
3.38042
3.47647
2.86735
2.35406
3.14006
3.77482
3.38239
4.49006
3.24275
2.52688
3.21666
2.83832
2.58245
2.85596
2.61145
1.98162
3.57403
2.92053
2.73593
3.46888
2.93227
3.08884
3.10185
4.92638
2.91135
2.89934
2.81197
3.67157
3.11292
2.54097
2.58091
3.49652
2.85511
3.37765
2.8168
3.58942
2.57308
3.17641
3.95914
3.0076
4.0534
3.24975
4.31627
3.72211
2.44768
2.67684
3.1964
3.27258
3.13095
2.38781
3.22493
3.91904
3.48232
2.51806
2.15898
3.13598
3.65775
3.06347
4.17902
2.61808
2.78958
3.39778
1.6246
2.8002
2.36633
4.00356
3.11337
2.85247
2.47223
3.37469
3.23734
2.70475
2.91217
2.6198
2.69904
3.17586
2.82199
3.10857
3.09624
3.43623
3.36529
2.71024
2.32033
2.78779
3.27499
2.71356
2.55129
2.90494
2.29612
2.5702
2.99401
2.76014
2.89683
3.05061
3.31873
3.29446
3.89582
3.32989
4.23716
3.31054
3.04538
4.71119
4.15779
3.94876
4.31871
2.26865
3.82756
2.842
3.18706
3.61118
2.85926
2.99377
3.34708
3.35195
3.67982
4.76491
3.79182
3.11888
3.82252
3.59467
3.39202
3.59534
3.90627
3.30458
3.11673
3.2293
2.9615
2.97268
3.09456
2.89699
3.03546
2.12947
2.35773
2.80357
2.28285
3.10139
4.17823
3.10912
3.33675
3.67722
2.78972
3.47964
3.09058
3.16491
3.26388
2.09478
2.35826
3.38528
4.90071
2.48069
3.1302
3.18057
5.21641
2.47023
2.34349
3.51294
2.99708
2.84456
3.09404
2.81472
3.20929
2.99411
2.65501
3.33658
2.60377
2.70358
2.9411
2.0854
3.36111
3.2035
3.11647
3.25071
2.2684
3.11133
3.27226
3.0152
3.30859
4.3874
2.01603
3.28624
4.85357
3.24611
3.08876
3.16173
2.71609
3.2288
2.82299
3.70694
4.04536
3.47708
3.18631
3.20867
4.42247
2.94773
3.09509
2.64639
3.24124
2.61516
3.06349
3.03522
3.23176
2.6487
3.25152
4.26114
2.46061
2.58999
2.9327
3.94991
3.65358
2.86659
3.10313
2.62044
2.32438
3.11576
2.21611
3.22884
2.84743
3.00047
3.4755
2.92463
3.81925
3.7598
2.95173
3.77573
3.23013
2.97591
2.73641
2.97636
3.12223
2.51167
2.98318
2.48106
3.17478
4.30079
3.55389
2.70542
3.04064
3.04677
3.99613
3.78849
2.54328
2.82641
3.08911
3.53494
2.69429
3.1188
3.31662
2.52553
3.22894
2.5218
2.94468
4.53869
3.27552
2.31672
2.77463
3.08618
3.05877
3.24328
3.11428
2.28106
2.87511
3.26134
3.78668
3.0965
2.8436
3.38739
2.52119
2.83689
2.80979
3.16431
3.48054
3.18101
3.10024
3.36918
4.63988
3.82986
2.61053
2.73096
3.29748
2.95775
3.34748
3.10175
3.37909
3.37879
2.8925
3.2985
2.44159
3.04275
2.19772
3.41687
2.8097
2.98437
3.09941
2.97378
2.9737
3.35953
3.33088
3.38813
