0.128506
0.132251
0.122504
0.146196
0.162798
0.115718
0.141579
0.124771
0.122175
0.167742
0.178241
0.125976
0.142789
0.128451
0.187158
0.166419
0.200268
0.129232
0.125514
0.139626
0.157745
0.152524
0.140988
0.142454
0.262442
0.151394
0.11064
0.190147
0.141262
0.150401
0.151699
0.177329
0.157035
0.180372
0.205392
0.135356
0.234762
0.126071
0.142248
0.117161
0.146064
0.120871
0.121718
0.115284
0.142977
0.126731
0.132289
0.13191
0.147282
0.184957
0.13628
0.165694
0.142548
0.269418
0.14399
0.208657
0.136193
0.166389
0.154898
0.136866
0.156672
0.14191
0.120461
0.176967
0.140122
0.111468
0.11197
0.107911
0.134451
0.118333
0.126297
0.111981
0.137197
0.152167
0.23155
0.132679
0.124926
0.337785
0.136397
0.202682
0.112958
0.13504
0.135308
0.124044
0.121597
0.133522
0.159546
0.200868
0.136472
0.14179
0.111463
0.115999
0.12104
0.11848
0.142175
0.113406
0.19517
0.152481
0.120963
0.107643
0.150109
0.173806
0.14957
0.185101
0.123621
0.128843
0.101207
0.115555
0.135368
0.144678
0.170603
0.137519
0.290538
0.142328
0.156747
0.135652
0.115125
0.120865
0.285226
0.31791
0.164524
0.129579
0.144503
0.148475
0.198984
0.131634
0.127614
0.157625
0.208616
0.124242
0.139828
0.147246
0.319854
0.122534
0.208043
0.14595
0.211286
0.117611
0.108772
0.12733
0.111865
0.164402
0.122316
0.119506
0.152174
0.133107
0.138682
0.14046
0.178717
0.129366
0.144083
0.128803
0.148531
0.230756
0.151981
0.150786
0.156123
0.145484
0.139145
0.124456
0.132639
0.118266
0.136562
0.14882
0.122594
0.147108
0.120456
0.132617
0.138292
0.152599
0.126842
0.147849
0.141895
0.13322
0.108267
0.112588
0.160249
0.112182
0.176483
0.119822
0.135667
0.127331
0.143759
0.114295
0.193112
0.144154
0.261244
0.175925
0.13594
0.123271
0.20875
0.113002
0.170146
0.110205
0.174767
0.130386
0.174187
0.14328
0.247024
0.119913
0.142647
0.106004
0.117243
0.140237
0.143225
0.125727
0.123876
0.1432
0.116151
0.13278
0.12755
0.171541
0.127567
0.135963
0.115426
0.191962
0.13461
0.125907
0.114109
0.131421
0.232197
0.141279
0.131498
0.212837
0.12171
0.117059
0.131162
0.318448
0.135652
0.138475
0.325504
0.118771
0.118621
0.171532
0.115383
0.149267
0.123304
0.112189
0.133419
0.213551
0.17162
0.108573
0.149788
0.122232
0.129757
0.149153
0.158761
0.154447
0.164881
0.188952
0.155054
0.0941002
0.124339
0.140447
0.144082
0.143514
0.126105
0.155217
0.165039
0.135064
0.183544
0.142645
0.184968
0.129863
0.14772
0.125021
0.108449
0.115701
0.108969
0.160493
0.135253
0.228428
0.127631
0.155868
0.127328
0.224787
0.152541
0.152377
0.136514
0.170593
0.130941
0.105716
0.122759
0.151445
0.147186
0.138958
0.141954
0.153105
0.130467
0.134663
0.170834
0.132072
0.16374
0.147091
0.203198
0.117455
0.132138
0.121609
0.147752
0.108519
0.141187
0.168348
0.138138
0.142146
0.146771
0.108641
0.150066
0.168699
0.120225
0.11835
0.128063
0.138699
0.172036
0.13613
0.185337
0.166759
0.155567
0.118325
0.125297
0.117074
0.140776
0.139695
0.144395
0.12644
0.154346
0.119781
0.14373
0.266916
0.121774
0.139187
0.122823
0.169978
0.191848
0.144434
0.170602
0.230665
0.121429
0.10667
0.131471
0.119666
0.134513
0.11623
0.173465
0.141481
0.119983
0.173713
0.13694
0.140631
0.166047
0.150079
0.110269
0.120194
0.119941
0.136044
0.160509
0.144131
0.122995
0.121704
0.170938
0.119709
0.215226
0.125299
0.153649
0.141577
0.132606
0.180061
0.226993
0.123059
0.152004
0.20351
0.114422
0.209047
0.112858
0.136799
0.141034
0.119975
0.138913
0.134513
0.150713
0.150026
0.173251
0.112312
0.225655
0.13122
0.121793
0.146854
0.126007
0.113032
0.12189
0.189194
0.160511
0.115412
0.125322
0.14449
0.114816
0.128572
0.196334
0.143882
0.197062
0.132756
0.14976
0.133633
0.131273
0.153824
0.171126
0.136308
0.159885
0.143714
0.140702
0.138679
0.193152
0.143067
0.137726
0.127411
0.184409
0.132341
0.12514
0.162519
0.141793
0.132088
0.169257
0.192234
0.154616
0.157653
0.165158
0.16169
0.140973
0.200175
0.114449
0.153243
0.116703
0.179081
0.144708
0.111547
0.160545
0.168113
0.1242
0.226471
0.147914
0.228976
0.158044
0.22805
0.110688
0.123174
0.151335
0.155292
0.139794
0.259566
0.188876
0.178674
0.161476
0.122763
0.138396
0.10743
0.135438
0.155772
0.200825
0.115001
0.132571
0.128017
0.134262
0.139571
0.0938936
0.394539
0.14575
0.121724
0.117748
0.187424
0.151014
0.119376
0.117539
0.14293
0.117406
0.13942
0.184754
0.109169
0.12403
0.161161
0.120254
0.124186
0.130997
0.146888
0.132905
0.148531
0.305434
0.122983
0.129866
0.134781
0.147896
0.177794
0.184731
0.145368
0.144943
0.151337
0.166479
0.155723
0.196972
0.128143
0.119036
0.170507
0.127696
0.15264
0.137743
0.142326
0.171875
0.15204
0.119295
0.111909
0.14475
0.151084
0.0991816
0.147626
