-0.0703018
0.0238623
-0.00492822
-0.0658307
-0.0246991
-0.0842446
-0.0575245
-0.0108822
-0.0278478
-0.0303171
-0.0550849
-0.0665908
-0.0689322
-0.0348038
-0.00863706
-0.0559019
-0.0680979
-0.072105
0.00568345
-0.0273866
-0.0787743
-0.0189952
-0.060059
0.241259
-0.0513359
-0.0848053
-0.00918387
-0.0168352
-0.0622656
0.00283018
-0.0426404
-0.0435379
-0.0248035
-0.0677098
-0.0489112
-0.00428011
-0.00352423
-0.102916
-0.0519587
-0.0487948
-0.0122079
-0.0703836
-0.0106726
-0.0146764
-0.000279253
-0.0563444
-0.0466767
-0.0549521
-0.0649018
-0.0840398
-0.0278342
-0.0212777
-0.116054
-0.0557702
-0.0267319
-0.0357311
-0.130511
-0.0072054
-0.0612749
-0.0120133
-0.0156822
-0.0326978
-0.0257457
-0.030207
-0.0733406
-0.066537
-0.0463874
-0.042935
-0.0113694
-0.0658756
-0.0198289
-0.00120008
-0.031076
-0.014267
-0.0965364
-0.059137
0.00839731
-0.00883757
-0.0498689
-0.00591619
-0.0258362
-0.0733637
-0.074341
-0.0653738
-0.0234142
-0.0553698
-0.051455
-0.0593809
-0.091855
-0.0853169
-0.0350015
-0.0761581
0.000779435
0.00847136
-0.030975
-0.0336801
0.0414634
-0.0522002
-0.0358554
-0.0523588
-0.0541078
-0.171896
-0.0612651
0.000929866
-0.0679316
-0.0284795
-0.0520837
-0.0574931
-0.0531607
-0.0503173
-0.0030828
-0.0515919
-0.030971
-0.0868801
-0.0225064
-0.0265846
0.0383603
-0.0736258
-0.011467
-0.0481291
-0.0387362
-0.04277
-0.0514852
-0.0502032
0.0114483
-0.0465855
-0.0420347
-0.0800736
-0.0282602
-0.0862259
-0.0324521
-0.0549029
-0.0311403
-0.0418406
-0.0502809
-0.0458607
-0.0953465
-0.0233556
-0.0653249
-0.12341
-0.0604771
-0.0689895
-0.0092956
-0.044075
-0.0542284
-0.0637091
-0.0752179
-0.0522054
-0.366365
-0.0564689
-0.0413697
-0.0598727
-0.0823445
-0.0755906
-0.0698275
-0.0398887
-0.0460208
-0.0801103
-0.0317204
-0.0161344
0.00407199
-0.022788
-0.0328413
-0.0182357
-0.0209962
-0.0336977
-0.0266957
-0.0963775
-0.0287635
-0.0597019
-0.0382241
-0.0832798
-0.0185174
-0.0150278
0.00216743
-0.0379512
0.0346401
-0.0444226
-0.111667
-0.0487979
-0.0570852
-0.0757451
0.0121626
-0.0440221
-0.00307952
-0.0586656
-0.0282109
-0.000485792
-0.0484864
-0.0186991
-0.00934737
-0.111845
-0.0341961
-0.0782469
-0.0415368
-0.0422157
-0.0239219
-0.0385785
-0.0918815
0.223507
-0.0372838
-0.0340124
-0.0617349
0.0234776
-0.0943517
-0.10665
-0.0494648
-0.0172597
-0.06195
-0.0938022
0.0247581
-0.0109583
-0.0887876
-0.0710545
-0.0194484
-0.055719
0.00605062
-0.0607735
-0.0561028
-0.0788437
-0.00466842
-0.0117523
-0.0351728
-0.0155948
-0.0614946
-0.0750426
-0.0286241
-0.0595905
-0.063312
-0.0612472
-0.0345023
-0.0708678
-0.0582899
0.00263304
-0.0802363
0.0108963
-0.0786776
-0.055212
-0.00500862
-0.042301
-0.0523139
-0.0452019
-0.0297867
-0.0278206
-0.0748205
-0.00734698
-0.0170961
-0.061561
-0.105688
-0.00865011
-0.0527682
-0.0345915
-0.00217361
-0.0658969
-0.0432527
-0.0281637
-0.0462754
-0.0830738
-0.0957981
-0.132223
-0.0931875
-0.018542
-0.0134734
-0.0383868
-0.0353734
-0.0451014
-0.0376495
-0.104532
-0.0189866
-0.0158144
-0.00849999
-0.0576195
-0.106793
-0.0399615
-0.055936
-0.0590016
-0.0452709
-0.0324927
-0.000840792
-0.039174
-0.0337101
-0.083108
-0.106941
-0.0584992
-0.0392581
-0.00552091
-0.0413731
-0.0210638
-0.0775125
-0.0214649
-0.0294417
-0.00820019
-0.0131312
-0.0797396
-0.0209898
-0.0464225
-0.0399134
-0.0316674
0.00193597
-0.0661907
-0.103082
-0.0414948
-0.0566761
-0.0522771
-0.0196869
-0.0466808
-0.000245629
-0.0382303
-0.000378113
-0.0651828
-0.0611519
-0.0461655
-0.0607706
-0.0743617
-0.000160761
-0.0325657
-0.0501436
-0.0955651
-0.0446583
-0.0333536
-0.0312869
-0.0104332
-0.0334084
-0.043076
-0.0457426
0.00438375
-0.0519993
0.000559929
-0.0229374
-0.0274195
-0.0124055
-0.0551395
-0.0125138
-0.0263126
-0.0648606
-0.055066
-0.0715192
-0.0391579
-0.0935466
0.0118314
-0.00951267
-0.032328
-0.049065
-0.0283696
-0.012903
-0.038237
-0.0156096
-0.0195669
-0.00264824
0.000729021
-0.0736044
-0.073005
-0.0218398
-0.014853
-0.00957529
-0.0313181
-0.0364979
-0.0607414
-0.0278115
-0.0321724
-0.035276
-0.128621
-0.00251655
-0.0446481
-0.0422115
-0.107977
-0.113136
-0.0288316
-0.0519798
-0.022545
-0.0255066
-0.0485014
-0.00945481
0.00379412
-0.0534365
-0.0105561
-0.0106324
-0.0437102
-0.0558905
-0.0287288
-0.0461402
-0.0243028
-0.0456907
-0.0456461
-0.0883867
-0.0188951
0.00424925
-0.103743
-0.0801805
-0.0593805
-0.0242804
-0.12604
-0.0319792
-0.00659852
-0.0230811
0.00885763
-0.0346848
-0.0317409
-0.0267266
-0.0109251
-0.0538563
-0.0689343
-0.0910449
-0.0548359
-0.0327757
-0.0610864
-0.0544353
-0.052868
-0.00912904
-0.0741288
-0.0626887
-0.0853599
-0.0207079
-0.0286801
-0.123469
-0.0342103
-0.0357357
-0.0427269
-0.0991469
-0.0736438
0.00067821
-0.0566458
-0.0519254
-0.0439095
-0.107486
-0.0319689
-0.0147726
-0.0664246
-0.0805971
-0.0546053
-0.00913766
-0.00832007
-0.0770471
-0.111954
-0.0333335
-0.0777176
-0.023603
-0.0878175
0.00117221
-0.0105257
0.0174985
-0.0298194
0.00367921
-0.0507126
-0.0618529
0.00417009
-0.0358803
-0.0534439
-0.0777184
-0.131697
-0.0206927
-0.0475034
-0.0433592
-0.0741005
-0.108829
-0.0873015
-0.0231343
-0.0346196
-0.00682274
0.00596698
-0.0748762
-0.00284851
-0.0625671
-0.0883393
-0.0288072
-0.0556878
-0.024295
-0.0547507
-0.0809833
-0.0278731
-0.0565859
-0.0519297
-0.0152753
-0.0640113
-0.0639024
-0.0151132
-0.0845026
-0.0938413
-0.0682726
-0.047387
-0.0555318
-0.0736495
-0.0338768
-0.0425529
-0.0478351
-0.0588987
-0.0254314
-0.0340805
0.169741
-0.0171793
0.069238
-0.0241108
-0.035423
-0.00981983
-0.0229342
-0.177061
-0.105528
-0.0474586
-0.0484569
-0.0511639
-0.0130045
-0.0331711
-0.0253637
-0.0433286
-0.0355249
-0.0348432
-0.0141337
-0.0506575
-0.0748994
-0.0442054
-0.0378623
-0.01529
-0.0699829
-0.00572385
-0.0584162
-0.0339996
-0.0474202
-0.000208689
-0.00429313
-0.0588015
-0.054934
0.0370641
-0.0785833
-0.110463
-0.0373497
-0.0701209
-0.00228918
-0.0310332
-0.0246338
-0.0499466
-0.0257327
0.00209534
-0.0280798
-0.038032
-0.0592127
-0.0458364
-0.074335
-0.0892102
-0.0308221
-0.0541964
-0.045221
-0.0527069
-0.0393011
-0.0699143
-0.13181
-0.109001
-0.024506
-0.0376169
-0.100357
-0.0682875
-0.078516
0.0130351
-0.0723048
0.0395367
-0.0325631
-0.0622346
0.00408862
0.00312846
-0.115371
-0.0529836
-0.0662973
0.0197768
0.00497477
-0.035953
-0.00275311
0.0367197
-0.0894071
-0.0259167
-0.0767039
-0.0271702
-0.0521612
-0.0135034
-0.0210743
-0.0988985
-0.0243326
-0.0483981
-0.039016
-0.0664526
0.00546661
0.00848305
-0.0317036
-0.0143164
-0.0715293
-0.0605314
-0.0402362
-0.0719613
-0.0450503
-0.0238397
-0.042635
-0.0301542
-0.0397956
-0.032817
-0.0366594
-0.0551702
-0.062434
-0.0477421
-0.00621753
-0.0678243
-0.0518657
-0.0545732
-0.0932389
-0.0668719
-0.0623784
-0.0726134
-0.0097929
-0.0910986
-0.0442773
-0.0179634
-0.0692673
0.00966677
-0.0641258
-0.0196658
-0.08579
-0.00304165
-0.0322467
-0.0573209
-0.0608486
-0.0469831
-0.0539884
-0.076427
0.00871955
-0.0604104
-0.049286
-0.073005
-0.0689066
-0.0492751
-0.0461247
-0.00399253
-0.0176775
-0.0483163
-0.0304389
-0.0071823
-0.0189551
-0.0671167
-0.0456928
-0.0124159
-0.0469301
-0.0601509
-0.0539539
-0.0829051
-0.0512175
-0.0257524
-0.0875631
0.0114135
-0.0453255
-0.0538499
-0.000317042
-0.0179316
-0.0531871
-0.0534532
-0.00667289
0.0126355
-0.0328238
-0.0549318
-0.0375651
-0.0152632
-0.0405327
-0.0308904
-0.0726915
-0.043874
-0.0572293
-0.00341496
-0.055257
-0.0343791
-0.0955055
-0.0143225
-0.034044
-0.0195475
-0.024757
-0.0640091
-0.0292673
-0.0605508
-0.0356035
-0.0700608
-0.00765319
-0.0634457
-0.0162462
-0.03621
-0.0225193
-0.0495362
-0.00723858
-0.0306247
-0.0420002
-0.0122792
-0.0473227
-0.00801824
-0.0589148
0.00203817
-0.0233228
-0.0470275
-0.0208117
-0.0138567
-0.0855664
-0.0343259
0.00122994
0.0332883
-0.0193067
-0.0523542
-0.0817458
-0.0352671
-0.0787009
-0.0643371
-0.0446427
-0.0826903
-0.0346432
-0.0699571
-0.023074
0.00816093
-0.019831
-0.0399391
-0.0635798
-0.0193897
-0.0261104
-0.0747333
-0.07069
-0.0165095
-0.117665
-0.0869818
-0.0530473
-0.0625076
-0.0174317
-0.031371
-0.11022
0.0267201
0.00418581
-0.0269107
-0.0680466
-0.0183746
-0.036012
-0.0554102
-0.0616443
-0.08022
-0.0471044
-0.0671324
0.00670681
-0.0914658
-0.050543
-0.0571129
-0.00668139
-0.022972
-0.00863419
-0.0158535
-0.0263859
-0.0970062
-0.0622135
-0.0552114
-0.0621288
-0.0298776
-0.0306541
-0.00670161
-0.0277694
-0.0406419
-0.0936538
-0.036651
-0.072155
-0.00353294
0.0562539
-0.10316
-0.0593243
-0.0534585
-0.0831726
-0.0416766
0.00995693
-0.0226699
-0.0644325
-0.119261
-0.0192318
0.0293212
-0.0110372
-0.00364328
0.0138362
0.0110415
-0.0508081
-0.025481
-0.0839308
-0.024214
-0.0624981
-0.0318604
-0.0708159
-0.0544501
-0.0405872
-0.0160331
-0.0495371
-0.050135
-0.0494169
-0.0451077
-0.0101379
0.0440129
-0.037496
0.00594536
-0.0298898
-0.0274256
-0.0194401
-0.0413833
-0.0654554
-0.0362539
0.038994
-0.0583743
-0.0448089
-0.0701813
-0.0589308
0.0245386
-0.0791558
0.00540814
-0.0395347
-0.0398117
-0.0743659
-0.0426275
-0.0752164
-0.0483836
-0.0240696
-0.0815012
-0.011757
-0.0692982
-0.0365442
-0.132695
-0.0575816
-0.0436709
-0.0345164
-0.0191015
-0.0230201
0.0025428
-0.00885801
-0.0751413
-0.0917979
-0.0500468
-0.0372266
-0.0778277
-0.0818313
-0.0273923
-0.0849729
-0.0498734
-0.0242647
-0.0859834
-0.0511153
-0.0319807
-0.00667001
-0.00482616
-0.0597622
-0.0131809
-0.0489123
-0.0196585
-0.040845
-0.0145817
-0.0109768
-0.0110901
-0.0438098
0.001604
-0.101029
-0.0576529
-0.0246707
-0.0592607
-0.0730383
-0.0648798
-0.07852
-0.067954
-0.0759613
0.380213
-0.0256339
-0.0470486
-0.0275388
0.00244722
-0.0392652
0.0042341
-0.0364929
-0.0330336
-0.0106106
-0.0212408
-0.057983
0.00278297
-0.0687393
-0.0826676
-0.0389392
-0.0456838
0.00759186
-0.0509491
-0.0642945
-0.0418484
-0.0238631
-0.05774
-0.0371248
-0.071538
-0.0566511
0.392651
-0.0620446
-0.0626203
-0.000348023
-0.0367578
-0.0757495
-0.00449176
-0.0050198
-0.0286307
-0.0329242
-0.0867918
-0.0126307
-0.0229687
-0.0177098
-0.0232762
-0.0358259
-0.0451557
-0.0171459
0.718131
-0.0725804
0.0134626
-0.0150949
-0.061963
-0.126808
-0.00969476
-0.0407358
-0.0388201
-0.00543578
-0.0941307
-0.062171
-0.0513338
-0.0391315
-0.0378304
-0.0435417
-0.0271707
-0.0046969
-0.0683695
-0.0352084
-0.0212498
0.0176267
-0.0521996
-0.071225
-0.0631515
-0.0849314
-0.0973104
-0.0125351
-0.0390088
-0.0154516
0.0104891
-0.0234904
-0.0399937
-0.0565574
0.0339498
-0.155778
-0.0420377
-0.064924
-0.073021
-0.0563026
-0.0370246
-0.0478326
-0.0243375
-0.0178901
-0.0633341
-0.0823887
-0.0699404
-0.0329824
-0.0639693
-0.067166
-0.0597073
-0.0553796
-0.103981
0.118082
0.00516143
-0.0642273
-0.0418187
-0.0286015
0.0536482
-0.0395992
-0.0684526
0.00426924
-0.035002
-0.00874627
-0.0244423
-0.0928931
-0.0404156
-0.0381771
-0.0457933
-0.18021
-0.073106
-0.00149537
-0.210271
-0.08294
-0.0327755
-0.0172801
-0.0736364
-0.0726675
-0.0287614
0.01156
-0.022453
-0.0440017
-0.0134476
-0.0466385
-0.0611743
-0.0348323
-0.0494158
-0.0276879
-0.0304448
-0.0909288
-0.0434808
-0.0413873
-0.0463884
-0.0370753
-0.0280664
-0.0238755
-0.0540164
-0.0821034
-0.058566
-0.0253582
-0.0677537
-0.0370941
-0.0027812
-0.0373455
-0.0273566
-0.0498685
-0.0206888
-0.084501
-0.0241553
-0.0303329
-0.0509927
-0.0277735
0.000804737
-0.110221
-0.0210289
-0.0264321
-0.0649396
-0.00727575
-0.0662021
-0.10295
-0.0529484
-0.0596614
-0.0627677
-0.0601841
-0.0878455
0.00684897
-0.0595395
0.00594552
-0.0145268
-0.0023576
-0.0805579
-0.0517108
0.00076161
-0.030055
-0.0257776
-0.0611181
-0.0717124
-0.00791706
-0.0297114
-0.0444212
-0.0270839
-0.071673
-0.0136429
-0.00228747
-0.0522739
-0.0661581
0.00943728
-0.0540672
-0.11
-0.0254993
-0.0910104
0.00341173
-0.0654551
-0.00579907
-0.00994919
-0.0310336
0.385149
-0.0668415
-0.0587713
-0.0460014
-0.0793566
-0.0603563
-0.07246
-0.0875137
-0.0310598
-0.0647677
-0.0402094
-0.0394647
-0.0108338
-0.041135
-0.0551765
-0.0720178
-0.0348457
-0.0149145
-0.102036
-0.0274607
-0.0586056
-0.0159139
-0.038419
-0.0338562
-0.0573561
-0.104028
0.00654711
-0.0287512
-0.0509838
-0.0192012
-0.00704655
-0.0199062
-0.00325509
-0.00168497
-0.0359584
-0.0367879
-0.0707793
-0.0196222
-0.0111899
-0.0773758
-0.0944823
-0.0404831
-0.0129739
-0.0419217
-0.063869
-0.031712
0.0478626
-0.0157887
-0.0755703
-0.0278722
-0.0274387
-0.01089
-0.0771627
-0.0577772
-0.12574
-0.151208
-0.0264813
-0.0607601
-0.0641484
0.0192065
0.00572894
-0.0335873
-0.0793658
-0.0413516
-0.0373693
-0.0394842
0.175311
-0.0447637
-0.0509217
-0.0186394
-0.0412321
-0.0819462
-0.0801602
-0.0373735
-0.0409114
-0.0363583
-0.0307631
-0.0128243
-0.0355472
-0.0591671
-0.0575029
-0.0265844
-0.04125
-0.0171371
-0.04086
0.0129173
-0.0273833
-0.0202751
-0.0828627
-0.0551922
-0.0735728
-0.046508
-0.0450731
-0.0687772
-0.0512268
-0.0503993
-0.0502639
-0.0335046
-0.0415631
-0.0326428
-0.0622065
0.0297362
-0.012322
-0.0202531
-0.0586112
-0.0317346
-0.0187062
-0.0967578
-0.0526864
-0.0465365
-0.0263831
-0.0657793
-0.100211
-0.0449573
0.0417608
-0.0734441
-0.0913929
-0.050911
-0.0210296
-0.0237878
-0.0600433
-0.100628
-0.0348313
-0.0809513
-0.0512446
-0.0055582
-0.0646536
-0.0416235
-0.0107046
-0.0416529
0.0207216
-0.0752176
-0.0495358
-0.0335025
-0.0757359
-0.0692344
-0.0315454
-0.0856245
0.00706557
0.0529933
-0.12184
-0.0374437
-0.0353308
-0.0695217
-0.0425402
-0.0152649
0.0179876
-0.0793171
-0.00511109
-0.0676599
-0.0574464
-0.0433591
-0.0738802
-0.0639021
-0.0464116
-0.0543935
-0.0681098
-0.041258
-0.0188897
-0.124089
-0.0327685
-0.0732286
-0.0388391
-0.0107792
-0.0434795
-0.0397182
-0.0599989
-0.0465949
0.0381976
-0.0434383
-0.0547446
-0.0229136
-0.0303598
-0.0383231
-0.0118223
-0.0318705
-0.0552883
-0.0239307
-0.100418
-0.0793783
-0.0187336
-0.0676645
-0.0396521
-0.0579586
-0.0737959
-0.0555746
-0.0073747
-0.0843562
-0.0618074
-0.0947098
-0.0187789
-0.0517591
-0.0257472
-0.0671234
-0.0539611
-0.0313686
-0.0251442
-0.0179513
-0.0539676
-0.0637025
-0.0356914
-0.0455501
-0.0534856
-0.0488501
-0.0633467
-0.00325985
-0.0145097
-0.0501448
-0.0262903
-0.0287649
-0.0346912
-0.0720728
-0.0321681
-0.0673764
-0.0329095
-0.0644127
-0.0544548
-0.0421845
-0.0170787
-0.0436817
-0.0762764
-0.016278
-0.0483006
-0.0398737
-0.0455781
-0.0250843
-0.0477204
-0.0321093
-0.0552255
-0.0845683
-0.0800778
-0.0213956
-0.0878152
-0.0457093
-0.0644618
-0.0398049
-0.0193566
-0.0468117
0.0280247
-0.0146996
-0.05642
-0.0531087
-0.0109713
-0.0742882
-0.0693769
0.00108652
-0.0339542
-0.0335503
-0.0274713
-0.0126917
-0.0271567
-0.0607317
-0.0652445
-0.0763879
-0.0916465
-0.0493498
-0.0662185
-0.0280553
-0.0996377
-0.00624225
-0.0580754
0.0304617
-0.0729632
-0.0259984
-0.0162609
-0.018668
-0.0398448
-0.0268519
-0.0540952
-0.0642291
-0.02074
-0.0333643
-0.0465237
-0.0752798
-0.0611487
-0.0868641
-0.0211525
-0.0541342
-0.00701039
-0.0320555
-0.0373647
-0.0232313
-0.0358729
-0.0386235
-0.099769
-0.0398007
-0.0475866
-0.0475251
-0.0489946
0.0269333
-0.0588482
-0.0521393
-0.0216104
-0.0101179
-0.0425019
-0.0956156
-0.0141967
-0.0518035
-0.00986909
-0.0461872
-0.0367344
-0.0490176
-0.0934425
-0.0286451
-0.0167397
-0.00139839
-0.0442738
-0.0399154
-0.0441253
0.00697719
-0.0638753
-0.00692275
-0.052436
-0.0288359
-0.0445904
-0.0230478
-0.0098145
-0.0337227
-0.079007
-0.287482
-0.047199
-0.00385398
-0.0895567
-0.0348576
-0.0419268
-0.0395263
-0.00539564
-0.0549473
-0.0454277
-0.0100347
-0.0138186
-0.0270486
-0.0362536
0.00550663
-0.0387965
-0.0375809
-0.0167636
-0.0390717
-0.0329827
-0.0532858
-0.039861
-0.0398826
-0.0198718
-0.0355084
0.0079027
-0.0437631
-0.0553116
-0.0403369
-0.0605864
-0.0241111
-0.0586108
-0.0115871
-0.00830164
-0.0625255
-0.0429126
-0.0440192
-0.0557451
-0.057883
-0.00254969
0.00357667
-0.0658098
-0.027521
-0.0172302
-0.100005
0.000904384
-0.00815016
-0.0532764
-0.0659429
-0.0355022
0.0271967
-0.0426193
-0.105622
-0.00359378
-0.00739497
-0.0405332
-0.0666025
-0.0681774
0.0875396
-0.0646272
-0.0583997
-0.0787017
-0.0257976
-0.0793279
-0.0359205
-0.0414297
-0.0303381
-0.0529651
-0.0258252
-0.06047
-0.0796605
-0.0242524
-0.0435628
-0.0838988
-0.0395057
-0.00658695
-0.0218678
-0.0573135
-0.0460302
-0.0954638
-0.0619843
-0.0286486
-0.0547365
-0.0510615
-0.141151
-0.185518
-0.0774068
-0.0327339
-0.0465611
-0.0549166
-0.0103202
-0.00587401
-0.0264579
-0.054812
-0.0254287
-0.00209292
-0.0423719
-0.0567461
-0.0710107
-0.0832616
0.00449351
-0.0623952
-0.0663752
0.0529107
-0.0361728
-0.0641964
-0.00352066
-0.0501267
-0.0505098
-0.013565
-0.0130043
-0.015255
-0.000947089
-0.0262475
-0.0739933
-0.0951414
-0.0105114
-0.0753232
-0.0629469
-0.0536984
-0.0707667
-0.068446
-0.119999
0.00773442
-0.0234176
-0.0126744
-0.0404596
0.00953328
-0.0427934
0.00963586
-0.0640644
-0.0293571
-0.0107718
-0.0338843
-0.021783
-0.0805224
-0.0394027
0.0147873
-0.113413
-0.0514055
-0.016146
-0.00892946
-0.0444064
-0.000407752
-0.0429116
-0.00981762
-0.0615249
-0.0206354
-0.074628
-0.0475204
-0.075625
-0.0422751
-0.0537369
-0.0634714
-0.0449466
-0.0369861
-0.0134249
-0.0564395
-0.0300447
-0.0506176
-0.0834336
-0.000355332
-0.0396103
-0.0517587
-0.0414712
-0.0498942
-0.1065
-0.0811934
-0.0535363
-0.0489634
-0.0324966
-0.0174293
-0.0660215
-0.000226844
-0.0673835
-0.0160132
-0.0412498
-0.0306984
-0.0210436
-0.0325984
0.00341391
-0.0679169
-0.0392073
-0.0556038
-0.0509097
-0.0411675
-0.0217885
-0.068533
-0.042886
-0.135022
-0.0475895
-0.0499091
-0.0242068
-0.066257
-0.0150648
0.0101038
-0.0814725
-0.0773994
-0.01988
-0.0958258
-0.0533911
-0.0769116
-0.0066005
-0.00493237
-0.00766957
-0.043946
0.0077376
-0.0215607
-0.0381684
-0.0560954
-0.0208048
-0.00166837
-0.398848
-0.074489
-0.020328
-0.0797523
-0.0281018
-0.0395606
-0.00542399
-0.0146848
-0.00508588
-0.0611541
-0.0462668
-0.0202271
-0.077956
-0.0372963
-0.0569434
-0.0542846
-0.0171227
-0.0924449
-0.0906314
-0.0755898
-0.0642262
-0.0467517
-0.0263101
-0.0532208
-0.0516032
-0.0133275
-0.0310541
-0.0761731
-0.0799245
0.00484963
-0.0358296
0.000394693
-0.0524746
-0.0110773
-0.051405
-0.00705006
0.00113457
-0.0441339
0.0176128
-0.000693172
-0.0395497
-0.0581543
-0.0222329
0.00535441
-0.0468776
-0.0209048
-0.0171716
-0.0714726
-0.108739
-0.0312935
-0.0549072
-0.058819
-0.0109792
-0.0915142
0.0093699
-0.0334505
-0.0452495
-0.0186424
-0.0225672
-0.0205702
-0.048559
-0.0621717
-0.0670687
-0.0956234
-0.0565944
-0.0752611
-0.0120118
-0.0274894
-0.0421669
-0.0692059
-0.0406151
-0.0094452
-0.0130863
-0.0262364
0.00578759
-0.0850368
-0.0432061
0.341658
-0.0124397
-0.0481085
-0.0869486
-0.0546569
-0.0686059
-0.063557
-0.0401547
-0.0390336
-0.0765019
-0.0430585
-0.0141682
-0.0189913
-0.0482113
-0.0548534
-0.0445653
-0.0557615
-0.083164
-0.0273996
-0.027199
-0.00809376
0.022485
0.00241636
-0.0604021
-0.129473
0.00205497
-0.0181005
-0.0763968
-0.0557587
-0.056684
-0.0414139
-0.0770462
-0.0858573
-0.0330232
-0.0594845
-0.0700425
-0.0173796
0.00973877
-0.00552488
-0.0233983
-0.0194195
-0.0103292
-0.0247267
0.0116865
-0.073475
-0.0524808
-0.0571598
-0.0317024
-0.150494
-0.0133311
-0.0167493
-0.0326493
-0.0960706
-0.00157981
-0.0780886
0.00475147
-0.0205082
-0.0266951
0.0239347
-0.0344315
-0.0174211
-0.0300117
-0.0501494
-0.0673411
-0.0200985
-0.0386137
-0.0573989
-0.0405593
-0.0215045
0.00280517
-0.0235086
-0.0350728
-0.0388102
-0.0354356
-0.0692586
-0.00658242
0.0116634
-0.0569751
-0.110002
-0.00396074
-0.0945893
0.0580492
-0.0738402
0.0958162
-0.0549906
-0.0488272
-0.0616884
-0.0231137
-0.0454449
-0.0264173
0.00909234
-0.0254382
-0.0840238
-0.076037
-0.0554036
-0.0349831
-0.0299771
-0.0619471
-0.0621867
-0.0417056
-0.0393388
-0.0690857
-0.0311184
-0.0240077
-0.0365266
-0.0359961
-0.0855829
-0.056042
-0.0934215
-0.0111811
-0.037819
0.0186423
-0.0325093
5.7267e-05
0.00366537
-0.0689638
-0.0290739
-0.0465956
-0.0185651
-0.0303683
-0.0179481
-0.0552782
0.0100682
-0.0672845
-0.0176184
-0.0661769
-0.135311
-0.0379548
-0.0745919
-0.0875449
-0.0117631
-0.0258798
-0.0899268
-0.0400575
-0.0287259
-0.0347149
-0.0463145
-0.420471
0.100283
-0.0401098
-0.0716601
0.00684945
-0.0839308
-0.0274102
-0.0673883
-0.0434084
-0.0262415
-0.0516992
-0.0664012
-0.0615076
-0.0871986
-0.0743816
-0.0524442
-0.00489682
-0.0283423
-0.09177
-0.0576234
0.00574649
-0.0771025
-0.0659209
-0.0708888
-0.0677464
-0.0453381
-0.0188484
-0.0315487
-0.0772414
-0.057599
-0.0629859
-0.0375319
-0.148551
0.000589502
-0.0607923
-0.0620074
-0.0148137
-0.0508447
-0.0526542
-0.0253013
0.0024681
-0.0364553
-0.0224435
-0.0426349
-0.0552268
-0.0324246
-0.00554514
-0.106893
-0.0560146
-0.0957612
0.0287933
-0.0344393
-0.0225192
-0.0693324
-0.0572835
-0.0673317
-0.054043
-0.0208065
-0.0343286
-0.0551791
-0.0679531
-0.0374836
0.00709343
-0.065664
-0.0561182
-0.0759697
-0.0164334
-0.0420148
-0.0508073
-0.0402679
-0.0830904
-0.017714
0.0207421
-0.0530323
-0.0427989
-0.0215563
-0.00993617
-0.0572435
-0.0320896
-0.0663896
-0.0402396
-0.0315131
-0.0164988
-0.014227
-0.0166285
-0.039695
-0.0548972
-0.00373271
-0.0103891
-0.0440134
0.0272096
-0.00199598
-0.0533893
-0.0714248
-0.0617306
-0.0199144
-0.0438819
-0.0703484
-0.053982
-0.078873
-0.0503327
-0.0770089
-0.0819135
-0.0643138
-0.0302213
-0.067425
-0.0487422
-0.0598242
-0.0488222
-0.0298252
-0.0418947
-0.00827704
-0.0539591
-0.0486576
-0.00586941
-0.0174479
-0.0237816
-0.00946724
-0.0855404
-0.0645572
-0.0693965
-0.0661118
-0.0666987
-0.0665725
-0.0446192
-0.00771408
-0.0911358
-0.0151291
-0.0926836
-0.0344148
-0.109237
-0.0598186
-0.237092
-0.0501819
-0.0351996
-0.0206345
-0.0378476
-0.0392417
-0.0597255
-0.0319209
-0.0404483
-0.0114401
-0.106102
-0.102877
-0.0378069
-0.052814
-0.0181915
-0.0746202
-0.0354542
-0.0242308
0.0165409
-0.0622746
-0.0217628
-0.0929297
-0.0390016
-0.0178785
-0.0289373
-0.0802151
-0.0332058
-0.00788586
-0.00482959
-0.0449294
-0.0513943
-0.0536732
-0.0922986
-0.0856819
0.0302957
-0.332135
-0.0159604
-0.050342
0.00382431
-0.0355346
-0.0890506
-0.0847661
-0.0336275
-0.0495122
-0.0478097
-0.0289975
-0.0419196
-0.0373849
-0.0278495
-0.0251198
-0.0101714
-0.0288829
-0.00866522
-0.103172
-0.0607235
-0.0900786
-0.0557388
-0.0456911
-0.106042
-0.0883525
-0.0720076
-0.0313543
0.00856199
-0.0447324
-0.0639548
-0.0604806
-0.0956137
-0.0569235
-0.0232161
-0.130991
-0.019605
-0.0491663
-0.0513423
-0.058555
-0.00573701
-0.033514
-0.0174768
-0.028273
-0.0333866
-0.0683809
-0.0333062
-0.0129461
-0.0495956
0.000991875
-0.0427708
-0.027685
-0.0305984
-0.0669025
-0.0889026
-0.0176795
-0.0185261
-0.132768
-0.0304601
-0.0554619
-0.0317794
-0.0117909
-0.00766285
-0.0170398
-0.0568745
-0.0405462
-0.0366351
0.0107738
0.00523383
-0.0555765
-0.0462169
-0.0418294
-0.00789604
-0.0411541
-0.0357412
-0.066475
-0.0396338
-0.0574909
-0.0805018
-0.0450751
