-1.30407
-0.912783
-1.24838
-1.18393
-0.965921
-0.952221
-0.424649
-0.714935
-0.916557
-1.43933
-1.11328
-1.63562
-1.55059
-1.08797
-1.22283
-1.19705
-1.21153
-0.928785
-1.22396
-0.9373
-0.260999
-1.11963
-1.85255
-0.617279
-1.42807
-0.937525
-1.158
-1.48884
-0.852679
-1.15364
-1.62868
-1.31272
-1.22643
-1.27861
-1.15918
-1.00796
-1.43831
-1.21175
-1.26725
-1.33417
-1.00367
-0.758927
-1.59629
-1.1347
-0.864078
-1.39673
-1.12575
-1.03093
-0.83946
-1.13048
-1.39462
-1.10235
0.295852
-1.33302
-1.01171
-0.967912
-1.23745
-1.09567
-1.60074
-1.652
-1.63454
-1.49396
-1.59546
-1.13276
-2.04693
-1.29675
-1.16118
-1.34332
-1.45295
-0.778273
-1.07792
-0.752737
-1.41479
-1.40987
-0.935267
-1.06948
-1.10242
-1.39196
-0.784332
-0.970601
-1.09177
-0.785809
-1.12674
-0.954618
-1.32132
-1.38755
-1.5873
-0.84359
-1.62981
-0.709122
-1.10207
-1.00279
-1.08264
-1.15001
-1.04986
-1.41223
-0.595466
-0.804804
-1.24027
-1.47142
-1.16292
-1.13999
-1.2714
0.50153
-1.19952
-1.20972
-0.949279
-1.21707
-1.80048
-1.39462
-1.23175
-1.61046
-0.856437
-1.14035
-1.5553
-1.39384
-1.17633
-0.941352
-1.19976
-1.41419
-0.951226
-0.924901
-1.03671
-1.19416
-1.09152
-2.12988
-1.18965
-0.937995
-1.40386
-0.494276
-1.09128
-0.882206
-1.27784
-0.857341
-1.12562
-0.982748
-0.959363
-1.32362
-1.18861
-1.17657
-1.32184
-1.098
-1.02419
-1.27596
-1.2033
1.96027
-0.861354
-1.5897
-0.965309
-1.61804
-1.14043
-1.12329
-1.54589
-1.20885
-0.893126
-1.08743
-1.03033
-1.25761
-1.51439
-0.897171
-1.57167
-1.12558
-0.923552
-1.29557
-1.15965
-0.887101
-1.13261
-0.762654
-1.48814
-1.63378
-1.44146
-1.53162
-0.945101
-1.59568
-1.27694
-1.36735
-1.64544
-0.734413
-1.30083
-1.25201
-1.85333
-1.4447
-0.657006
-0.852352
-1.20182
-0.229395
-0.923635
-0.271081
-1.32169
-1.67567
-0.970885
-1.15889
-1.6865
-0.734775
-0.722549
-1.92025
-1.36563
-1.66431
-0.893428
-1.14766
-1.11272
-1.22572
-1.31998
-0.820284
-1.21168
-1.63474
-1.10283
-1.20508
-0.820864
-1.13459
-0.831
-1.13673
-1.15947
-1.29272
-1.07274
-0.933051
-0.960873
-1.02046
-1.33968
-0.940654
-1.45756
-1.58255
-1.0629
-1.19864
-1.4604
-1.4764
-1.12324
-1.55756
-0.726199
-0.992084
-0.848224
-1.16522
-1.13272
-1.39563
-1.06246
-1.24819
2.34332
-0.957397
-0.831177
-1.00276
-1.51228
-1.08207
-1.28456
-1.08119
-1.28743
-0.991952
-1.0499
-1.6322
-1.12829
-0.966437
-1.203
-1.14677
-0.689134
-0.533536
-1.27349
-1.45479
-0.994951
-0.9801
-1.59421
-1.39264
-1.27329
-1.27074
-1.33481
-1.31743
-1.11487
-1.04621
-1.71147
-1.22547
-1.58369
-1.48373
-0.704405
-1.36262
-1.18096
-1.02642
-1.14283
-1.25113
-1.14946
-1.27978
-0.978713
-1.39114
-0.97186
-1.33741
-0.981413
-1.28648
-1.64115
-0.933564
-0.709209
-1.95637
-0.934724
-1.28337
-1.29525
-0.918245
-1.08157
-1.62291
-0.564348
-0.774125
-1.20151
-1.5941
-1.00771
-1.27894
-0.938857
-1.04768
-1.15447
-1.20227
-1.01082
-1.16062
-0.864768
-1.21109
-1.32615
-1.23439
-1.37692
-0.438324
-0.842477
-0.959619
-0.614143
-1.11139
-1.02925
-1.53949
-1.48529
-0.949625
-1.47326
-0.53369
-1.45927
-1.13804
-0.946107
-1.57245
-0.91059
-1.2608
-1.04528
-1.35061
-1.0713
-1.33887
-0.743695
-1.11599
-1.37056
-0.9468
-1.22972
-1.23562
-0.557024
-1.32485
-1.36501
-1.3549
-1.35166
-1.73194
-1.43839
-1.57715
-0.808652
-0.697567
-0.320879
-0.993723
-0.78574
-0.251903
-1.40979
-1.27016
-1.3898
-1.2079
-1.55847
-1.17317
-0.422149
-0.512848
-1.23712
-1.80499
-1.41476
-1.31875
-1.70622
-1.78148
-1.76919
-1.00155
-0.882177
-0.416921
-1.16815
-1.0179
0.554944
-0.510004
-1.68703
-0.162666
-1.1611
-1.65509
-1.50239
-1.16701
-0.841989
-0.931603
-0.883498
-1.33048
-0.240284
-1.30076
-1.12426
-0.726196
-1.03935
-0.858717
-1.08412
-1.23075
-0.926492
-1.21936
-1.15023
-1.23988
-0.277383
-1.15028
-1.15694
-1.4953
-0.543581
-0.845129
-0.973691
-1.54738
-1.36381
-1.21369
-1.31199
-1.02839
-1.22536
-1.25687
-0.678542
-1.19481
-1.13221
-1.28968
-1.91912
-1.22883
-1.17725
-1.15407
-1.5533
-1.14086
5.3278
-1.51568
-1.50257
-0.873214
-0.832603
-0.747811
-1.02514
-1.27682
-1.33771
-0.945036
-1.10928
-0.994398
-1.57264
-1.43321
-1.48152
-1.15447
-1.08226
-1.30186
-0.69087
-0.940177
-1.49406
-1.11973
-1.63233
-1.26192
-0.692897
-1.37344
-1.12047
-1.17221
-1.07154
-1.26305
-1.39367
-1.94042
-1.05011
-0.920638
-0.791296
-1.10742
-0.994037
-1.33095
-1.24003
-0.624743
-1.49914
-1.60973
-0.939616
-0.832261
-1.10971
-0.829286
-0.979749
-1.0385
-0.916457
-0.91563
-1.19986
-1.38869
-0.968459
-1.00789
-1.4592
-1.36174
-0.607613
-1.89257
-0.905438
-1.33593
-0.710494
-0.810224
-1.23865
-0.573665
-1.12007
-1.17744
-0.894592
-1.63311
-1.64468
-1.13841
-0.793985
-1.53989
-1.0924
-1.48937
-1.24882
-1.42097
-0.96807
-1.31373
-1.13963
-0.631468
-1.34465
-1.47091
-1.28034
-1.21773
-1.21473
-0.978563
-2.04366
-1.32339
-1.31171
-0.884475
-0.677827
-0.79228
