0.0793981
0.0890464
0.103863
0.0885536
0.110951
0.0873508
0.0733325
0.0981142
0.105171
0.140057
0.0970682
0.0932406
0.0987253
0.109081
0.107268
0.129771
0.120814
0.109533
0.096782
0.10181
0.101549
0.102613
0.117529
0.0941763
0.102317
0.0910135
0.114527
0.0875604
0.09871
0.0894511
0.100193
0.103218
0.0995107
0.0837735
0.127717
0.104761
0.0981451
0.132844
0.092849
0.0865073
0.0865719
0.112193
0.182033
0.0937529
0.0878738
0.0966838
0.105973
0.151905
0.0976384
0.0913953
0.105215
0.111395
0.0915728
0.124979
0.0992662
0.0791486
0.0915424
0.0857371
0.0905024
0.090511
0.0736718
0.0893851
0.0915378
0.0760282
0.0929962
0.355383
0.084348
0.130634
0.0944462
0.0870075
0.101497
0.108232
0.104162
0.0976212
0.0906287
0.111728
0.0801525
0.113947
0.10816
0.0701621
0.0905816
0.111122
0.103466
0.0886358
0.0975603
0.0886531
0.102306
0.0926444
0.12854
0.0985254
0.106043
0.0783779
0.0776074
0.104034
0.115444
0.0873372
0.0783035
0.0940421
0.100123
0.100533
0.108992
0.108899
0.114431
0.0922913
0.0898092
0.105437
0.119187
0.0810947
0.0906255
0.102909
0.105259
0.10142
0.0774153
0.0919265
0.0941581
0.0920618
0.0929963
0.0850435
0.0940002
0.0973764
0.116318
0.101373
0.104994
0.0867052
0.106271
0.0946781
0.0880052
0.127384
0.0804902
0.103971
0.0854552
0.0984003
0.090757
0.0967374
0.0993659
0.0949438
0.0854778
0.0975054
0.115117
0.0896459
0.0871975
0.0903693
0.0965734
0.1031
0.0964647
0.123026
0.109484
0.0902389
0.0964101
0.122456
0.0915372
0.094914
0.131308
0.110955
0.0815679
0.133502
0.104542
0.110631
0.0898646
0.0979813
0.0969767
0.106673
0.0901678
0.0850963
0.107675
0.0925291
0.0810012
0.114281
0.0883912
0.0910934
0.103459
0.0877356
0.0965498
0.096329
0.0744137
0.140491
0.0860606
0.105111
0.0953119
0.123736
0.102287
0.0969666
0.0874148
0.193069
0.117185
0.0915542
0.101292
0.096198
0.0829431
0.122918
0.110792
0.101306
0.0909665
0.11529
0.0902497
0.0837764
0.0791641
0.0899894
0.119366
0.086895
0.129071
0.101367
0.113071
0.0963351
0.113876
0.099526
0.0929308
0.111012
0.121637
0.112815
0.0904048
0.142369
0.118081
0.0809183
0.142138
0.108076
0.0838243
0.105368
0.0952282
0.109025
0.103365
0.0776323
0.0894998
0.105312
0.0983787
0.102331
0.0907176
0.090796
0.107643
0.0933009
0.0956981
0.0910864
0.0882604
0.105938
0.0980197
0.0833056
0.112937
0.0934841
0.108786
0.103118
0.186856
0.0794832
0.0941765
0.0948251
0.11142
0.0971707
0.0955604
0.114916
0.123135
0.119134
0.104916
0.133254
0.0881622
0.0856122
0.111606
0.106257
0.0931946
0.095373
0.0960798
0.0943068
0.116147
0.117056
0.100434
0.0970336
0.106413
0.14958
0.108227
0.0893184
0.144908
0.11157
0.108972
0.0932866
0.105448
0.108554
0.0886958
0.0927015
0.113911
0.0867528
0.0977807
0.104751
0.109212
0.0875795
0.0934126
0.101374
0.098395
0.0887117
0.0926854
0.112078
0.0846901
0.0865537
0.0843007
0.122175
0.0866614
0.0982525
0.107619
0.108918
0.0947427
0.0900298
0.0949106
0.106128
0.0990449
0.104708
0.089008
0.090021
0.127562
0.0662291
0.101927
0.101073
0.114415
0.114403
0.0993719
0.0894666
0.108648
0.0836209
0.0819121
0.139123
0.0866331
0.0911422
0.0834189
0.0866482
0.0887983
0.112986
0.0987732
0.110917
0.0992347
0.0915386
0.0954002
0.0926435
0.110318
0.0934984
0.0849502
0.100254
0.108882
0.134186
0.12787
0.104297
0.0823779
0.0929146
0.0983512
0.0924282
0.109955
0.109308
0.162041
0.104913
0.0889587
0.0953352
0.0972112
0.086174
0.119991
0.0835705
0.0899233
0.0913142
0.0917148
0.0901483
0.101445
0.10451
0.0989789
0.10402
0.0836949
0.118397
0.0997945
0.0940592
0.0933642
0.106163
0.114106
0.102676
0.10579
0.10497
0.0787168
0.0905565
0.0894501
0.11244
0.0939429
0.0902438
0.0785332
0.0967741
0.0890423
0.0925216
0.0857384
0.06987
0.096797
0.118422
0.0893832
0.0904067
0.0947833
0.104587
0.111131
0.0951388
0.0726527
0.0998844
0.118071
0.108174
0.0963827
0.109737
0.098071
0.0847055
0.099944
0.121988
0.0973578
0.0868157
0.10131
0.08456
0.118582
0.0934203
0.082139
0.108993
0.10691
0.102902
0.110084
0.111459
0.0963195
0.0900246
0.0813828
0.0901448
0.0970831
0.119314
0.134407
0.0807254
0.137056
0.121572
0.113327
0.101598
0.0812555
0.097078
0.0850999
0.0989356
0.106394
0.0826493
0.087509
0.0914215
0.115288
0.0962847
0.0925219
0.116463
0.0879767
0.0833965
0.0926736
0.0881341
0.10517
0.109091
0.106734
0.0954991
0.0927476
0.101102
0.0744605
0.0925169
0.092255
0.104241
0.119053
0.0949782
0.0932941
0.104996
0.0839511
0.0872196
0.0962921
0.0970427
0.0869104
0.0684256
0.14912
0.090831
0.102049
0.0882029
0.0987914
0.095654
0.0824416
0.087711
0.089913
0.084387
0.0984891
0.100238
0.0879152
0.0934301
0.108655
0.107224
0.0864632
0.0882309
0.10076
0.115343
0.0890618
0.0979555
0.103351
0.0880391
0.0865017
0.113929
0.0867586
0.119225
0.0953809
0.125125
0.0971694
0.0918871
0.103186
0.100998
0.0858101
0.121795
0.100555
0.101689
0.105557
0.103369
0.0877219
0.0999544
0.119324
0.103486
0.100875
0.107012
0.0849574
0.0894864
0.0959536
0.0982881
0.0743092
0.0781208
0.103915
0.0895518
