1.09133
1.11386
0.872212
1.37759
1.16712
1.1967
0.911235
1.56569
2.55365
0.881357
1.19536
0.863407
0.943248
2.48657
1.03686
1.2844
1.45142
1.30083
1.00898
1.37588
1.06347
1.10252
2.63441
1.0764
1.08262
1.41039
1.98257
0.744998
0.930633
2.08455
1.41469
0.879981
0.872134
0.512643
1.28916
0.902438
0.880545
1.86448
1.38098
1.01026
1.39416
1.04089
1.29404
0.528387
0.963184
2.66859
1.1684
1.10921
0.832139
1.00367
1.46831
1.59176
0.552869
1.25419
1.55602
1.06906
0.850863
0.929031
1.41131
0.945256
0.861434
0.916103
1.04259
1.01351
