1.0477
0.527068
0.5242
1.28004
0.929972
0.921987
0.865695
0.69057
0.50225
0.564186
0.746081
1.64094
0.865896
0.567698
0.670935
1.31713
0.420426
0.69861
0.637583
0.635641
2.52953
0.740058
0.562835
1.04682
0.966374
1.12509
0.805375
0.54807
0.651481
0.852637
0.796255
0.728356
0.886882
0.516987
1.22467
0.981779
0.712231
0.863328
0.989843
0.657694
0.939622
0.603122
0.84324
0.52637
0.644043
0.822622
0.484484
0.495116
0.847912
0.609819
0.561935
1.25737
0.494813
1.14969
1.48452
1.13021
0.828337
0.576994
0.990174
1.08639
0.954728
0.711363
0.694234
0.500442
