1.09378
0.722527
0.868687
0.895935
1.08565
0.62051
0.695551
0.693812
0.810763
0.771953
1.00061
1.1173
1.12364
1.00439
1.13729
0.700267
0.850822
0.8165
1.285
1.11358
1.22109
0.912785
0.938054
0.830283
0.744849
1.1712
1.07445
0.745919
0.749834
0.835333
0.883977
0.947052
0.90692
0.799267
0.954965
1.52992
0.847182
1.162
0.719801
0.822541
0.719488
0.770045
0.941709
1.13919
1.21138
1.04885
0.846825
0.794553
1.08173
0.709243
0.819495
0.957976
0.705346
0.784765
1.46946
0.681613
0.715797
0.938794
1.02682
1.61772
1.30286
1.01425
1.03953
0.792668
