1.08576
0.927692
1.03988
1.20281
0.936063
1.66937
1.47691
0.947689
1.81545
0.936583
1.18069
0.769033
1.10443
0.899745
1.12229
1.41624
1.78839
0.88597
1.22449
1.29876
0.925102
0.819348
1.09487
1.45052
1.11075
1.06457
1.94903
1.67127
1.06796
0.853693
1.02052
1.02157
1.53684
0.799452
1.55504
1.22115
0.895194
1.03567
1.44487
1.21056
1.19552
1.12222
1.42402
0.868586
1.41412
0.905112
0.949665
0.754656
1.12539
0.931823
1.06223
1.51739
1.38508
1.20238
1.25304
0.828252
1.13181
1.4833
0.836557
0.746197
1.2511
1.40647
1.00489
1.0434
