-1.1216
2.12
0.671912
-0.164351
-0.652603
1.45649
0.998382
1.56455
0.0711411
1.2679
-0.588772
-0.482791
-1.19293
-0.119827
-1.2285
1.61485
2.12148
-0.0268402
-0.988123
-1.43566
-0.387722
0.0703896
-0.923049
-0.411133
0.762226
-0.615482
-0.318038
1.78145
1.39521
-0.172395
-0.0266562
0.00626587
0.095096
0.622809
-0.188183
-1.80099
0.340758
-1.06669
2.04871
0.0514013
0.180534
-0.405043
-0.252975
-0.262146
-1.42333
-0.538779
1.62396
2.12036
-0.783972
1.40677
0.646439
-0.555274
1.10013
1.05762
-1.27406
2.01346
2.39833
-0.517532
-0.835533
-2.0027
-1.10742
-0.613492
-0.777155
0.0912357
