0.59736
0.825299
0.807342
-0.319557
0.578405
-0.81529
-0.490994
0.84409
-1.25723
0.0189114
-0.609055
0.790485
-0.786387
1.57787
-1.18119
-0.984051
-1.10083
1.01774
-0.878694
-1.28291
0.392117
0.262177
-0.42156
-0.856254
-0.578942
0.227281
-1.17886
-1.68805
-1.12689
0.338294
0.677602
-0.123935
-1.11151
0.635656
-0.568872
-0.277284
0.960433
-0.166992
-0.697955
-0.868579
-0.649379
0.00913605
-0.752701
0.81387
-0.895912
0.176914
0.486045
0.552345
-1.28364
0.0437633
0.202253
-0.782694
-0.350285
-1.10887
-1.49514
0.99597
0.270695
-0.552574
0.38569
0.38415
-0.332131
-1.31281
1.09237
-1.17131
