1.32691
1.25607
0.995028
0.894806
1.20323
0.934624
1.00548
1.08606
0.629515
0.669967
1.15942
0.721012
0.922726
1.01638
0.926798
1.01088
1.0348
0.778441
0.910187
0.850531
0.630787
0.856989
0.574069
0.927533
1.1684
1.29655
0.767281
0.660215
0.678661
1.09068
0.734093
1.15327
1.42454
0.779367
1.43378
0.728024
1.52903
1.31665
0.957388
1.68804
1.10684
1.00611
1.01355
1.27864
1.23134
1.15852
0.953853
0.933572
1.20266
1.21514
1.36998
1.3165
0.896061
1.11049
1.30989
1.20525
0.717635
0.94072
0.98925
0.719104
1.38785
0.981846
1.10439
1.24134
