1.45693
0.869691
1.22229
1.4448
1.42019
1.54187
1.47558
1.61217
1.45819
1.26139
1.51946
1.42827
1.39042
1.46883
0.784763
1.24958
1.43832
1.37197
1.64928
1.45997
1.30962
1.40572
1.52839
1.47199
1.38119
1.54745
1.55639
1.03816
1.5237
1.57482
1.44887
1.09452
1.45794
1.47326
1.48023
1.41846
1.43887
1.42825
1.50433
1.39526
1.36569
1.4053
1.52355
1.29849
1.29023
0.757045
0.863186
1.61451
1.41735
0.821797
1.42953
1.38325
1.46554
1.51522
1.43069
1.35542
1.28452
1.35302
1.35253
1.28863
0.767429
1.31736
1.47076
1.46046
