1.01766
2.15398
0.398403
1.45682
0.873448
0.00720893
0.258911
1.94882
1.0346
1.03172
0.443082
1.30062
0.515222
0.049783
-0.00370338
0.507686
1.4098
0.605836
0.736908
1.01458
0.872033
0.0647742
1.83302
-0.0163472
0.0059006
0.00191434
0.00424527
0.997632
0.113357
1.0398
0.0102086
0.815412
0.478689
0.00429644
-0.00623925
0.0602701
-0.00180597
0.0216661
1.24751
-0.00119347
0.000579693
0.9265
1.57564
0.359255
1.01201
-0.00478887
1.22376
0.0738258
-0.0033976
0.0899284
1.34485
1.52036
0.757025
1.16925
0.0875837
0.0643783
0.0402884
0.950033
1.3388
0.675519
0.229145
0.861648
0.310028
0.368511
0.00721684
0.0179977
0.00565895
0.865264
0.72149
1.34433
1.16546
0.922488
1.23366
0.323825
1.61184
1.83274
0.646717
-0.00470918
-0.00100092
-0.000855655
0.622887
1.08319
0.398649
0.275723
0.740936
1.78508
0.18284
0.127644
0.121248
1.76877
0.00164275
0.0296182
0.0131236
1.04278
0.770742
1.21135
0.725869
0.254704
0.374592
1.16741
0.00815793
0.233405
1.10089
0.2068
1.14212
0.853097
0.938295
-0.00280016
0.534777
1.19131
1.83951
0.136742
0.657765
1.08862
1.07987
1.01789
0.00337397
1.15211
0.793652
1.93593
0.646536
0.123555
0.439377
-0.012253
0.0559594
1.24043
0.000541527
0.810379
0.962909
0.0952126
1.06901
0.280663
0.132312
-0.00350637
1.20755
0.197152
0.252732
0.288444
0.92097
1.43449
0.846883
0.711129
1.21828
0.725819
0.824111
-0.00405738
0.856323
0.115461
1.67392
0.134239
0.900863
1.53968
0.354971
1.0185
0.799286
-0.00863115
0.180453
0.999482
-0.00529162
0.17431
0.240802
-0.00381885
0.0440125
0.517826
0.0154938
0.0434791
0.869989
0.287591
1.22468
-0.00520716
0.854937
0.0302852
1.26579
-0.000331235
0.00280502
1.07263
0.247628
0.357297
1.08032
0.00133086
2.14848
0.97713
-0.000746161
1.78839
0.000393259
0.209264
-0.000253039
0.0031036
1.80011
0.00740382
0.366672
0.198393
0.621605
0.829882
0.257492
1.11647
0.855626
0.122712
0.722309
1.22921
1.27323
0.00857398
0.797768
0.494401
0.0038672
0.863714
0.021384
0.14132
0.956149
1.45196
0.124415
0.990361
0.130726
0.808093
-0.000710382
0.579674
0.0420952
1.73126
0.490763
1.23534
0.00462994
0.543191
0.30433
-0.00242927
0.122956
0.176924
-0.0107463
1.00795
1.10573
0.153127
0.885736
0.101805
1.06904
1.36782
0.312615
0.02569
-0.00892872
1.02086
-0.0584833
1.26171
0.89499
1.23536
0.474361
1.3404
0.0263774
0.000626189
0.364429
0.924567
0.361776
1.36204
1.20374
1.15646
1.16482
0.919146
-0.000220775
1.45798
