-1.17744
-1.09131
-0.161753
0.13188
-0.631733
0.439738
0.153783
-0.952365
0.90008
1.09037
-0.936295
0.808334
0.490219
-1.42305
0.183307
-0.293323
-0.454943
0.662645
-1.24089
0.384038
0.840705
0.611572
-1.43637
0.0535493
-0.995408
-1.00363
0.196474
0.551037
0.777399
-1.11729
0.717494
-1.01378
-1.32899
0.262259
-1.40063
0.657331
-1.87636
-1.72649
0.0899606
-0.863762
-0.931789
-0.603317
0.39811
-1.572
-0.734222
-0.659281
0.0374017
-0.668618
-0.919812
-0.993815
-0.728338
-1.0067
0.201408
-1.19308
-1.55995
-1.15142
0.734417
0.200957
0.219617
1.01599
-0.9309
-0.421602
-0.454352
-1.25274
