1.44665
1.42384
1.30125
1.18945
0.963744
1.44296
1.20924
1.63933
0.844387
0.835442
0.91184
1.35559
1.63521
1.62665
1.29533
0.966162
1.22485
0.217686
1.9499
1.7082
1.76656
1.53479
1.35733
0.977212
1.0656
2.04517
1.42184
1.81755
1.46246
1.13197
1.34716
0.790147
1.68798
0.745116
1.77203
1.63168
1.10143
1.04858
1.07136
1.41502
1.43309
1.72442
1.27015
1.22364
2.08878
0.0519253
0.630998
1.32863
1.385
1.19228
1.20634
0.0444051
1.66003
1.37214
1.63892
0.632957
1.6153
0.87524
1.82966
1.23282
1.44976
1.9287
1.02736
1.01135
0.823037
1.5091
1.08457
1.82554
1.08753
1.67392
1.92748
1.54363
1.31611
1.77993
1.39793
0.899561
1.33002
0.641704
0.984208
2.09021
1.24422
2.01314
1.1532
1.15306
1.64242
0.93708
1.64816
1.31265
0.97708
1.43021
1.56449
1.4446
1.8818
1.48851
1.43764
1.14161
1.64108
1.8347
0.96459
0.872546
1.36956
1.64236
1.37552
0.870591
1.58697
0.723152
1.39212
1.88041
1.57208
1.03351
1.55224
0.824374
0.00553085
1.0458
1.58716
1.5965
1.0276
1.46913
1.25385
1.30398
1.65706
0.727767
1.49315
1.38261
1.23395
1.36018
1.17241
0.485759
1.0734
0.970453
1.19023
1.52611
1.23613
1.38016
0.889121
1.08814
1.85246
1.33573
1.39162
0.137746
1.54182
1.64764
1.63853
1.07378
1.24319
1.47503
1.3532
1.3668
1.3785
0.870243
1.08281
1.09131
1.55455
1.03931
1.50054
1.36042
1.99345
1.47386
0.141211
2.5519
1.30852
1.15642
1.41018
1.54305
1.25901
1.12558
1.86024
1.6602
1.48198
1.2388
0.481017
0.733599
1.45534
1.42265
1.09834
0.831113
1.24666
1.21346
0.898266
1.8669
0.741176
0.897401
1.61607
0.704455
1.20292
1.18979
1.07339
0.994454
1.1861
1.33974
1.25101
0.880392
1.78657
0.594599
1.5204
0.88757
1.11924
0.877809
1.38094
0.135901
0.601353
0.545991
1.42974
1.14926
1.12324
0.772498
1.83344
1.99513
1.88533
1.18814
1.34343
1.8485
1.26837
1.45165
0.945969
0.852427
1.06548
1.1845
1.6264
0.473974
1.76647
1.06289
0.464854
1.89102
1.67213
1.07993
1.12665
0.490565
1.43418
1.50492
1.93496
1.1928
1.56211
0.600735
2.38355
1.17759
0.899571
0.0380063
1.16917
0.95079
1.41747
1.52644
2.29056
1.46041
1.01772
1.56577
0.745049
0.280407
0.72756
0.699682
1.335
1.39483
1.47743
1.03332
1.02533
1.55449
1.37984
1.09666
1.38029
1.29349
1.31709
1.91784
1.72705
1.24349
1.66811
1.97067
1.13809
0.776173
1.36324
1.43153
1.07133
0.914429
0.93984
0.795566
2.07232
0.744979
1.85367
1.43154
1.06529
1.35655
0.331644
1.01364
0.819027
1.27659
1.76138
1.2271
1.51649
1.46328
0.979828
1.56928
0.577656
0.885333
1.33528
1.31746
1.17143
0.405327
1.0955
1.83172
1.63816
1.19587
1.44326
1.46042
1.26962
1.58345
1.66698
1.60007
2.01271
1.49262
1.70059
1.18866
1.5656
0.809967
1.68109
1.91396
1.24403
1.62276
0.889018
0.969904
1.20374
1.45168
1.87185
1.4967
0.0540667
0.775326
1.27501
1.20775
0.940792
0.879296
0.536678
2.40964
1.80111
1.27809
1.15409
1.38125
0.546537
1.75834
1.80481
1.36815
1.35967
1.43635
0.553514
1.87187
0.835906
1.2287
1.31489
1.73317
1.83772
1.89981
1.33465
1.88222
1.25132
1.90168
1.31176
2.14283
1.49642
0.929586
0.416053
1.89585
0.648251
1.52933
1.16144
1.01713
1.20559
1.50424
0.37998
0.998874
0.189302
1.29575
0.663217
1.20573
1.17288
1.23322
1.32279
1.03506
1.52157
1.22975
0.926796
0.506614
1.34073
0.823646
1.50576
1.97442
1.59478
0.928527
1.57406
1.40861
0.601744
0.880397
1.34935
0.546053
0.835955
2.09345
2.18941
1.7612
1.51229
1.13762
2.07965
1.24949
0.472946
0.939378
1.4935
1.75555
1.45498
1.79409
1.67184
1.4661
1.15386
1.46233
1.87534
1.74265
1.40893
1.06658
0.537862
2.00018
1.12139
0.753916
1.04179
0.972947
1.50261
1.21993
0.542474
1.61536
1.48015
1.91927
0.890717
1.4927
1.69786
0.720954
1.47726
1.00742
1.31983
1.58841
1.47246
0.842721
1.20574
1.0003
0.71494
0.919371
1.15758
2.48396
1.56948
1.76877
1.35359
0.885625
1.41915
0.0191482
1.33549
0.595349
0.974242
0.729938
0.790422
1.42782
1.71252
1.44379
0.948532
1.77295
0.970303
0.985605
2.43653
0.558
1.64991
1.247
0.343838
1.70287
1.19843
1.12946
1.17461
1.67363
1.79002
0.516863
0.668284
1.04875
1.09136
1.83915
1.46797
1.51073
1.20726
1.62406
1.08994
2.34098
1.33093
1.50522
0.788945
2.09187
1.55433
0.262068
0.716791
0.966865
0.836348
1.67126
1.10027
1.22394
0.477535
0.931104
1.17021
1.70481
1.28166
1.00804
0.772064
1.52789
1.67044
1.08233
1.73102
1.38686
1.1634
0.713639
0.370393
1.91955
0.177781
1.51962
0.643362
0.51781
