0.581623
0.646853
1.01031
0.618568
1.12347
0.652915
1.20347
0.234216
1.34611
0.823309
1.4409
0.241755
0.571067
0.407704
0.183287
1.19229
0.958827
1.92631
0.102832
0.520134
1.52767
0.458991
0.680406
0.564788
1.05667
1.8072
1.10865
0.3378
1.16493
1.14953
0.0791449
0.783708
0.223121
1.36848
1.26007
0.850258
1.54879
1.02128
1.09273
0.894619
1.05725
0.916209
1.07244
0.791593
0.207417
2.51692
2.1217
0.701456
0.876714
0.790676
0.195319
2.10408
0.615365
0.0128831
0.334986
1.48272
-0.00236025
0.74538
0.373172
1.21028
0.682928
0.286167
0.888862
1.64029
1.80005
0.724223
1.00632
1.64779
1.07508
0.984855
1.61685
0.247104
0.965612
0.0212497
0.486664
0.712897
0.571572
1.37692
0.152105
0.666274
1.05577
1.51174
0.571906
0.364607
1.42927
1.56018
0.996076
1.11914
1.52024
0.547805
1.35682
0.437269
1.47147
0.798962
0.544221
1.30251
0.992448
0.995077
1.52992
0.641105
1.13125
0.93586
0.066745
0.759981
0.419117
0.701337
0.900875
-0.00121509
0.0285044
0.586823
0.459784
1.52323
2.34002
0.509176
1.6793
1.3304
1.24421
-0.00695298
0.0369148
0.697486
0.303543
1.10764
1.13294
1.1205
1.10575
0.651403
0.799208
0.659664
0.875935
1.0992
0.808699
0.800232
0.999644
0.699682
0.918661
0.639733
1.01347
0.652793
0.445415
2.05403
0.522137
0.232455
0.660557
1.53504
1.36687
0.00654652
1.40021
0.258535
0.848748
1.37
0.933607
1.1267
0.576616
0.985663
0.696988
0.162215
1.31006
0.0113579
2.22553
0.152909
1.05884
1.01258
0.748804
0.764298
0.889638
1.23281
1.63117
0.767754
0.304465
0.587597
0.415621
0.551103
1.10518
1.06619
1.54003
1.72331
1.4811
0.407166
0.471607
0.278924
1.10762
0.584695
-0.00541096
1.58386
0.927111
0.00511751
1.14919
0.60189
0.53531
0.930033
0.844174
1.56525
0.837134
1.27531
0.736064
1.15421
1.37663
0.417895
0.616525
2.45358
0.770402
1.30883
0.0542683
1.47874
0.381038
2.07908
1.3497
1.48755
0.500307
1.5808
1.53116
0.0186305
1.03836
1.09415
1.46911
0.872604
0.60701
1.27001
1.2002
1.43207
1.31118
1.64286
1.74752
0.0427947
1.33936
0.336417
1.06329
0.895662
0.062892
0.0271014
0.465708
0.625287
1.25182
0.45525
0.626752
1.43891
0.54819
2.34594
0.323691
1.34391
0.84922
0.999597
0.671571
1.43622
0.605989
0.614406
0.61647
1.35685
0.390654
1.76455
0.450298
0.47103
0.611278
0.378248
0.666523
0.249149
1.02256
1.24015
1.36302
1.10506
0.158171
1.62063
0.812216
0.883742
1.13091
0.112641
0.926159
0.914569
0.743648
0.797354
0.964062
1.46919
0.860207
0.854907
1.09613
0.901146
0.30071
1.53203
0.826626
-0.00664645
1.18293
1.29189
0.535364
0.303146
0.397062
0.735418
1.30348
1.14379
1.05491
0.00894231
0.764226
0.430082
0.798842
0.756842
0.673035
0.888626
0.514388
0.749806
1.75134
0.584281
1.38093
1.05024
0.751632
0.616182
1.12902
0.174393
0.226777
0.318624
0.655308
0.583583
1.29566
0.423487
0.0789409
1.11058
0.89147
0.809933
1.01358
0.819643
1.6823
0.159684
1.49035
0.255508
2.52768
0.687156
1.51756
1.42325
0.587149
1.49477
0.723544
1.43383
0.628101
0.743903
1.33031
1.52864
0.512157
0.317927
1.09984
1.27967
0.655504
0.920736
2.72988
1.60853
0.722168
1.104
0.0665416
0.803747
0.23408
0.408327
1.49743
0.534562
1.54525
0.0824091
0.942702
0.534273
0.00764983
1.28582
2.26726
0.00650301
1.36336
1.04551
1.35487
0.208762
1.09222
0.875361
2.13301
0.905181
1.31828
1.09076
0.385628
1.28912
0.620273
0.569426
0.561754
1.83365
1.02755
0.758199
0.715101
1.63795
1.16275
1.10399
0.386517
0.0620465
1.38949
0.803652
1.49302
0.0116845
2.42701
0.819046
0.246886
2.41072
1.81869
1.17416
1.52313
1.69016
0.374389
0.865775
0.444178
0.727305
1.51143
1.71918
0.664521
0.403569
0.651869
0.52242
1.51996
0.206067
0.384154
0.13218
0.920932
0.872387
0.213707
1.06591
0.747579
0.184927
1.09083
1.08074
1.30279
0.587875
1.06155
0.559397
2.05092
0.495458
1.36433
0.690479
1.31419
0.565686
0.592305
1.50078
0.883341
1.48761
0.236009
0.0018244
1.04178
0.373684
0.446761
1.85552
1.45171
1.77872
1.02965
1.03748
0.34548
0.504047
0.93452
0.789855
1.69847
2.51253
1.10283
0.326975
1.01319
1.61518
1.38277
1.02447
0.133133
1.15178
0.816709
1.28508
0.66025
0.596984
0.208184
0.80159
0.372662
0.728601
1.13949
0.574793
1.25153
1.34058
0.0516935
1.04046
0.199686
0.443059
1.20701
1.83946
0.463357
0.907637
0.0215174
1.66397
1.09004
0.986913
0.882182
0.575071
0.000943578
0.902598
0.866394
0.0816477
0.657297
2.00682
2.23636
0.815047
1.17108
0.0878437
0.617541
0.744493
0.675217
1.4519
1.31499
1.80267
0.160759
1.25847
0.334506
0.193809
0.0116277
0.010581
1.04221
1.29148
0.975883
0.764185
1.51424
0.666698
1.81118
0.781753
1.19483
1.25913
