0.656712
1.15259
1.31269
1.28001
1.31012
1.14386
0.674586
1.52343
1.15535
0.869766
1.16184
1.32721
1.19663
0.869223
1.38693
0.742932
1.08678
1.20884
1.06516
1.27917
1.48182
1.17434
0.925763
0.813135
1.33843
1.08718
0.640378
1.26881
0.860748
1.15412
1.25687
1.08716
1.22037
0.768293
0.902268
0.965296
1.23458
0.696141
0.834613
0.9357
0.915245
1.03931
1.32533
0.777096
0.88828
1.03251
1.2232
0.915449
1.32879
1.35035
0.666389
0.916699
0.63352
0.877474
0.854689
0.730972
1.29101
1.12888
0.878416
1.10678
1.46
0.926241
1.09412
0.91543
0.847989
0.877841
1.01696
0.702438
1.36491
0.845074
1.18238
0.950502
1.2966
0.864928
0.819895
1.35442
0.94977
1.29992
0.750987
0.921833
1.11401
1.08139
0.86119
0.918007
0.743194
1.13022
1.33238
1.08402
1.28109
1.08016
1.48576
0.961771
0.734989
0.977591
1.17893
1.00556
0.924053
0.703043
0.742094
0.938191
1.13747
0.841708
1.64239
1.46929
0.662531
0.730386
1.21946
1.27994
0.650777
1.27053
0.878197
0.610337
1.36051
0.789281
0.996308
1.05472
1.0518
0.735534
0.744459
1.17011
0.8315
1.23927
0.738959
1.19853
1.44728
0.664245
1.16161
0.92061
