1.15997
1.28236
1.0807
1.06634
1.27111
0.845514
0.610468
1.1934
0.738346
0.888092
1.09546
0.863148
1.24383
0.834327
0.956209
0.676878
1.09423
1.0328
1.11845
0.735644
1.16017
0.848548
1.0967
0.833969
1.0669
0.720682
1.01619
0.610728
1.12008
0.875621
0.883053
0.76467
1.14369
0.63181
1.04179
0.931107
1.02746
1.02982
0.882949
0.836972
0.883623
1.11045
0.718146
1.07285
1.45835
1.26374
1.13016
0.901127
1.16678
1.13768
0.764801
1.46412
0.729463
1.31887
1.55589
1.49028
1.3869
0.779675
0.686309
0.864033
1.31089
1.15576
0.990835
1.24902
1.29193
1.02543
1.21172
0.997884
0.715871
0.952531
1.36992
1.25342
1.17264
0.852091
1.10014
0.770986
0.835566
0.664807
0.781608
0.742747
0.967203
1.29238
0.811192
1.22138
1.24014
1.49402
1.62163
1.11044
0.957233
1.28204
1.41176
0.604892
1.06257
0.80011
0.985495
1.39618
0.733603
0.707421
0.727585
1.25675
1.13791
0.813611
0.779461
0.647083
0.715479
1.10244
1.17668
0.610238
1.27714
1.31781
1.03874
1.08402
1.23587
0.965924
0.977248
0.917015
1.2181
1.06406
0.716378
1.12814
1.13897
1.06652
1.07068
0.659699
0.981472
1.08567
0.805411
0.793037
