-0.504021
-0.761864
0.334281
1.34339
-0.772765
-0.758101
-0.863276
-0.355995
-0.58701
-0.011995
-0.00874018
0.358341
-0.606967
0.872285
-0.632949
-0.662351
0.157385
-0.749598
0.120205
-1.12773
-0.833245
-0.852575
-0.0726212
-0.783095
-0.638891
-0.638298
-0.318736
0.377201
-0.900533
-0.589574
-0.345741
-0.479887
-0.849095
-0.774088
-0.777244
-0.299342
-0.806229
-0.418139
-0.731023
-0.381647
-0.822574
-0.15972
-0.438508
-0.853066
-0.515154
-0.505773
0.476721
-0.226491
0.0494752
-0.679736
-1.02174
-0.982423
-0.626537
-0.613482
0.0990079
0.71653
-0.493949
-0.461493
-0.766816
0.594428
-0.350956
-0.559479
-0.68428
-0.856366
-0.995265
-0.315717
-0.55985
-0.727952
-0.878928
-0.772753
0.501468
0.774071
-0.66117
0.877301
-0.424919
0.0341468
-0.484293
-0.593251
-0.434293
-0.468137
0.738204
1.04083
-0.40519
-0.509912
-0.805597
-0.619397
-0.0604562
0.394815
-0.542586
-0.459225
-0.252561
0.162976
-0.775933
-0.677923
-1.17618
-0.902525
-0.949206
-0.138181
-0.45179
-0.901419
-0.587532
-0.89343
-0.607162
-0.682227
-0.450295
0.218247
-0.634334
-0.438761
-0.455079
-0.303988
-3.82548
-0.401205
-0.846908
-0.388637
-0.364006
-0.830125
-0.829634
-0.775488
-1.18983
-0.39922
-0.59646
-0.752384
-0.260869
-0.356513
-0.590177
-0.934786
-0.888096
-0.479735
