0.784092
0.267145
1.01886
1.05286
0.0701588
1.34869
0.604446
1.5663
0.899531
0.692034
0.489917
0.0296596
1.57356
0.609875
-0.00284346
-6.93736e-05
0.996199
1.07632
0.0217595
0.662609
0.196177
0.385957
1.63309
1.15311
1.05076
0.267124
0.914683
0.250331
1.2474
0.671123
0.00215815
1.17817
0.125884
0.572083
0.932894
0.29486
0.527659
1.03674
0.646701
0.900562
1.07914
0.559879
0.830329
0.817217
0.999068
0.500561
0.869063
0.28444
0.443219
1.02995
0.383822
0.147268
0.166803
0.00530969
1.26869
0.310601
0.00250896
0.471269
0.615915
1.04309
0.899506
0.637169
0.528242
0.462705
0.716615
0.686914
0.749766
0.148239
0.300281
2.01413
0.244525
0.0715627
1.0126
0.0139606
0.202749
2.12153
0.751984
0.975207
0.00616102
0.302449
1.53542
0.318505
0.291045
0.0796877
0.474309
1.01311
0.830893
0.9795
0.502754
0.420024
1.36018
0.87448
0.636166
0.72347
0.857024
1.03672
0.575551
0.460361
0.753686
1.38024
0.681871
1.08456
-0.00586094
0.650603
0.452054
1.20079
0.501624
-0.00459117
-0.00861894
0.0615806
0.896458
1.16604
0.367799
1.06923
0.382449
0.77367
0.521344
-0.00378575
0.00626841
1.04649
0.49239
1.12107
0.850403
0.655185
1.13322
1.29039
0.483897
0.51361
1.0975
0.0215562
0.596227
0.181558
0.691013
1.35365
0.399668
0.292145
0.654982
1.10908
0.0755903
0.466763
1.65267
0.149211
1.08558
0.827103
1.00704
-0.00317024
0.681109
0.814627
0.572653
0.912931
0.460913
1.06019
0.353045
1.1958
0.734742
0.109485
0.242549
0.0128105
0.2884
1.27726
0.912172
0.555599
0.305671
0.685033
0.35789
0.893515
0.350268
0.0996374
0.125549
0.262375
0.601542
0.332072
0.757944
1.17818
0.921793
0.708823
0.783173
1.40139
1.349
0.341805
0.222805
0.665509
-0.0038818
0.817892
0.672853
0.00331713
0.470525
1.70677
0.872198
1.15048
0.0486282
0.635089
1.20002
0.896187
1.04255
-0.000855553
0.933679
1.30339
1.00597
0.506289
0.11117
0.680209
1.04036
1.12391
1.57303
0.592721
0.657256
0.277277
0.625193
0.420409
0.464568
-0.00356775
0.966925
0.316064
0.638193
0.358121
0.426571
0.823866
0.328207
0.731544
1.10971
0.817182
0.337093
1.27608
0.62298
0.71119
0.055634
0.539821
0.780091
0.00408522
0.408248
1.10346
0.803563
0.101759
0.200382
0.58592
0.549349
0.681684
0.366376
0.852016
0.663033
0.50589
0.304416
0.642981
1.46545
0.582841
0.355487
0.292288
0.184391
0.537733
0.700718
0.496955
0.688845
0.459891
0.681057
1.28488
0.376298
0.384327
0.673716
0.454265
0.117004
0.354335
1.23095
1.09149
1.01476
0.770344
0.754404
1.31969
1.04162
0.518861
0.726348
0.944614
0.976349
1.59296
0.335925
0.335368
1.41836
0.450975
1.10286
0.00478025
0.471042
0.704505
0.401892
0.273639
0.85889
0.360883
0.403044
1.06642
0.880031
-0.000423581
0.844076
0.707389
1.50317
1.33009
0.15405
0.4564
0.108532
0.333166
0.361248
1.28866
0.195081
0.594742
0.935652
0.76318
1.02849
0.161285
1.06246
0.423919
0.731082
1.14145
0.844189
1.73376
-0.00882036
0.907246
0.78636
0.894135
0.612903
0.329023
0.867405
0.116865
0.533475
1.7146
0.372578
0.421249
0.414369
0.555783
0.302629
0.671431
0.221176
0.795113
0.805364
0.508182
0.383717
0.485015
0.491265
0.355557
0.331749
0.969831
0.76404
0.832798
0.642157
0.0985506
1.10179
0.554181
0.154854
0.270392
0.0947532
0.214112
0.433148
1.00452
0.471742
-0.0724696
1.18311
0.653466
-0.000930765
0.474817
0.376889
-0.00129606
-0.00528074
1.22619
-0.00193233
1.67047
0.614493
0.862559
0.148382
1.30434
0.0760937
0.471584
1.8804
0.460518
0.287988
1.11063
0.115916
0.44774
0.713443
1.20475
0.0353288
0.884054
0.413949
1.13294
0.307157
0.609602
0.981647
1.31818
0.328807
0.0263712
0.52914
0.270403
0.00675617
0.458128
0.781493
0.71424
0.392764
0.619967
0.307061
0.278431
1.31695
0.431929
0.403817
0.74176
1.2384
1.62897
0.870067
0.711032
1.09353
0.0453846
0.807128
-0.00521905
1.75905
1.08692
0.287514
0.487401
0.442033
1.25843
0.524178
1.02881
0.802342
0.496322
0.633301
0.714096
0.69657
1.02808
0.401131
0.677099
0.197112
0.283194
0.636068
1.21457
0.420734
0.26843
0.0167652
-0.00244701
0.893886
0.247782
0.178866
0.682184
0.98226
0.560396
0.73006
0.602232
0.907647
0.350338
0.857307
1.23217
0.387431
0.133811
0.141846
0.251409
0.239832
0.881396
0.691713
0.797807
1.39717
0.07541
1.26131
0.650829
0.185368
1.49562
0.157745
0.465176
0.754633
0.23049
0.259413
1.2923
0.430907
0.896949
0.0221321
1.24459
0.892195
0.248532
0.363858
0.472412
1.36313
0.742852
0.00861059
0.43888
0.492475
0.597756
0.0206827
0.268842
0.00375708
1.08788
0.00803334
0.0231157
1.34425
0.834917
0.241333
1.59187
0.417311
1.59365
0.57333
0.671583
0.244289
0.0604427
1.12566
0.405536
0.0414441
0.965095
0.772599
0.0340061
0.000929503
0.00981155
0.176358
0.86388
1.29476
-0.0144734
0.419266
0.640143
0.132243
0.935304
0.33317
0.00823266
