1.17836
1.30461
0.775803
0.656978
1.16448
1.21994
1.34393
1.02055
1.12088
0.814076
0.747019
0.741424
1.18061
0.566739
1.29783
1.2553
0.749571
1.18196
0.730705
1.4418
1.30103
1.43082
0.781847
1.241
1.25513
1.20465
0.965626
0.647392
1.2645
1.20734
0.99675
1.27034
1.45946
1.20469
1.27478
1.02655
1.16552
0.99548
1.34542
1.0165
1.53381
0.865389
1.15399
1.388
1.09146
1.0773
0.686387
0.833215
0.713896
1.27058
1.28975
1.5023
1.37744
1.03022
0.861772
0.695301
1.0089
0.935895
1.33658
0.637916
1.13721
1.18848
1.18383
1.47405
1.25271
1.08307
1.30182
1.22906
1.47964
1.30878
0.658716
0.596326
1.02456
0.662134
1.18024
0.728142
1.1343
1.25784
1.09615
1.25008
0.510786
0.624624
1.17034
1.16292
1.32627
1.17778
0.913022
0.891718
1.12794
1.02394
0.998768
0.766555
1.38993
1.34462
1.19134
1.51245
1.20157
0.985384
1.20553
1.45137
1.2579
1.43853
1.22963
1.29444
1.0544
0.764739
1.15918
1.08993
1.00441
0.898382
1.79416
1.05068
1.47459
1.10314
0.977543
1.22449
1.30564
1.20501
1.49195
1.12392
1.3771
1.20738
0.92881
1.05729
1.11542
1.49429
1.30562
1.1872
