-0.196979
-0.276333
-0.892748
-0.391667
-0.0744221
-0.583706
-0.71255
-0.299689
0.00793017
-0.0417805
-0.766144
0.0458157
0.0228417
-0.323743
0.0685038
0.0248136
0.02479
-0.843072
-0.0441224
-0.541008
-0.16338
-0.388957
-0.717781
-0.365761
-0.717402
-0.583319
-0.457169
-0.0798879
-1.18444
-0.419377
0.0515988
0.355953
0.0816436
-0.907582
-0.480515
-0.411087
-0.311074
-0.942272
-0.403322
-0.722647
-0.569896
-0.548745
-0.779539
-0.51793
-1.32439
-0.386191
0.00782141
-0.229059
-0.551813
-0.160819
0.611047
-0.231685
0.0125772
0.0199473
-0.867341
-0.381813
0.0570367
-0.538237
-0.712659
-0.660398
0.0059435
-0.685384
-0.430866
-0.43294
-0.771749
-0.194545
-0.646224
-0.286147
-0.271025
-0.474735
-0.32647
-0.0366512
-0.728205
0.0197795
-0.337482
-0.500024
-0.376321
-0.786804
0.025485
-0.615779
-0.900348
-0.43615
-0.724544
0.0640714
-0.520671
-0.335774
-0.136782
-0.589361
-0.346319
-0.514056
-0.325825
-0.365336
-0.590208
-0.793128
-0.463439
-0.0259372
-0.491577
-0.314008
-0.477225
0.0664652
-0.69891
-0.448844
-0.00267414
-0.432528
-0.00115602
0.11125
-0.181702
0.00972265
0.0395512
0.0568633
-0.927345
-0.262251
-0.00361798
0.853903
-0.608755
-0.916387
-0.424932
0.142298
0.0119737
-0.589364
-0.663255
-0.0345994
-0.464355
-0.482465
-0.784888
-0.636182
-0.789561
-1.25469
-0.300414
0.103338
-0.148399
-0.127579
-0.871352
-0.616324
0.1556
-0.451308
-0.617755
0.013018
0.0551753
-0.263042
-0.14478
0.336599
-0.510058
-0.0377017
-0.891276
0.0255544
-0.576122
-0.461989
-0.580393
0.0966488
-0.279134
-0.862438
-0.298431
-0.386681
-0.413845
-0.0256611
-0.495134
-0.0217341
-0.461604
-0.908912
-0.911524
-0.890107
-0.255089
-0.43225
-0.417863
0.082131
-0.348077
-0.14186
-0.34932
-1.47364
-1.27671
-0.41091
0.24484
-0.888022
-0.710832
-0.903992
-0.67172
0.341014
0.341576
-0.15969
0.278883
-0.109439
0.0344108
-0.483068
-0.67201
0.00263302
-0.642403
-0.297055
0.101817
0.289096
-0.045975
-0.369366
-0.206515
-0.633073
-0.402392
0.0402792
-0.934669
-0.266236
-0.232532
-0.671842
-0.0349772
-0.308907
-0.248637
-0.598566
0.61242
-0.653656
-0.983067
-0.569544
-0.641175
-0.521156
-0.576842
0.0111936
-0.906233
-0.432446
-0.766089
-0.241581
-0.672979
-0.790944
-0.956369
-0.493404
-0.46554
-0.473276
-0.196212
-1.2159
-0.652355
-0.41208
0.0103927
-0.570327
-0.273775
0.0534103
-0.27894
-0.240935
-0.810775
-0.366665
-0.0992152
-0.346818
0.20076
-0.0960791
-0.405031
-0.239633
-0.805023
-0.30325
-0.474216
-0.583398
-0.549088
-0.345124
0.0405237
-0.803822
-0.363083
-0.637795
-0.407305
-0.387649
1.16625
-0.375704
-0.338933
-0.315152
-0.399756
-0.776111
-0.654841
-0.539682
0.157785
-0.359417
-1.22073
-0.433377
-0.846545
-1.10911
-0.506363
-0.267751
0.0363742
-0.416929
-0.63469
-0.590693
-0.35525
-0.065268
-0.59752
-0.129947
-0.527673
-0.300607
0.442518
0.00448038
-0.326992
-0.273307
-1.06277
-0.438891
-1.07436
-0.658045
-0.48979
-0.785066
-0.583452
0.0290836
-1.42249
-0.650804
-0.781103
-0.122818
-0.431559
0.105419
-0.00675942
-0.294382
-0.558543
-0.0107548
-0.396621
-0.374491
-0.778641
-0.872986
-0.0148032
0.110823
-1.15336
-0.430438
-1.00727
-0.572906
-1.27303
-0.151758
0.00669155
-1.50185
-0.503625
-0.844984
-0.905214
-0.414931
-0.188547
0.191329
-0.561748
-0.635508
-0.415664
-0.336746
-0.923697
-0.880793
-0.862357
-0.676613
-0.824841
-0.97912
-0.109535
-0.954067
-0.560147
-0.414679
-0.341417
-0.388734
-0.390384
-0.246242
-0.832585
-0.77805
-0.76131
-0.229069
-0.193967
-0.473137
-0.186074
-0.312876
-0.0127929
-0.195607
-0.168288
-0.672684
-0.0503754
-0.0580957
-0.906107
-0.655298
0.0313566
-0.41909
-0.681031
0.00647436
0.0689749
-1.03511
0.0889322
-0.0181635
-1.17652
-0.543786
-0.208338
-0.713673
-0.0396002
-0.860715
-0.0341781
-0.409369
-0.149667
-0.029112
-0.0507746
-0.49639
-0.364046
-0.0886655
-0.544198
-0.316067
-0.268614
-0.708529
-0.375681
-0.371478
-0.465169
-0.497256
-0.354071
-0.0120376
-0.776142
-0.244856
0.0120905
-0.358513
-0.725101
-0.60903
-0.815745
-0.834791
-0.20063
0.728102
-0.958158
-0.276032
-0.404834
-0.502065
-1.09234
-1.21393
-0.397135
-0.754539
0.201532
0.0206259
0.0231921
0.0102743
-0.964306
-0.911143
-0.37219
-0.654943
-0.508219
-0.346156
-0.580776
-0.375833
-0.510886
-0.93917
-0.65707
-0.877962
-0.573282
-0.239177
-0.234889
-1.06664
-0.306402
-0.183858
-1.42883
-0.935013
-0.345196
-0.374228
0.0541547
0.0926813
-0.629128
-0.595981
-1.05803
-0.732349
-0.606145
-0.671824
-0.472994
-0.229181
-0.717485
-0.380002
-0.607398
-0.437106
-0.288153
-0.264904
-0.348034
-0.289732
0.143591
-0.376014
-0.0925211
-0.699273
-1.01341
-0.0102746
-0.401896
-0.723704
0.235679
-0.444159
0.0852969
-1.06008
-0.417207
-0.630804
0.0547894
-0.312521
-0.591247
-0.994633
0.340332
-0.681944
-0.911179
-0.58907
-0.957294
-0.393594
0.222404
-0.638566
0.0292877
-0.46038
-0.734468
-0.423366
0.0771938
-0.322483
0.0625151
-0.713809
0.0571017
-0.00387517
-0.879394
-0.497418
-0.324132
0.171858
-0.713251
-0.786144
-0.831257
-0.48029
-0.848017
0.100257
-0.0755814
-0.484895
0.10465
-0.827625
0.283152
0.00285323
0.00846176
0.557346
-0.137582
-0.625927
-0.453381
0.0794191
-0.563263
-0.213481
-0.194996
-0.791717
-0.954024
0.188607
