0.866662
1.06144
0.84946
0.967502
1.00767
0.716863
1.07071
0.928124
1.01276
1.01962
0.976887
0.986451
1.11559
1.09509
1.01825
1.09757
0.777428
0.827688
1.08706
1.22011
0.934696
0.964783
0.8079
1.19139
1.12762
0.968833
0.786005
0.825274
0.884449
0.603006
1.01522
1.12073
0.859535
1.04854
0.937014
1.05771
0.914074
0.947692
0.939411
0.578484
1.20991
0.936168
1.14105
0.949947
1.04332
0.935229
0.915137
0.942253
1.00269
1.05977
0.895431
0.879522
1.0818
0.847679
0.983052
0.602206
0.985364
1.00936
0.916556
1.02859
1.16404
1.08995
0.886976
0.97796
1.03633
0.987307
0.946181
1.09352
0.964442
0.751567
0.688202
0.874008
0.879331
0.87749
1.11735
0.851874
0.925603
0.856953
0.960308
0.814689
1.05242
1.02835
1.02419
0.834495
1.1543
1.08952
0.80787
1.01256
1.17911
0.755152
0.916824
0.897166
0.792656
0.965764
1.08913
0.807254
0.915651
0.626619
1.01634
1.29115
1.42878
1.02269
0.892781
1.06
1.02929
1.00799
0.840504
1.1673
0.757203
1.09997
0.866636
1.05859
1.16124
0.762921
1.22062
1.0836
0.742269
0.925477
0.783663
0.938601
0.729468
0.947764
1.00519
0.917604
0.768717
0.854438
0.913284
0.773257
