-0.282173
-0.342226
-0.907502
-0.200368
0.0119393
-0.156002
-0.456177
-0.0359097
-0.126442
-0.258591
-0.435203
-0.433699
-0.542848
-0.464877
-0.0773034
-0.0398701
-0.0453739
-0.630798
-0.398717
-0.702026
-0.0634631
-0.150842
-1.03667
-0.317074
-0.425602
-0.28392
-0.336269
0.010902
-0.778549
-0.308343
-0.793314
-0.0216266
-0.574849
-1.48752
-0.0972065
-0.262892
-0.0296065
-0.352515
-0.0808465
-0.442655
-0.350047
-0.482112
-0.504321
-0.916279
-0.966621
-0.0684808
-0.104993
-0.443338
-0.910181
-0.156904
0.287237
-0.195711
-0.183495
-0.509269
-0.42177
-0.537759
-0.546572
-0.565718
-0.451628
-0.511343
-0.0463455
-0.501816
-0.95244
-0.18716
-0.649242
-0.255338
-0.541363
0.31335
-0.29207
-0.456906
-0.0641968
-0.394835
-0.540818
-1.81827
-0.999162
-0.287906
-0.292298
-0.646912
-0.143874
-0.430943
-0.774233
-0.162112
-1.07192
-0.0274347
-0.272259
-0.292519
-0.00401667
-0.40736
-0.221677
-0.822817
-0.243334
-0.341582
-0.540401
-0.472816
-0.349505
-0.098695
-0.38477
-0.320445
-0.542527
-0.164334
-0.132324
-0.184368
-1.10643
-0.741236
-0.270127
0.0289704
0.0753987
-1.06424
-1.5382
0.110364
-0.63643
0.0442088
0.00847735
0.0588425
-0.27165
-0.376669
-0.39694
0.166272
-1.35411
-0.476037
-0.558343
-0.13624
-0.369878
-0.325769
-0.527914
-0.266771
-0.435848
-0.849934
-0.103171
-0.032967
-0.228479
0.085311
-0.67864
-0.475865
-0.170915
0.276375
-0.454591
-0.168102
0.122027
-0.339406
-0.00208462
0.00063916
-0.456515
-0.15909
-0.776727
-0.746852
-0.383439
-0.327489
-0.925208
-0.246547
-0.204551
-1.01975
-1.17661
-0.338349
-0.285269
-0.0396451
-0.176366
-0.086554
0.221057
-0.244981
-0.778251
-0.622924
-0.201001
-0.30787
-0.429384
-0.0798622
-0.269802
-0.295473
-1.16859
-0.848226
-0.649963
-0.814076
0.148864
-1.05534
-0.495604
-0.459798
-0.281172
-0.132916
0.130033
-0.518871
0.0363541
-0.253047
-0.989169
-0.276913
-0.357841
-0.544748
-0.445129
-0.0401723
-0.0272359
-0.0963918
0.0295227
-0.185217
0.278908
-0.376112
-0.341064
0.170324
-0.692243
-0.234786
-0.100647
-0.180126
0.00497865
-0.155447
-0.148144
-0.510178
-0.045889
-0.456058
-0.863647
-0.124441
-0.153185
-0.208776
-0.321619
-2.36888
-0.74544
-0.209493
-0.453653
-0.245675
0.0732292
-0.607961
-0.430854
-0.477115
-0.172685
-0.404053
0.37984
-0.675897
-0.335612
-0.127064
0.0776751
-1.05907
-0.222356
-1.3297
-0.480137
-0.424796
-0.386772
0.35285
-1.72082
-0.454989
0.37266
-0.0738022
-0.0852899
-0.113031
-0.55484
-0.10187
-0.409411
-0.489051
-0.509013
0.143255
0.0045128
-0.682643
-0.584239
-0.327708
-0.344878
-0.327949
0.429843
0.0240563
0.259926
-0.22735
-0.0794775
-0.428968
-0.273522
0.439573
-0.0504721
-0.071044
-1.00054
-0.261081
-0.644358
-0.654074
-0.400968
-0.397649
0.0646079
-0.468786
-1.02907
-0.442878
-0.435578
-0.0264777
-0.366204
0.148505
-0.104557
-0.124835
0.00577128
-0.306173
-0.543777
-0.182906
-0.463653
-1.41023
-0.808903
0.0792924
-0.310954
-0.514934
-0.259259
-0.298287
-0.905497
-0.672931
-0.561538
-0.118604
-0.138137
-0.0514888
-0.0808992
-0.485419
-0.240422
-0.135378
0.0143088
-0.0637961
-1.21629
-0.589724
-0.308963
-0.286831
-0.553184
-0.0491023
-0.644545
-0.986729
-0.661956
-0.170921
-0.963052
-0.897108
0.224057
-0.879895
-0.624049
-0.86775
-0.181366
-0.100426
-0.281934
-0.549394
-0.292296
-0.0408813
-0.79652
-0.675475
-0.77438
-0.452269
-0.731592
-0.75047
0.0690369
-0.481695
-0.480358
-0.18227
-0.40167
-0.323345
-0.258326
-0.0777133
-0.869037
-0.396254
-0.584552
-0.0534048
-0.318031
-0.457168
-1.34428
0.0636175
-1.2472
0.198949
-0.158931
-0.572153
-0.0699725
-0.515966
-0.628384
-0.494181
-1.1506
-0.151526
-0.576894
-0.554705
0.0894183
-0.744655
-0.0208864
-0.0130522
-0.444539
-0.22216
-0.0649253
-0.380481
0.0035342
-1.19631
-0.112087
-1.23424
-0.470566
-0.0897158
-0.161416
-0.279569
-0.58218
-0.191169
-0.923481
-0.262735
-1.06426
-0.785005
-0.526358
-0.197599
-0.328497
-0.14659
-0.185631
-0.555314
-0.50151
-0.290876
0.00493409
-0.299497
-0.4982
-0.229408
-0.440675
-0.608835
-0.28848
0.214156
-0.74434
-0.324058
0.0488577
-0.411596
-0.851197
-0.356101
-0.264619
-0.515345
0.0974363
-0.0748419
0.0137235
-0.516204
-0.620489
-0.638427
0.0400275
-0.471963
-0.812259
0.0454648
-0.381636
-0.329506
-0.37174
-0.373282
-0.68359
-1.06038
-0.432147
-0.144523
-0.0792905
-0.960085
-0.136591
-0.45186
-1.07076
-0.809525
-0.155934
-0.195559
-0.222075
0.0784811
-0.427662
-0.726389
-0.570462
-0.535558
-0.529084
-0.292707
-0.464581
-0.23031
-1.08428
-0.254224
-0.38742
-0.363567
-0.391002
-0.237877
-0.738742
-0.315403
-0.169379
-0.698492
-0.249012
-0.602503
-0.969405
-0.10431
-0.697592
-0.455116
0.00770385
-0.397943
-1.52807
-0.983827
-0.407548
-0.593436
-0.0872779
-0.242163
-0.17977
-0.415507
0.309494
-0.326499
-0.21873
-0.689473
-0.443647
-0.198296
-0.00479722
-0.354177
-0.190006
-0.220965
-0.676977
-0.211496
0.0747181
-0.966397
0.250837
-0.416632
-0.0372931
0.0205124
-0.773031
-0.31075
-0.00120948
-0.111668
-0.682476
-0.508937
-0.925827
-0.0836061
-0.989868
0.0784049
0.0394275
-0.229412
-0.0956153
-0.56158
-1.01457
-0.447762
-1.49742
0.416329
-0.117592
-0.497893
-0.509615
-0.06716
-0.17786
-0.327022
-0.188287
-0.709803
-0.363131
0.0195126
