0.985847
0.70171
0.911306
0.92589
1.34843
0.88538
1.02531
1.26449
1.01916
0.834608
1.01518
0.876775
1.20148
0.74296
1.06662
1.09531
0.916875
1.18797
1.29053
0.956588
1.04529
1.4386
0.635146
0.804125
0.991421
0.879361
1.46504
0.736637
0.948237
0.699804
0.882016
0.910603
0.460057
1.07667
1.05231
0.609773
0.928091
0.822668
0.816143
1.01455
0.914123
0.868532
1.50159
1.3936
1.2388
1.0599
0.852302
1.22923
0.948243
1.24416
0.784792
1.03209
1.00315
1.12738
1.56844
0.852277
0.585068
0.841457
0.974031
0.712269
1.06843
0.690406
0.888432
0.681118
2.17878
1.07874
0.922664
0.967224
0.835662
1.19355
1.22789
1.24071
0.975557
0.951392
0.821051
0.855289
1.04894
0.693836
1.07464
0.901924
1.0505
0.752557
1.34699
0.481948
1.13105
0.764917
0.857134
0.885951
1.0895
1.3349
0.684816
0.863968
0.737793
0.686859
1.28794
1.0347
0.989773
1.07282
0.904839
0.678886
1.1487
1.25291
0.905719
1.11047
0.578559
1.06574
0.895082
1.54533
0.970246
0.770936
1.06798
0.905606
0.873665
0.907236
0.973297
0.885263
1.59245
1.08231
1.39609
1.07777
0.971147
1.25152
0.591417
0.620188
0.89815
0.862817
0.629133
0.524954
