-0.40662
-1.37212
-0.50232
-0.0749147
-0.211657
-1.57238
0.266566
-0.0518037
0.163714
-1.40834
-1.57079
0.0803328
-1.2316
0.0261953
-1.57467
-1.16262
-1.33771
0.756101
-1.58721
-1.32156
-0.780391
-0.456137
0.716146
-1.21574
-1.03574
-0.935473
-0.942008
-0.578919
-1.26428
-0.0203205
-1.25893
-0.86955
-0.048717
0.00809332
-1.1054
-0.950246
-0.510797
-0.177957
-0.20291
-0.271866
-0.970421
-0.417605
0.240237
-0.754057
-0.0447581
-0.532159
-1.826
-1.66379
-1.27373
-0.745091
-2.64328
-0.714726
-0.824581
-0.528305
0.0201735
-0.512078
-2.09876
-1.21793
-0.977909
-0.576424
-0.907243
-2.18417
-1.00809
-1.65581
-0.152412
-1.12794
-0.47059
-0.908431
-0.647379
-0.770488
-0.993977
-0.761061
-0.698625
0.0937151
-0.919445
-0.931865
-0.804054
-0.750835
-1.63376
0.0998065
-1.1509
-0.925072
-1.05442
-0.119336
-1.52354
-2.01708
0.309771
-1.08131
-1.07684
-1.10296
-1.76901
-0.439231
-0.590992
0.358129
-0.304446
-1.15061
-0.3434
-0.0801676
-0.960924
-0.342079
-0.76692
-0.216475
-0.75269
-0.971188
-0.275184
-0.403748
-0.726193
0.535333
-1.2205
0.300377
-1.39495
-0.729638
-0.488257
-0.607924
-0.33363
-1.21764
0.476861
-1.05763
-0.412163
-0.705171
-0.557154
0.163145
-2.12303
-0.344651
-0.963798
0.326195
-1.08968
-0.926694
