0.286786
0.699749
0.817874
1.19669
0.0502794
0.165742
0.808761
0.523021
1.32775
1.26069
0.965052
0.425766
0.0895283
0.432879
0.0605046
0.178951
0.279001
0.578141
-0.00330031
0.0875363
0.966708
0.15547
0.758539
1.45657
0.870741
1.0115
1.22829
0.401319
0.330229
0.180108
0.00521976
0.851491
0.0589361
1.39005
0.846425
0.407531
1.14171
0.97613
1.23019
1.59488
0.729855
1.24049
1.19869
1.15719
0.557591
0.0585588
1.26312
0.810062
1.41905
1.17462
0.00175819
0.0798909
0.148245
0.00277736
0.130077
1.26734
0.00800211
0.719689
1.04772
1.48853
0.535867
1.0974
0.42536
0.836238
1.27734
1.12629
0.965682
0.93744
0.356868
1.49914
0.897391
0.371481
1.04417
0.264517
0.158771
1.37607
0.940503
0.688976
0.127515
0.603089
0.245746
0.831669
0.296034
0.240564
1.16812
0.515248
0.0802608
0.815841
0.974207
0.504632
0.547351
1.17391
0.882155
0.846708
0.564818
0.743915
1.24975
0.382687
0.949937
1.00031
0.991334
0.490652
0.326854
0.75071
0.0737204
0.570025
1.16725
0.597863
0.153733
0.232539
1.68467
0.343112
0.00772742
0.0291414
1.05549
0.917634
1.13789
-6.45963e-05
0.00284087
0.585603
0.321511
0.693456
0.196087
0.735566
1.10131
0.684242
0.853497
0.387824
0.173856
0.129963
1.40055
0.628949
1.24347
1.04112
0.230135
0.214811
0.935866
0.00301677
0.00130693
0.415753
0.0935689
-0.0088295
1.00347
1.17743
1.2102
0.0556674
0.873749
1.03186
0.468585
0.799945
0.293366
0.844536
0.854623
0.758491
0.501374
0.153993
0.803986
0.0025808
0.421606
0.247412
0.830366
0.849766
0.152185
1.08148
1.21804
1.24009
0.993665
0.934496
0.188019
0.160535
0.228114
0.256424
0.679434
1.58833
0.952181
0.796561
0.252041
0.00567586
0.325446
0.371269
0.0918997
0.0435537
0.240757
0.361506
1.01416
0.318017
1.59649
0.420479
1.10329
0.112248
0.0172578
1.25222
0.504855
1.50384
0.526763
0.235995
0.774231
1.1215
1.11257
0.352271
0.760325
0.910886
0.0344544
0.967854
0.056982
0.996301
1.23502
1.11659
0.588122
1.09181
1.33857
0.325313
1.4561
1.29138
1.02679
0.87251
0.530278
0.55127
1.4341
0.341403
0.924636
0.899362
1.03692
0.483317
0.915797
0.550495
0.379884
0.575779
1.35273
0.772227
0.264561
1.21981
0.851916
0.242442
0.69466
0.549693
1.33586
0.123572
0.0424114
0.996387
1.24679
0.898966
0.565416
1.06323
0.957744
0.727686
0.457889
0.184337
0.255641
0.999853
0.437499
0.102283
0.291945
-0.000786055
0.703814
0.610874
1.4723
1.70128
0.956082
0.630432
6.32511e-05
0.847244
0.606671
1.15938
1.02323
1.11157
0.637693
0.625492
0.87855
1.08678
0.802605
1.43707
0.743311
1.24748
1.19741
0.386576
0.987699
1.17719
0.105115
0.0747138
0.78171
1.72095
0.203029
0.991632
1.42981
0.224323
1.2719
0.812297
1.38065
-0.00429503
0.343971
0.532859
1.41613
0.526585
0.678206
0.638984
0.00352327
0.582991
0.766075
1.10118
0.794714
0.610475
0.840031
1.48589
0.528681
-0.0015751
0.414535
1.24601
0.979724
0.769849
1.00079
1.27731
0.242743
0.837282
0.587711
0.410564
0.362472
1.08237
0.591924
0.000867606
1.0636
0.963521
0.188766
0.87017
0.819224
0.71019
0.293168
0.998495
0.267738
0.86482
0.760884
0.661916
1.01806
1.01387
1.35834
0.0860972
0.778286
0.949109
0.883732
0.761368
0.557183
0.787294
0.199818
1.37415
0.987837
0.722794
0.265791
0.183535
0.942871
0.854324
0.962249
0.00190335
0.912992
0.350743
0.00225443
0.700923
0.339257
0.10983
0.0350621
1.01489
0.34207
0.765417
1.07901
0.796654
0.383794
0.700925
0.285201
0.774486
1.2341
1.02001
0.525024
1.18005
0.859404
0.961941
0.455246
0.407532
1.09528
0.895805
1.09029
1.19911
0.833997
0.713427
0.783385
1.00774
1.12656
0.00155892
0.789627
0.835574
0.00739046
0.376887
0.661199
0.787972
1.14399
0.78766
0.00237312
0.018371
0.956363
0.69304
0.935831
0.968127
1.10473
0.0355083
0.515562
1.06721
0.335634
0.084155
-7.82119e-05
0.375516
0.996817
0.955482
0.922637
0.913285
0.176421
0.152376
1.08909
1.35656
1.08055
0.208198
1.06974
0.403821
0.249721
0.266593
0.973234
0.340847
0.389197
0.0639555
1.27642
0.397459
0.888571
0.797313
0.0145498
0.00287579
0.969614
0.885756
0.112256
1.04784
0.544305
1.02747
0.852054
0.957328
0.299385
1.12224
1.13749
1.50049
1.13823
0.0367897
0.889957
0.0553501
0.573905
0.271674
0.741435
1.20623
0.21091
0.358153
0.503227
0.928978
0.0123301
1.00785
0.516196
0.210485
0.710216
0.511081
0.00273191
0.850345
1.58228
0.663941
0.0207714
0.606442
0.553307
0.509986
0.28224
0.928172
0.561308
0.701978
0.000539709
1.32372
0.694984
0.660128
0.284797
0.610004
-0.00531618
1.03533
-0.0039148
0.169327
1.12026
0.220659
0.825102
0.905673
1.08947
0.155855
0.5577
0.287439
0.325134
0.312538
0.907303
0.77873
0.00574486
0.591169
0.382138
0.0381369
0.0118608
0.00239075
0.384659
0.61618
0.179965
0.598574
0.594369
-0.0032162
0.424543
0.813723
0.286909
-0.00596016
