1.06677
1.35201
1.18236
0.999921
1.15953
1.34068
0.961704
1.06393
1.07293
1.50021
1.6265
0.780346
1.55727
0.833208
1.66875
1.30656
1.40801
0.735502
1.69317
1.60249
1.37379
0.930002
0.909208
1.36622
1.59673
1.51269
1.25967
1.09303
1.68194
0.917968
1.4018
1.35406
0.937042
1.1073
1.43706
1.68599
0.972742
0.95518
0.833542
1.00538
1.33152
1.02188
0.831769
1.31933
0.900913
1.03229
1.72232
1.6252
1.40756
1.06026
2.39445
1.36223
1.36734
1.04107
1.11052
1.03582
2.12187
1.18616
1.32687
1.07271
1.11284
1.32181
1.09438
1.25422
0.892196
1.17298
0.927905
1.06082
1.16496
1.16012
1.07697
1.29707
1.04493
1.12778
1.11919
1.2218
1.25275
1.1325
1.26718
0.812993
1.34359
1.12022
1.28162
0.893825
1.45383
1.78017
0.85227
1.20793
1.38938
1.21328
1.6334
0.986517
1.22318
0.93806
0.850574
1.41179
1.19955
0.825808
1.36014
0.97832
1.15511
0.870291
1.17393
1.43095
0.957241
0.987413
1.09031
1.04017
1.26743
1.15491
1.58131
1.18648
0.98703
1.14211
0.892495
1.27016
0.745495
1.56468
1.02906
1.12861
1.01656
1.16068
1.82277
0.941005
1.17721
0.818911
1.2995
1.09771
