0.784662
1.166
1.01688
0.932695
1.31331
0.840743
1.20228
1.04653
0.795497
1.26218
1.3056
0.804299
0.886146
0.913302
1.10152
0.829028
0.920742
1.31686
1.12302
0.852511
0.917942
0.894323
1.14904
0.744219
1.36301
1.29476
0.902116
0.979787
1.26421
1.33085
0.930363
1.17182
1.12131
0.939787
0.940155
1.23993
1.25216
0.707597
0.873085
1.03709
1.19547
1.09316
1.10259
1.18395
1.32768
1.02284
0.934705
1.20008
0.876124
0.971501
1.14722
1.13943
1.22365
0.877783
1.13178
1.09366
1.28412
0.949717
1.08413
0.926543
1.1588
0.833646
1.08444
1.5107
0.981485
0.942321
0.959122
0.873995
1.25169
1.15646
0.970945
1.24077
0.819106
0.787
0.956438
0.883305
1.07322
0.900427
0.936049
0.962045
0.944165
0.879591
0.621344
0.874098
0.972941
0.86862
1.24094
1.06153
1.1517
1.14926
1.29226
0.731055
1.14185
0.92843
1.1935
1.00675
0.917585
1.22329
0.792359
0.899193
1.02099
0.810042
0.972928
1.01228
1.22373
1.09696
1.07844
1.13833
1.16944
0.789023
1.02156
1.20111
0.810468
0.742302
0.866737
1.16076
0.826941
0.854035
1.46906
1.1342
0.757671
0.934741
1.06706
0.943766
1.07673
0.852723
1.01034
1.30047
0.837443
1.07783
0.995945
1.45746
0.82858
0.932396
0.86524
0.987597
1.15271
1.06616
1.04743
1.22831
1.07565
0.85118
0.977546
0.984496
0.884538
0.812344
1.06969
0.906143
1.00553
1.21549
1.01434
1.07617
0.808274
0.906397
0.982044
1.05888
0.902285
0.880952
1.15629
1.05272
1.1696
1.11259
0.69748
0.878728
0.885431
0.836674
0.863294
1.06498
1.06689
0.918967
1.17895
1.04474
1.15339
1.29847
0.847287
0.765629
0.964193
1.08187
0.752032
0.887646
1.0959
0.92756
1.18178
1.29889
1.01993
0.996713
0.912481
0.84511
0.993077
0.797828
1.12206
0.960417
1.17357
0.931426
0.907866
1.11736
1.3063
0.816843
1.16046
1.01736
1.05218
1.24803
1.50471
0.801024
1.02754
1.01752
0.964107
0.918344
0.942493
0.919993
1.38512
0.94494
1.08822
1.21837
1.16117
1.14065
1.63637
0.978677
0.866396
1.32776
0.842115
1.17671
0.788996
1.01039
1.1811
0.690506
1.06802
1.23009
1.08187
0.983011
0.956711
1.04947
1.29548
1.16267
0.989043
1.13675
1.09661
0.770678
1.11958
1.16967
1.34796
0.99013
1.19667
1.04904
1.32109
0.932915
0.921155
0.967701
1.22421
0.890725
1.14712
0.817597
0.784974
1.01435
0.843197
0.950059
