-0.318639
-0.5483
-0.467362
-0.180575
-0.421151
-0.253529
0.121656
-0.054591
-0.241201
-0.295094
-0.312174
-0.443429
-0.450639
-0.351592
-0.423124
-0.374745
-0.278714
-0.157508
-0.443139
-0.208844
-0.286217
-0.106645
-0.298758
-0.262311
-0.221408
-0.228927
-0.360112
-0.018151
-0.120774
-0.25334
-0.234674
-0.109298
-0.370619
-0.272254
-0.360467
-0.0741836
-0.270948
-0.185037
-0.459002
-0.399209
-0.226552
-0.346246
-0.415272
-0.316711
-0.0948005
0.137793
-0.267144
-0.302926
-0.312003
0.0541222
-0.209528
-0.0938739
-0.468318
-0.522944
-0.236522
-0.347147
-0.255231
-0.637647
-0.489579
-0.37232
-0.610328
-0.276233
-0.346793
-0.348965
0.0299445
-0.267732
-0.541274
-0.477344
-0.260187
-0.554971
-0.378324
-0.335265
-0.185311
-0.197764
-0.3304
-0.0428023
-0.560221
0.303149
-0.42006
-0.235434
-0.453533
-0.189007
-0.227351
-0.484703
-0.675385
-0.521881
-0.244227
-0.541753
-0.541498
-0.376066
-0.000146905
-0.230937
-0.443657
0.0104415
-0.150136
-0.152674
-0.16594
-0.464608
-0.216166
-0.307688
-0.266878
-0.143353
-0.477921
0.0301252
-0.179642
-0.231222
-0.335807
0.144439
-0.345509
0.0713584
-0.292612
0.173093
-0.401356
-0.38228
-0.24805
0.000112523
-0.553946
-0.21741
-0.173152
-0.131404
-0.316565
-0.364769
-0.392085
-0.216932
-0.157372
-0.00739966
-0.35579
-0.37905
-0.270905
-0.144166
-0.266481
-0.112256
-0.194147
-0.259926
-0.35422
-0.313016
-0.639637
-0.224384
-0.339687
-0.20137
-0.613902
-0.124055
-0.306037
-0.165105
-0.246179
-0.338455
-0.669709
-0.282339
-0.290538
-0.411187
-0.0778687
-0.456044
-0.338554
-0.418265
-0.443505
-0.410091
-0.43694
-0.036441
-0.238572
-0.24694
-0.38502
-0.405864
-0.57252
-0.173848
-0.295594
-0.275889
-0.361323
-0.0899138
-0.197524
-0.605891
-0.22254
0.520977
-0.372599
-0.46425
-0.273093
-0.15232
-0.820636
-0.253502
-0.458474
-0.289134
-0.477007
-0.661988
-0.334459
-0.497579
-0.385495
-0.458137
-0.289479
-0.136765
-0.476601
-0.519896
-0.381543
-0.0798241
-0.478586
-0.427628
-0.35239
-0.559703
-0.518154
-0.492053
-0.457988
-0.72435
-0.376584
0.0527853
-0.162417
-0.24661
-0.464023
-0.308395
-0.00301803
-0.241488
-0.452664
-0.386019
-0.154519
0.111725
0.07165
-0.378094
-0.215187
-0.63695
-0.217959
0.0911431
0.324529
-0.271009
-0.47791
-0.364611
0.15969
-0.316742
-0.0346401
-0.129785
-0.039344
-0.373828
-0.499271
-0.160392
-0.364473
-0.221035
-0.0924503
-0.230594
-0.235325
0.057098
-0.573451
-0.0114293
-0.175912
-0.0791207
-0.332082
-0.0778008
-0.439825
-0.441441
-0.342662
-0.216279
-0.10109
-0.363189
-0.440019
-0.265058
-0.187157
-0.243128
-0.305105
-0.363053
-0.345789
-0.291339
-0.154175
-0.115101
-0.25288
-0.526332
0.00655184
-0.331128
-0.855356
0.215632
0.0891405
-0.762439
-0.166874
-0.0575417
-0.586028
-0.154746
-0.44486
-0.17897
-0.106298
0.473933
-0.271554
-0.420192
0.323245
-0.360573
-0.351259
-0.368534
-0.170554
-0.457346
-0.381077
-0.376518
-0.58382
-0.0845077
-0.357021
-0.588017
-0.379898
-0.305399
-0.240169
-0.209578
-0.228768
-0.471149
-0.223424
-0.251733
-0.449412
-0.530243
0.0704633
-0.737282
-0.375765
-0.303963
-0.316462
-0.364373
-0.0270178
0.0260908
-0.338228
-0.252917
-0.000757955
-0.239075
-0.277026
-0.394801
-0.536207
-0.132122
-0.395494
-0.806712
-0.384338
-0.477317
-0.0944119
-0.457043
-0.068389
-0.156134
-0.610067
-0.161478
-0.310898
-0.512017
-0.280962
-0.64903
-0.19072
0.0652172
0.196099
-0.578489
-0.423804
-0.26244
-0.0804282
-0.308578
-0.316496
-0.122205
-0.499667
-0.404483
-0.126005
-0.277684
-0.229554
-0.226394
-0.425995
-0.321919
-0.486367
0.0330646
-0.457467
0.0560084
-0.346383
0.0262437
-0.172001
-0.227072
-0.183811
-0.095505
-0.141905
-0.332208
-0.303133
0.0551978
-0.178329
-0.482192
-0.476087
-0.521461
-0.464101
-0.01924
-0.545529
-0.315747
-0.00522266
-0.333292
-0.503932
-0.117967
-0.301348
-0.327008
-0.0898912
-0.435823
-0.213556
-0.343718
-0.357476
-0.334867
-0.304253
-0.255424
-0.263946
-0.416457
-0.555913
-0.252677
-0.223666
-0.304644
-0.155162
-0.213346
-0.454041
0.264827
-0.342502
-0.278055
0.325777
-0.28228
-0.228948
-0.438459
-0.218774
-0.0746162
-0.419555
-0.104374
0.398972
-0.436536
-0.239355
-0.436735
-0.360207
-0.149454
-0.219576
-0.22903
-0.334262
-0.26744
-0.540676
-0.50576
-0.424158
-0.441181
-0.100477
-0.283545
-0.208501
-0.0186507
-0.69249
-0.249787
-0.00718858
-0.220247
-0.152974
-0.69492
-0.319946
-0.445722
-0.861828
-0.349962
-0.474823
-0.354776
-0.0763395
-0.158711
-0.385783
-0.135908
-0.538756
-0.389641
-0.094744
-0.0412743
-0.466101
-0.348851
-0.251071
-0.0940937
-0.453756
-0.0410036
-0.432832
-0.620731
-0.302126
0.33603
-0.216827
-0.188005
-0.492595
-0.197375
-0.336876
-0.410279
-0.237961
-0.163266
-0.0996046
-0.00297687
0.0407208
0.460409
-0.432041
-0.532449
-0.428072
-0.527856
-0.476287
0.154757
-0.459945
-0.448129
-0.497871
-0.0909461
0.0293792
-0.0207008
-0.175036
-0.0755479
-0.297631
-0.234324
-0.176488
-0.520483
-0.170283
-0.146205
-0.364984
-0.354246
-0.304132
-0.203723
-0.162389
-0.361847
-0.286218
-0.322734
0.0370912
0.15764
0.0524967
-0.248623
-0.343165
-0.244838
-0.0554106
-0.0728661
-0.00349099
-0.289762
-0.319134
0.00522148
-0.288283
-0.250706
-0.154394
-0.0355444
-0.616317
-0.329729
0.252611
-0.244359
-0.269861
-0.158238
-0.588305
-0.533677
-0.494884
-0.217061
-0.488319
-0.33408
-0.0580795
-0.387168
-0.387045
-0.360124
-0.283996
-0.11028
-0.396564
-0.383811
-0.10471
-0.227295
-0.365053
-0.295099
0.234974
-0.388314
-0.252848
-0.105848
-0.227784
-0.331092
-0.267049
0.144071
-0.297756
-0.420148
-0.623032
-0.343987
-0.0365285
-0.937967
-0.058303
-0.338085
-0.0228659
-0.428826
-0.147637
-0.444859
0.0500037
-0.303545
0.0222125
-0.254343
-0.394454
0.124852
-0.381704
-0.37615
-0.0974726
-0.167798
-0.233309
0.105256
-0.1613
-0.327478
-0.244286
-0.409686
-0.232375
-0.691753
0.109365
-0.301717
-0.605191
-0.575463
-0.385963
-0.262238
-0.143798
-0.111819
-0.104407
0.00326914
0.00618782
0.886757
-0.44474
-0.197678
-0.187635
-0.586654
-0.311672
0.00110235
-0.137479
-0.033272
-0.361868
-0.121104
-0.342851
-0.127119
-0.0625964
-0.461866
-0.500141
-0.26776
-0.405895
-0.095288
-0.33113
-0.171348
-0.395338
-0.277441
-0.487293
-0.6004
-0.0045269
-0.220198
-0.400572
-0.0376577
-0.33608
0.0700687
-0.4577
-0.20287
-0.451469
0.161497
-0.447571
-0.306899
-0.110864
0.0998809
-0.460124
-0.542869
-0.372065
-0.390995
-0.110563
-0.201298
-0.225957
-0.776113
-0.328206
-0.449543
-0.301555
0.340123
-0.435667
-0.0895274
-0.444782
0.106641
-0.438682
-0.114551
-0.300525
-0.339945
-0.620538
-0.0488507
0.15402
-0.159203
-0.0867944
-0.575793
-0.668115
-0.111059
-0.35397
-0.706617
-0.133274
-0.239358
-0.442101
-0.370504
0.0234013
-0.469465
-0.251824
-0.412138
-0.111577
-0.0291267
-0.215974
-0.498485
-0.148111
-0.189577
-0.291485
-0.389329
-0.531337
-0.510761
-0.479433
-0.0936693
-0.451507
0.0446362
0.00106701
-0.177469
-0.357737
-0.572647
-0.579387
-0.137544
-0.152727
0.183226
0.259453
-0.0339615
-0.428294
-0.10621
-0.330983
-0.556667
-0.0733571
-0.230011
0.29965
-0.19984
-0.21676
-0.275979
-0.179551
-0.520812
-0.751702
-0.348946
-0.142502
-0.25842
-0.221274
-0.277517
-0.0327922
-0.254936
-0.394147
-0.390072
-0.268727
0.0741639
-0.293963
-0.117778
-0.102909
-0.617215
-0.400076
-0.425646
-0.668759
-0.314322
-0.198453
-0.430961
-0.150102
-0.363155
-0.337079
-0.373336
-0.547693
-0.184057
-0.492183
-0.382703
-0.176409
-0.424584
-0.351844
0.00750979
-0.667416
-0.0686168
-0.249795
-0.0526747
-0.301182
-0.26853
-0.0339265
-0.536953
0.00280602
-0.1058
-0.544014
-0.447232
-0.692024
-0.537566
0.069584
0.354275
-0.358291
-0.528356
-0.369022
0.189877
-0.410767
-0.340476
0.147422
-0.235984
-0.299635
-0.200978
0.0295971
-0.93831
-0.429284
-0.271451
-0.286005
-0.0961069
-0.512109
0.0562748
-0.453761
-0.0342329
-0.242509
-0.0864058
-0.379462
-0.50195
-0.351672
-0.561212
-0.44976
-0.452293
-0.147025
-0.351018
-0.348206
-0.400763
0.0789645
-0.230279
-0.130901
-0.309418
-0.128856
0.140058
-0.362889
-0.0836892
-0.378604
-0.38475
-0.124125
-0.0110774
-0.521052
-0.0591561
0.0766641
-0.543657
-0.161404
-0.346738
-0.243639
-0.323141
0.0436582
-0.132285
-0.719982
-0.241523
-0.193263
-0.11465
-0.178682
-0.292817
-0.402978
0.039479
-0.402225
-0.392545
-0.1822
-0.285474
0.0261479
-0.763334
0.102716
-0.191377
-0.334504
-0.0663387
0.104614
-0.575785
-0.321725
-0.125261
-0.414171
-0.582568
0.173711
0.164335
0.0775475
-0.253868
-0.26874
-0.436063
-0.319711
-0.212163
-0.190475
-0.543605
-0.339814
-0.000151821
-0.349934
-0.399604
0.799404
-0.353155
-0.23194
-0.36744
0.092336
-0.542645
-0.623839
-0.298109
-0.406214
-0.320194
-0.303768
-0.359538
-0.49749
-0.141973
-0.52984
-0.514358
-0.301543
-0.249127
-0.154824
-0.106502
-0.356414
-0.207811
0.196433
0.127743
0.0545668
-0.111863
-0.204996
0.0703467
-0.0617163
-0.241751
-0.0989402
-0.126598
0.0426668
-0.360563
-0.0623818
-0.0927147
-0.428806
-0.363497
-0.406995
-0.17324
-0.176235
0.122723
-0.396124
-0.440382
-0.404076
0.172358
-0.377384
-0.243898
-0.36801
-0.0724763
-0.352788
-0.174499
-0.533284
-0.0678215
-0.324024
-0.3133
-0.406192
-0.0965712
-0.511656
-0.601012
-0.273992
-0.372953
-0.119514
-0.226128
-0.285319
-0.0511949
-0.213658
-0.217301
-0.107177
-0.214724
-0.295636
-0.0775712
-0.330728
-0.127713
-0.322659
-0.401914
0.195966
-0.145521
-0.137137
-0.0962338
-0.457734
0.0531672
-0.553437
-0.108358
-0.422124
-0.412363
-0.35337
-0.3965
-0.119192
0.0554475
-0.600269
-0.425403
-0.485838
-0.577695
-0.35914
-0.194945
-0.475515
-0.0179869
-0.202696
-0.076941
-0.394289
-0.416225
-0.366625
-0.662674
-0.154385
-0.177487
-0.408824
-0.185469
-0.411277
-0.24017
-0.53015
-0.316765
-0.377141
-0.212819
-0.333453
-0.0279027
-0.41405
-0.303995
-0.775924
-0.193626
0.0530784
-0.701966
-0.0952705
-0.209409
-0.34582
-0.290752
-0.0342089
0.0343923
0.121281
-0.240989
-0.447756
-0.631901
-0.173616
-0.391272
-0.206703
-0.789465
-0.262625
-0.432713
0.468756
-0.144562
-0.282405
-0.409573
-0.188949
-0.318567
-0.185122
-0.288803
-0.325087
0.203345
-0.187362
-0.444209
-0.492766
-0.349772
-0.340279
0.177042
-0.185088
-0.330392
-0.58631
-0.426245
-0.279247
0.28066
0.0593677
-0.250288
-0.458901
-0.0806213
-0.390842
-0.549863
-0.167563
0.107373
-0.21586
-0.670625
-0.379691
-0.312605
-0.14216
-0.049509
-0.0745832
-0.0393954
-0.517743
-0.152118
-0.556963
-0.291217
-0.228463
-0.776111
-0.293714
-0.171286
0.195406
-0.175166
-0.491249
-0.293896
-0.294977
-0.439372
