1.89017
2.35069
1.96419
1.40486
0.485631
2.5431
0.972326
0.405752
1.6151
0.973864
1.13369
1.05036
1.88899
1.31254
1.97585
1.52026
0.565069
2.26828
1.86309
1.75797
1.04631
1.45331
1.76128
0.974512
0.432367
1.54563
1.97604
2.10906
2.05642
1.11543
0.86523
0.699916
1.96608
1.84661
1.2087
0.816648
0.996245
1.15826
1.99697
1.88235
0.848807
1.68744
0.886953
2.01815
2.09213
2.06902
1.7444
1.21605
1.19715
2.28901
0.748214
2.0586
1.88021
2.48523
1.10155
1.15914
1.3048
1.686
2.25025
1.80953
1.39272
1.92651
1.23773
0.917374
0.890715
1.60575
1.98851
1.28868
1.3493
1.7021
1.82338
1.30995
1.15824
1.7028
1.16892
0.767021
1.97032
0.735863
1.1324
1.17394
1.96906
1.27304
1.13842
2.26116
1.47715
0.824459
1.78303
1.81943
2.48765
1.69473
0.722529
2.16914
1.29092
2.03109
1.28504
1.72628
0.433121
0.870656
1.58208
1.98042
1.20033
1.59586
1.87783
2.08032
2.04935
0.711501
1.30754
0.870953
1.77024
2.03224
1.29225
0.839496
1.02338
1.09782
0.504936
1.70099
1.50489
0.847823
0.291294
1.17995
1.05973
1.0165
0.940077
1.84395
1.579
0.59742
1.4866
1.24475
1.52755
1.25233
0.908689
2.03074
1.79205
1.47592
0.920326
1.79705
1.9886
2.04617
1.67498
1.09178
1.31957
1.16725
0.697798
1.24548
0.853481
1.79161
2.03438
1.26743
0.910803
1.75264
1.91211
1.54874
1.35474
1.11947
1.63725
1.36785
1.07501
1.13143
1.2846
1.68953
1.56562
1.58155
1.51428
2.24741
1.1896
2.42869
1.98865
0.941502
1.89962
1.21103
1.03798
0.0339799
1.49168
1.33642
1.64371
2.07868
2.69571
2.04284
1.06594
1.35856
1.39513
1.79748
2.2632
1.25132
1.55761
1.75206
1.79086
1.70104
1.12544
1.66756
2.0923
2.10677
1.65412
0.967074
1.85552
1.62955
1.97334
1.67328
1.956
1.80577
1.39915
1.20374
1.01674
1.08332
2.34526
0.889214
0.882155
1.53186
1.47769
1.09082
1.88228
1.30843
1.07388
0.939142
1.17611
1.76634
0.373897
0.532939
0.736521
0.865066
1.48254
0.998328
0.77849
0.926633
0.741453
1.20502
1.50687
1.25356
1.99993
1.77473
1.24453
1.75827
1.46399
1.43892
1.19694
0.432856
1.70277
1.21594
1.23426
1.65132
2.1522
0.531479
1.94515
1.57935
2.074
1.68346
1.81785
1.05877
1.22869
1.8272
1.05834
1.68944
1.76467
1.4874
1.17417
1.34103
0.4396
1.08767
1.70986
1.49903
0.523888
1.0791
1.96204
1.95522
0.933019
1.82055
2.2706
0.825635
0.85171
1.67278
1.07138
1.47838
1.07147
1.56625
0.568415
1.2175
0.482114
1.69356
2.17088
1.99333
2.01438
2.12841
2.09903
2.39569
2.04645
0.881591
1.5116
1.93224
1.052
0.423351
1.34435
1.85897
1.78979
1.83256
1.66026
1.06088
2.37714
1.11367
1.49729
0.94092
0.923751
0.738063
1.52218
1.06345
0.921146
0.715362
1.52367
1.85301
0.587923
0.794217
1.61131
1.72317
1.30045
1.52414
1.89164
2.77919
1.10487
1.07825
0.997476
0.805233
1.52475
0.944624
1.31097
1.45264
1.25409
2.2539
1.39318
1.79261
0.816383
0.831121
1.87066
2.10871
1.70163
2.03596
1.07468
2.36206
1.10957
0.91159
1.68281
1.50478
0.40884
2.44746
1.88463
2.14199
1.91245
1.12401
1.85038
1.1362
1.99714
2.0452
1.49634
1.48861
1.39199
1.20643
0.985488
1.71101
0.649842
1.00009
1.70591
1.18728
1.10393
1.02464
1.40941
1.46685
1.89653
1.85474
1.67191
1.6586
0.417423
1.83853
1.2796
1.58568
1.50966
1.43203
1.02767
1.57978
1.26286
1.98658
1.53745
1.84895
1.64404
1.46767
1.89357
2.19447
1.37514
1.87111
0.784308
1.25952
2.1708
1.40936
0.947468
1.84138
1.25644
1.56139
1.17561
1.5634
0.96632
1.41765
1.32036
0.843512
0.775168
1.91119
1.52141
1.29263
1.06114
1.53187
1.21755
0.65572
1.87282
1.07144
1.27007
1.75257
1.92231
1.38021
1.77379
1.61918
0.625892
1.84912
1.10318
0.387949
2.02803
0.980302
1.74103
1.55758
1.93458
1.08253
1.4245
1.08472
1.79471
1.92052
1.38533
1.05657
0.489759
0.463859
2.18191
1.61812
1.34034
1.03734
0.947744
1.62066
1.44439
1.58569
0.454167
0.678256
1.07865
0.686118
1.52418
2.63821
1.74244
0.420412
1.74306
1.55218
1.42106
1.27549
0.661805
1.37499
0.873368
1.41043
1.95292
1.60741
0.821115
0.528012
1.61361
1.80816
1.88277
1.18847
1.87839
1.4091
1.59949
2.22248
1.16199
0.296664
1.01284
1.7581
1.90043
1.36116
1.38682
2.4061
1.62694
1.2099
0.423044
1.50696
0.927224
0.914149
1.2544
1.48522
2.25598
1.8158
1.73301
1.94558
1.31805
0.846321
1.41903
1.4353
1.20285
1.53217
1.76086
1.84578
1.20076
1.49615
1.95463
0.699863
0.951692
1.07753
0.674368
1.79733
2.17668
1.75466
1.03299
1.86381
1.50465
0.793597
1.68714
1.91569
0.726759
1.14455
1.89705
1.4988
1.09145
0.969244
1.12334
1.26229
1.38604
0.674309
1.75373
0.955724
0.560597
1.36167
1.37231
1.1204
1.61188
1.77854
1.31416
2.00595
1.43396
1.10932
1.13739
0.236926
1.30803
1.36715
2.20241
1.78878
2.02588
0.727807
1.12258
1.88857
0.65787
1.09233
0.59897
0.351432
0.291808
1.11556
0.967488
2.2705
1.7324
1.34781
1.52669
0.992656
1.23608
1.40707
0.400845
1.68662
0.891948
1.74801
1.66723
1.4248
2.07982
1.997
1.88931
2.15992
1.06638
1.03097
1.63984
1.00114
0.623576
1.12222
1.0377
1.12652
0.56268
1.08848
2.16208
1.86173
1.49203
1.88929
0.814293
1.91836
0.774427
1.24468
1.34363
2.1735
2.04513
1.08705
1.75862
1.00782
0.993628
1.76031
1.66321
1.03411
1.82434
0.864017
1.32506
0.829744
1.6607
1.50212
1.93855
1.40865
1.37519
1.0271
1.92177
0.0812282
1.69979
1.84344
2.02772
1.74692
2.22473
1.58009
1.44452
1.55605
2.13493
1.90131
1.10308
1.14457
1.26756
1.19341
1.64017
2.20656
2.38605
1.54216
2.09956
0.27242
2.08007
0.956971
1.82054
0.692631
1.10096
0.780666
0.976475
1.90578
1.75837
1.62462
0.818455
1.29859
1.82089
1.85952
2.22843
0.781319
1.003
1.77247
0.598195
1.57867
1.96084
0.74894
0.89407
2.63681
1.50418
1.1228
1.08169
1.06885
1.98512
2.47652
2.44747
0.868195
1.01495
1.80043
1.63733
1.00025
2.11561
0.70436
2.40087
0.852585
1.74906
0.665456
0.85951
2.00503
2.01503
1.31508
1.34865
1.54065
1.83165
1.99287
1.21937
0.334493
1.25733
1.21457
1.63327
0.614901
1.39719
1.81261
1.5946
1.23202
1.8907
1.0196
1.87429
1.04816
1.61433
1.28624
1.90649
1.26759
0.856159
0.968858
2.32613
2.71007
1.10556
0.700283
1.3891
0.514483
1.88942
1.88076
1.48309
0.992409
2.20022
1.77699
2.09862
1.01425
1.77701
1.18526
1.42004
1.75349
1.82263
0.994027
1.65271
0.958318
1.06945
0.869395
1.12072
0.840472
1.88466
1.75993
0.734888
1.38247
1.74112
1.28869
1.64166
1.64791
2.21649
0.969969
1.67158
1.08522
1.47809
1.41162
0.312418
0.15848
2.0998
1.52646
1.88643
0.545481
1.63515
1.48154
1.22931
1.65561
2.23374
2.0869
1.02198
2.22703
1.64211
1.46641
1.69156
1.50862
2.38198
0.392766
1.72365
1.28629
0.785082
1.74234
1.86542
1.80242
1.18475
1.44485
1.99424
1.29636
2.01826
1.35225
0.407845
2.05945
1.72409
1.3923
1.95791
1.65825
1.79883
1.52321
1.75263
0.929924
1.96993
1.56146
1.0424
1.94314
0.796138
1.2199
1.17558
1.14396
0.84827
1.56016
1.58644
2.42479
1.96377
1.77403
1.24246
1.54705
1.73521
2.40092
0.923664
1.54044
1.75179
1.94507
1.66528
1.22414
0.982197
1.07028
1.65765
1.51452
0.937854
1.49918
2.22922
0.509219
2.20588
1.6835
1.7678
1.19092
1.6851
2.21764
0.696969
1.11272
1.59275
2.19327
1.39127
1.50938
1.77907
1.55924
1.6733
2.12961
0.992197
1.64693
1.35161
1.99027
0.10868
1.47544
1.5005
0.948972
1.15587
1.88714
1.70379
1.46174
1.37002
0.940582
0.639296
1.93629
1.49325
1.06578
2.00823
1.37882
1.88785
1.3313
1.2001
2.13762
1.34685
1.31297
0.115779
0.653838
0.71015
0.968433
2.15899
1.91604
2.06167
1.61058
1.47077
0.540767
1.60268
1.65253
1.29096
1.03268
1.23861
1.10178
1.50859
1.54367
0.942622
0.66987
0.618469
1.42271
1.25381
1.7479
1.25135
0.618478
2.22335
0.741943
2.33943
2.25981
0.950354
0.818732
0.859846
1.9653
2.29139
1.12379
0.898739
1.86366
1.12902
1.41314
1.95884
0.954277
2.38451
0.989447
0.975835
1.83698
0.510935
1.44439
1.06308
0.845745
1.51344
1.90933
1.24698
1.99011
2.05788
1.4864
1.21635
1.76872
2.18659
0.655736
1.42964
2.0132
1.4136
1.01635
1.13589
0.836917
1.8141
1.77854
1.99062
1.10153
2.38863
2.33137
1.38967
1.17626
1.32831
2.31243
0.947797
2.50411
1.86178
1.51318
1.51332
1.17786
1.8075
1.88673
0.913326
1.7351
1.17835
2.16547
2.22801
0.784682
1.09182
1.01442
1.86524
1.99419
1.57125
2.03751
1.02733
1.1255
0.516082
2.63795
1.0821
0.749777
2.00129
1.06958
1.18377
0.322539
2.04618
1.04921
1.72649
1.48602
1.75444
1.6271
2.01814
2.49572
1.55059
2.14321
2.04615
1.53437
1.22041
1.27043
1.35085
1.34681
1.88591
1.13974
1.14822
1.98905
1.01915
1.17345
1.08895
0.796846
1.34834
0.795821
1.8914
1.19696
2.21335
1.95839
1.02256
1.51219
1.03672
1.21376
1.59429
1.68201
1.32966
2.06421
0.482736
0.55273
1.69255
1.4956
1.47918
1.18899
0.884242
0.525024
1.64389
0.621342
2.05269
0.850515
1.51799
1.89526
1.68459
1.53038
1.57076
1.68874
1.85176
1.58102
0.838502
1.83835
1.22646
1.46735
