0.57661
0.744356
1.07303
0.779652
0.749606
0.963719
0.945456
0.967177
1.16027
1.01283
1.00729
0.868037
0.754015
1.11303
1.141
0.79729
0.831343
0.811134
0.785362
1.74336
0.833092
0.861991
0.971748
0.826614
0.939107
1.1745
0.714374
0.88599
0.96567
0.796969
0.859362
1.01748
0.810553
0.84097
0.827135
0.938776
0.795676
1.07089
0.914705
0.754105
0.874269
1.29579
0.911132
0.765966
0.908432
0.992343
0.963631
0.702622
1.07268
0.743108
0.876312
0.997746
0.827986
0.923889
0.89104
0.839952
0.957558
1.23415
0.982533
0.741122
0.837875
1.57008
0.812697
0.78725
1.1486
0.973971
1.13239
1.2046
0.91829
0.565506
0.846044
0.804113
0.97856
0.837152
0.711621
1.22821
0.706589
1.0184
0.798755
0.792786
1.00121
0.768552
0.761155
0.897412
0.853605
0.946633
0.763417
0.795932
0.75949
0.792065
0.65429
0.734399
0.78392
0.646844
0.83328
0.846227
0.784833
0.876971
0.917763
0.700146
1.27715
1.06685
1.01736
1.29055
0.853941
0.634452
1.39901
0.760177
0.669303
0.746745
0.686303
1.15255
0.959423
0.733136
0.878973
1.12499
1.07398
0.639501
0.766239
0.599892
1.12482
0.871158
0.723962
1.40163
0.726793
0.909159
0.798132
0.90251
0.770722
0.945046
0.862103
0.870895
0.65269
0.823266
1.21188
0.729285
0.975639
0.625992
1.11981
0.95574
0.878439
0.918671
0.882903
0.882507
1.02653
0.802975
0.893819
0.817324
0.86459
0.925617
0.720303
0.678381
0.806629
0.973655
1.03333
0.69989
0.62775
0.734523
0.945559
0.883737
0.960996
0.971242
1.35593
0.913458
0.996365
0.942843
1.38323
0.972782
0.849438
0.61438
0.968895
0.941685
0.920141
1.12439
0.669962
1.26674
0.95306
1.23171
1.02771
0.855128
1.25168
1.11287
0.686552
0.668143
1.00531
0.893072
0.797035
1.22399
1.19109
0.817987
0.91171
0.679285
0.707178
0.899086
0.82288
0.719494
1.20652
0.886885
1.06167
0.793078
0.860414
0.733541
0.741208
0.615118
0.76304
1.0097
0.880898
1.46959
0.755108
0.817215
1.04191
0.801169
0.810926
0.877982
0.9092
0.719743
1.20836
0.771623
0.930828
1.01893
0.601389
1.1379
0.721483
1.04671
1.10115
1.14403
0.969354
1.06895
0.860565
1.06628
0.867562
0.981138
0.659937
1.07893
0.969847
0.9362
1.00752
0.812972
1.20143
0.650955
1.08013
1.14559
0.699491
0.86215
0.924757
0.985354
1.10499
0.828582
0.843888
0.67934
0.790321
0.863997
0.711452
1.03224
0.693374
0.859121
