1.11131
1.11799
0.958146
0.755943
0.985034
1.19824
1.22715
0.905344
0.837511
1.20495
0.971572
0.939355
1.02807
1.17945
0.633086
0.812682
0.795149
0.895481
0.703361
0.912832
0.877192
1.02279
0.875989
0.604209
0.765842
0.968638
1.28017
0.637299
0.904792
1.03745
1.21982
0.918977
0.9858
1.14332
1.02355
0.561578
0.962135
0.556796
1.20695
1.5763
1.36531
1.06601
1.12011
1.1004
0.84318
0.633083
0.75537
1.13576
0.781653
0.931092
0.866054
0.912421
1.20972
0.847532
1.05557
1.14842
0.992061
0.859111
0.92981
0.546087
1.17009
0.817491
0.514758
0.977605
0.86355
1.0303
1.06234
0.987808
1.24845
0.920195
0.80067
1.02572
0.763978
0.725974
1.04756
1.22704
0.63477
0.962692
0.953819
1.23078
0.968587
0.813528
1.0097
1.09945
0.977997
0.8991
0.765249
1.01846
1.05821
0.918281
1.05381
0.67819
1.07943
0.733936
0.908246
0.985515
1.06197
1.03327
0.686697
1.09279
1.14062
0.701699
0.91385
0.895702
0.92602
1.0216
0.640541
1.1273
0.836419
1.31016
0.708156
1.02843
0.818404
1.07683
0.930048
1.14385
0.980218
1.08323
1.15336
1.16265
0.803125
0.91139
0.952888
1.05124
0.831871
1.09199
0.848286
0.651811
1.93381
1.05711
0.726601
1.00094
0.881659
1.23265
1.12886
0.685569
0.800623
0.868903
1.07499
0.766328
0.87635
1.10708
0.60198
1.19375
1.01187
1.04053
1.22102
1.04708
1.23326
1.10904
0.98858
0.989746
0.854584
0.701509
0.973049
0.948234
1.04846
0.910796
1.32606
0.582138
0.990043
0.85317
0.895236
1.09616
0.949433
1.04938
1.16414
1.10625
1.14202
0.793241
1.33716
1.0661
1.15439
1.07103
0.812378
0.922887
1.10252
0.940152
0.625011
1.0929
0.952444
0.884697
0.584462
0.914048
1.08907
0.598766
0.996879
1.02145
0.957646
0.92697
1.01428
1.01401
0.97122
1.07646
0.969603
1.24394
0.686518
0.968972
1.09517
0.804479
0.81116
0.831568
0.73815
1.12954
1.21857
0.761922
0.944243
1.16872
1.02855
0.916942
0.870303
1.22344
0.805396
0.984743
0.835547
1.37831
0.923305
1.12222
1.42129
0.820929
0.935415
0.587422
0.960413
0.992103
1.25906
1.25225
1.34362
1.0564
0.562965
0.973203
0.979385
1.21595
0.600372
1.0166
0.69898
0.889518
0.884139
0.907437
1.24672
0.974272
1.03979
1.0423
0.895283
1.49317
0.66949
0.892758
1.02147
0.84137
0.993673
0.953309
0.806324
0.880149
0.919137
2.30074
0.844903
0.751548
