0.440238
0.70003
0.769799
0.604495
0.51101
0.654882
1.23146
1.02139
0.508252
0.594916
0.359765
0.54373
0.536596
0.858336
0.622932
0.438172
0.996825
1.41666
0.604023
0.747722
0.567167
1.05998
0.475521
0.62426
1.29394
0.542803
0.385461
0.943307
0.569796
0.887106
0.614999
1.53996
0.516275
0.597608
0.320662
0.970309
0.798187
0.402333
0.43917
0.67172
0.886173
0.344539
0.952978
0.509083
0.339761
0.695484
0.724462
0.864038
0.954977
0.272949
0.667341
0.499546
0.328441
0.638793
0.331141
0.626489
0.495309
0.818641
0.395465
0.420522
0.766901
0.319986
0.477411
1.07907
0.670726
0.566735
0.996683
0.710639
0.772762
0.637364
0.539655
0.604234
0.584597
0.607087
0.560629
0.649456
0.772556
0.0880549
0.544976
0.505035
0.554419
0.649234
0.638638
0.645015
0.534117
0.695717
0.608783
0.623645
0.564185
0.297329
0.873525
0.544064
0.504991
1.26497
1.00662
0.332219
0.513821
0.821001
1.03573
0.372679
0.376724
0.394985
0.451137
0.5609
0.525633
0.345881
0.625427
0.885483
0.630402
0.483531
0.549277
0.982092
0.746956
0.729978
0.540674
0.275681
0.518436
0.956575
0.704652
0.298131
0.777381
0.596201
0.760253
0.44326
0.969032
0.66628
0.89305
0.300249
1.03041
0.605292
0.581943
0.344044
0.429612
0.30618
0.699332
0.418286
0.627656
0.704923
0.537711
1.18246
0.623443
0.899013
0.782806
0.409868
0.541228
0.325313
0.534967
0.571251
0.257631
0.454671
0.461535
0.771309
0.632876
0.500814
0.575508
0.972306
0.596707
0.991693
0.345494
0.506684
0.53939
0.552737
0.734062
0.477647
0.707043
0.564103
0.393039
0.3185
0.528353
0.485396
0.549144
1.94297
0.510921
0.670442
0.814866
0.135018
0.61374
0.51185
0.691747
0.436446
0.934584
0.716176
1.06782
0.480585
1.55843
0.692006
0.504995
0.497891
0.763569
0.506319
0.349717
0.409039
1.13239
0.534097
0.502381
0.576524
0.440855
0.57932
0.848451
0.401442
0.5301
1.07587
0.578288
0.640578
0.848723
1.15798
0.618147
0.553824
0.49175
0.512822
0.922623
0.518675
0.304686
0.761077
0.598123
0.614044
0.22377
0.383047
0.587655
0.735582
0.564761
0.388743
0.259586
1.10805
0.695188
1.08288
0.913382
0.4012
0.33073
0.673376
0.719131
1.03237
0.557917
0.719218
0.396927
0.878804
0.485567
0.732924
0.838329
1.49028
0.673091
0.725606
0.63129
0.503192
0.598461
1.56385
0.509716
0.809562
0.336955
1.00775
0.496732
0.349474
0.590857
0.382429
0.436797
1.35966
0.388631
0.517824
0.432236
0.835791
0.804226
0.639288
0.654193
0.276874
0.615723
0.899275
0.936684
0.69105
0.307507
1.03042
0.58316
0.699061
0.706249
1.44723
0.721932
1.00164
0.693986
0.467615
0.495216
0.564191
0.530939
0.714961
0.657371
0.599166
0.764379
0.608784
0.430107
0.598794
0.499173
0.709535
1.00829
0.594785
0.624473
0.458734
0.753115
0.507809
0.351862
0.629845
0.822238
0.83763
0.408851
0.676534
0.48418
0.720023
1.07791
1.49554
0.454501
0.3237
0.527175
1.0399
0.649532
0.471995
0.492283
0.500234
0.466586
1.2988
0.314851
0.883952
0.595128
1.2305
0.412823
1.04573
0.762657
0.34841
0.872235
0.606636
0.670012
0.941074
0.583507
0.054978
0.268903
0.317701
0.636648
1.10747
0.199932
0.520007
0.702
0.380056
0.953754
0.593656
0.689384
1.11522
0.486272
0.526777
0.711238
0.826096
0.610203
0.742479
0.669939
0.605538
0.64439
1.19892
0.624241
0.502986
0.714042
0.267062
0.716013
0.779627
0.400236
1.12656
0.377994
0.964337
0.61312
0.554999
0.375353
0.427872
0.866048
0.51311
1.14951
0.587661
0.562236
0.198357
1.19229
0.564939
0.736968
0.718395
0.694246
0.589381
0.475316
0.504534
0.841447
0.711246
0.547844
0.290468
1.04249
0.657537
0.932281
0.453131
0.414856
0.346965
0.629082
1.49575
0.753129
0.910478
0.256341
0.87963
0.465481
0.700866
1.21656
0.395603
0.848718
0.579917
1.34186
0.668161
0.420059
0.6449
0.493328
0.670509
0.623393
0.694619
0.675361
0.670045
0.459455
0.677934
0.457618
0.865123
0.949048
0.59291
0.811655
0.873419
0.639051
0.377079
0.195329
0.453248
0.380895
0.710683
0.386927
0.956018
0.593498
0.797531
0.544076
0.376706
1.01199
0.54679
0.85536
0.850057
0.591663
0.499215
0.149747
0.459204
0.610154
1.04168
1.30318
0.4987
0.737499
0.127558
0.317066
0.710414
0.588566
0.103085
0.995704
0.627499
0.775292
0.396731
0.648486
0.653467
0.819918
0.0844658
0.523136
1.15457
0.724714
0.546386
0.707779
0.867401
0.831908
0.296232
0.621397
0.683947
0.695764
0.70423
0.752958
1.29799
0.600556
0.430534
0.656071
0.421922
0.527709
0.394798
0.513632
0.466767
0.337809
0.492165
0.885452
0.827548
0.393245
0.366367
1.35798
0.692003
0.743168
0.619461
0.811227
0.244708
0.283145
0.292739
0.603954
0.513352
0.259224
0.642476
0.535571
0.580028
0.547945
0.776914
0.736348
0.902647
0.250746
0.344956
0.335205
0.616944
0.203089
0.477918
0.568106
0.790043
0.661258
0.527699
0.587813
0.636582
0.387119
0.319944
0.680953
0.573477
0.470647
0.456002
0.522117
0.511692
0.501791
0.837248
0.613882
0.407619
0.720927
0.894674
0.251735
0.552413
0.394005
0.366701
0.515619
0.523331
0.530389
0.315527
0.698195
0.784849
0.506845
0.595143
0.467942
0.577378
0.310885
0.458631
0.925021
1.07219
0.576073
0.685796
0.953858
0.512014
0.695292
0.621667
0.519249
0.983489
0.601163
0.604266
0.45444
0.613135
0.662419
0.955759
0.431445
0.385718
0.895362
0.465501
1.6603
0.633323
0.591626
0.609906
0.56929
0.608672
0.989216
0.423162
0.600291
0.738654
0.321622
0.403061
0.904259
0.170968
0.570559
0.5019
0.777863
0.525264
0.778034
0.583663
1.36843
0.901749
0.745869
0.292084
0.72657
0.705495
0.803249
0.704746
0.875475
0.584623
0.699156
0.797909
0.461792
1.12042
0.305782
0.927144
0.767187
0.398163
0.462242
0.317779
0.915167
0.900179
0.439996
0.796122
1.05214
0.464148
0.568604
1.26884
0.453985
0.689375
0.514364
0.62664
0.556342
0.444496
0.905771
0.463944
0.744926
0.419357
0.511698
0.534641
0.56576
0.403994
0.482896
0.657167
0.733377
0.604369
0.494525
0.875375
0.45242
1.40871
0.329746
0.63699
0.489161
0.370203
0.364673
0.816962
1.1234
0.504305
0.363252
0.715571
0.605092
0.677869
0.917624
1.10691
0.471184
0.910924
0.50345
0.704814
0.82004
0.761412
0.435709
1.49447
0.50359
0.475063
0.516785
0.789184
0.700124
0.829002
0.6612
0.556383
0.675002
0.481438
0.368507
0.520198
0.288589
0.640398
0.884698
0.366721
0.41083
0.345596
0.916536
1.34159
0.604464
0.436064
0.714949
0.784777
0.498733
0.68785
0.689027
1.30304
0.271942
0.604855
0.400473
0.604528
1.10408
1.08398
0.524975
0.715588
0.402962
0.979182
0.512887
0.691805
0.244035
0.380064
0.698218
0.789294
0.304365
0.813272
0.672113
0.575243
0.686243
0.738663
0.431753
0.174872
0.404541
0.423202
0.52684
1.24244
0.411883
1.10009
0.395223
0.551985
0.361516
1.23855
0.571824
0.345295
0.310078
1.43335
0.502384
0.536741
1.30376
0.485899
0.495148
0.755448
0.479963
0.475308
0.830664
0.487998
0.331857
0.561882
0.624934
0.883953
0.503839
1.19774
0.466401
1.57819
0.49261
0.494809
0.758489
0.964159
0.471586
0.682266
0.196449
0.521402
0.643057
0.620383
0.952065
1.19095
0.74274
0.772199
0.525884
0.601454
1.31518
0.496701
0.923452
0.759811
0.7666
0.965852
0.477756
0.540047
0.359421
0.470844
0.411855
0.891231
0.370598
0.517165
1.36838
0.485493
0.352611
0.644299
0.801039
0.593468
0.257386
1.33785
0.704907
0.752377
0.941248
0.482364
0.561302
0.321692
0.812181
0.929119
0.69722
0.416756
0.57034
0.492282
0.632258
0.632313
0.217108
0.545845
1.3656
0.523485
0.670693
0.50791
1.34425
0.413917
0.761436
0.72712
0.391069
0.472055
0.966699
0.452215
0.190216
0.506618
1.40889
0.591109
0.590222
0.519066
0.513409
0.397746
0.918195
0.610269
0.562844
0.693312
0.940912
1.24126
0.270447
0.600348
0.691004
0.638611
0.716849
0.564864
0.490895
0.654499
0.327598
0.153186
0.563632
0.371955
1.78744
0.786032
0.514241
0.39152
0.0648147
0.671856
0.581402
0.407224
1.14106
0.968536
0.83602
0.54661
0.486758
0.564406
0.695264
0.385363
0.521314
0.693022
0.507742
0.154377
0.489245
0.226397
0.215526
0.233825
0.469268
0.834164
0.537617
0.26059
1.33374
0.584391
0.305486
0.694445
0.294405
0.534897
0.615247
0.694014
0.521726
0.630149
0.431236
0.739594
0.667266
0.678505
0.529553
0.512612
0.497244
0.944391
0.441985
0.606168
1.58691
0.294281
0.486937
0.682872
0.637879
0.886838
0.474114
0.390872
0.597025
0.822424
0.577022
1.07471
0.265062
0.896226
0.690953
0.592227
0.643689
0.670604
0.689787
0.555019
0.502327
0.183674
0.423008
0.648089
0.550107
0.591992
0.557405
0.504042
1.38465
0.601529
0.554095
0.574838
0.695057
0.843228
0.454532
0.421682
0.669349
0.547435
0.427609
0.378338
0.509755
0.53035
0.429607
0.736027
0.573011
0.716351
0.521252
0.536128
0.624241
0.4053
0.503392
0.389836
0.367419
0.541746
0.794171
0.386225
0.3762
0.669775
0.927411
0.212774
0.424795
0.513448
0.394083
0.665738
0.830922
0.693472
0.521401
0.359321
0.321163
0.433653
0.788022
1.09492
0.783389
0.817951
0.858619
0.691746
0.457646
0.84113
0.308515
0.884805
0.567203
0.286167
0.530156
0.594472
0.250383
0.60135
0.576322
0.918989
0.878096
0.267955
1.6128
0.411878
0.666203
0.562495
0.463366
0.449422
0.446243
0.633148
0.958734
1.24161
0.56132
0.683713
0.590302
0.396661
0.422039
0.817481
1.20758
0.36115
0.477905
0.762407
0.522609
0.518982
0.880171
0.667266
0.499165
0.554482
0.569885
0.526997
0.579674
0.410752
0.372465
0.77557
0.516986
0.385488
0.343282
0.587069
0.341257
0.746204
0.836698
1.38285
0.732143
0.531033
0.697891
0.601074
0.520607
1.02776
0.318058
0.205469
1.10013
0.380927
0.649964
0.490943
