0.618001
0.676416
0.395079
0.760645
0.527227
0.330218
0.0662641
0.555166
0.47551
0.935308
0.468356
0.965012
0.703768
0.591764
0.570731
0.651108
0.820726
0.22624
1.03391
0.554598
0.821986
1.15261
0.638669
0.826208
0.415488
0.783675
0.709981
0.407014
0.464638
0.77193
0.36673
0.591368
0.647492
0.981888
0.906776
0.277404
0.561031
0.72247
0.593268
0.734659
0.662508
1.25535
1.39416
0.396286
0.922526
0.751262
0.322538
0.513047
0.0567222
0.457014
0.822353
0.449717
0.695872
0.763805
0.679779
0.71428
0.626547
1.07009
0.664689
0.8946
0.82563
0.357564
0.706583
0.904389
0.227823
0.869329
0.480518
0.707459
0.625173
0.825421
0.548394
0.71752
0.853075
0.494265
0.78634
0.544176
0.690058
0.246874
0.69912
1.00349
0.668747
0.359459
0.415381
0.213828
0.89089
0.652207
0.608958
0.543452
0.700335
0.363097
0.796004
0.557786
0.390705
0.501286
0.89826
0.590438
0.643929
0.725986
0.60799
0.608733
0.596694
0.622903
0.54526
0.528805
0.578748
0.721426
0.772841
0.434885
0.65403
0.418078
0.659842
0.307122
0.741734
1.00842
0.659125
0.557852
0.569244
0.823511
1.25757
0.44679
0.844587
0.947576
1.17531
0.404899
0.786099
1.16652
0.9554
0.414101
0.676082
0.834896
0.894642
0.429917
0.295493
0.502232
0.977878
0.481262
0.554778
0.651372
0.517431
1.18323
0.716681
0.716855
0.897304
0.989533
0.596661
1.16599
0.664318
0.853759
0.756747
0.511795
0.814179
0.773685
0.580291
0.620044
0.747675
0.776112
0.798029
1.02617
1.41189
0.813514
0.461868
0.48321
0.937412
0.700841
0.665048
0.428838
0.408434
0.805593
0.430205
0.842573
0.860404
0.811333
0.61679
0.993644
0.416804
0.318578
0.758922
0.567403
0.880731
0.697127
0.921651
1.04825
0.525935
0.897481
0.374955
0.702863
0.494243
0.596274
0.760684
0.659211
0.523277
0.989935
0.830267
1.04201
0.47786
1.14593
0.820264
1.40991
0.48639
0.525817
0.519339
0.731842
0.93571
0.680874
0.704832
0.99735
0.650914
0.643832
0.892906
0.699107
0.300897
0.442667
0.710172
0.711397
0.625821
0.713377
0.364298
0.818391
0.407828
0.788268
0.867572
0.73429
0.594296
0.911584
0.778587
0.850797
0.111478
0.969059
0.797669
0.438509
0.702851
0.215484
0.384234
0.491279
0.716602
0.617539
0.896516
1.10468
0.603596
0.162643
0.496627
0.679347
0.623187
0.685058
0.445503
0.138641
0.316515
0.598542
0.684502
0.503025
0.759149
0.478127
0.828788
0.951472
0.868618
0.110579
0.622537
0.909025
0.746285
0.634503
0.48098
0.711599
0.729359
0.440549
0.776443
0.568643
0.40199
0.619885
0.466682
0.598572
0.76876
0.660896
0.625396
0.102387
0.895043
1.04827
0.687573
0.575454
0.443094
0.497381
0.160427
0.318969
0.546485
0.443737
0.496205
1.12755
0.666467
0.617201
0.640321
0.643665
0.357186
0.469996
0.669483
0.695962
0.585433
0.535086
0.476556
0.68142
0.442108
0.698868
0.822721
0.787368
0.486799
0.776864
0.808388
0.298881
0.584552
0.507979
0.451682
0.772337
0.520288
0.567617
0.673147
0.351252
0.5308
0.479375
0.775739
0.757909
0.683673
0.861785
0.62576
0.862168
1.14539
0.665405
0.643352
0.594318
0.852534
0.58985
1.06116
0.115894
0.328104
0.640361
0.923493
0.286941
0.693905
0.228161
0.897695
0.444639
0.543411
0.830244
0.556076
0.442722
0.235937
0.504166
0.358078
0.816371
0.370316
0.965187
0.672412
0.491851
0.703223
0.853209
0.686244
0.605228
0.708197
0.385284
0.47261
1.11915
1.07087
0.419467
0.610182
0.866262
0.628866
0.706541
0.499128
0.842677
0.413452
0.498067
0.965094
1.22173
0.676736
0.265499
0.759892
0.757235
0.955714
0.681032
0.730032
0.47858
0.551008
1.27724
0.638856
0.587554
0.372883
0.409469
0.794094
0.519974
0.610148
0.368061
0.553109
0.512308
1.02706
0.149274
0.989631
0.80426
0.754476
0.436729
0.589209
0.636231
0.199719
0.773873
0.696298
0.580989
0.262479
0.999523
0.666606
0.926557
0.618518
0.674566
0.475869
0.754645
0.909784
0.612277
1.1411
0.935088
0.725473
0.67574
0.746006
0.714195
0.916485
0.712805
0.514256
0.730521
0.0564796
0.702105
0.552792
0.697011
0.499158
0.771246
0.722758
0.399974
0.777984
0.780038
0.986594
0.632128
0.502733
0.720074
0.838328
0.772019
0.882582
0.415416
0.705448
0.663099
0.786155
0.666195
1.23674
0.286889
1.02436
0.506509
0.541327
0.377247
0.660991
0.818056
0.746426
0.861959
0.806944
0.663132
0.472019
0.372628
0.633884
0.205308
0.3574
0.19774
0.870572
1.07651
0.689155
0.969409
0.658046
0.0854087
0.694225
0.554619
0.684706
0.728602
0.57521
0.786607
0.359777
0.528498
0.816384
0.238944
0.286159
0.622718
0.41383
0.485846
0.742968
0.669397
0.50172
0.546521
0.368546
0.38504
0.312285
0.389316
1.01441
0.575204
0.729332
0.748382
0.731774
0.416997
0.741062
0.615059
0.611783
0.972576
0.684973
0.86981
0.735437
0.82839
0.204925
0.648827
1.0196
0.906721
0.278453
0.849927
0.665633
0.490323
1.16657
0.548782
0.800423
0.598629
0.440401
0.491846
0.839187
0.664095
0.507753
0.744447
0.74583
0.663036
0.688397
0.743974
0.76122
0.474004
0.868903
0.399052
0.161646
0.417245
0.797333
0.553726
0.524136
1.06261
0.937495
0.26532
0.69928
1.04428
0.235567
0.697992
0.460608
0.805518
0.199282
0.499645
0.549584
1.02145
0.532869
0.915959
0.449284
0.784765
0.998857
0.528891
0.420001
0.353489
0.490077
0.673575
0.618037
0.694546
0.45532
0.17039
0.730591
0.481182
0.650433
0.637668
0.692061
0.602841
0.414983
0.519
0.854645
0.80075
0.124991
1.16244
0.56652
0.928744
0.201571
0.461984
0.455348
0.573205
0.41288
0.319793
0.616657
0.726096
0.634519
0.300093
0.278202
0.886899
0.63214
0.320054
0.361487
0.618306
0.223211
0.802174
0.588886
0.501595
0.499051
0.758234
0.658958
0.688413
0.674435
0.827251
0.789299
0.635806
0.574937
0.282658
0.813817
0.359723
0.209486
0.246476
0.570989
0.654271
0.404026
0.461073
0.515018
0.628052
0.496968
0.63619
0.616745
0.597763
0.814773
0.654352
0.55813
0.36249
0.817395
1.01978
0.446982
0.916853
0.385632
0.649477
0.861794
0.562634
0.569068
0.318582
1.39166
0.993184
1.01196
0.342129
0.874857
0.241661
0.385744
0.462212
0.551439
0.621263
0.333538
0.817264
0.924146
0.782988
0.550274
0.260681
0.479711
0.664415
0.870306
0.47584
0.805419
1.04759
0.423852
0.654975
0.816325
0.560794
0.279297
0.88633
1.07621
0.66949
0.810573
0.710438
0.941791
1.09851
0.691434
0.457567
0.353837
0.933664
0.621577
0.55726
0.577566
0.581755
0.664073
0.299818
0.557181
0.71155
0.754337
0.550416
0.502045
0.627919
0.736417
0.794176
0.367598
0.705072
0.405034
0.958529
0.606451
0.792743
0.701324
0.673359
0.432307
0.5303
0.506065
0.773309
0.39798
0.702767
1.03597
0.567151
0.373128
0.66296
0.649948
0.69023
0.330523
0.629419
0.727506
0.446515
0.615559
0.55367
0.528247
0.709663
0.497016
0.597991
0.417979
0.697824
0.584945
0.72879
0.725029
0.926314
0.687867
0.851332
0.854445
0.0924206
0.337846
0.59114
0.636198
0.638841
0.586633
0.684085
0.412288
0.544216
0.541166
1.44971
0.738904
0.606701
1.0104
0.203691
0.950229
0.61728
0.543477
0.827726
0.496992
0.565432
0.981747
0.719576
0.747404
0.403728
0.579928
0.591766
0.455332
0.614998
0.65471
1.06001
0.764475
0.538634
0.534937
0.27485
1.06405
0.474469
0.968004
0.5246
0.339534
0.764734
0.599875
0.769533
0.644629
0.868988
1.05112
0.548929
0.787897
0.515962
0.522604
0.691668
0.306366
0.600819
0.510894
0.22127
0.781917
0.64079
0.253997
0.668122
0.630132
0.503393
0.903133
1.1515
0.61144
0.385203
1.00139
0.940508
0.685851
0.868309
0.550472
0.556953
0.308158
0.653559
0.604672
0.427772
0.388694
0.774052
0.790941
0.490215
0.529392
0.744114
0.748999
0.729235
0.686371
0.887701
0.886757
0.446947
0.601435
0.930565
0.659383
0.492957
0.813113
0.776692
0.646684
0.642335
0.641536
0.0488269
0.289208
0.484466
0.493339
1.07549
0.457596
0.651977
0.766627
0.746365
0.679967
0.301996
0.774523
0.631877
0.752284
0.356438
0.50854
0.47642
0.29871
1.03541
0.798285
0.88585
0.578222
0.954158
0.669016
0.416564
0.745221
0.671148
0.70812
0.941278
0.725166
0.916018
0.416754
0.614311
0.795247
0.46838
0.343361
0.207515
0.327477
0.895422
0.483412
0.221429
0.62516
0.345248
0.607406
1.06897
0.572749
0.512993
0.798989
0.918402
0.597441
0.586465
0.563882
0.568297
0.679528
0.740272
0.732842
0.586532
0.958198
0.614081
0.840472
0.780163
0.508905
0.870215
0.691598
0.539184
0.866489
0.73834
1.05689
0.569482
0.372088
0.767534
0.83531
0.68752
0.544795
0.554934
0.441165
0.658054
0.415705
0.559083
0.620796
0.604901
0.596648
0.806131
0.67979
0.572311
0.896305
0.52173
0.77891
0.323627
0.179142
0.955442
0.605852
0.673186
0.465283
0.926935
0.470111
0.871552
0.820016
0.721514
0.71
0.453038
0.630951
0.582961
0.744093
0.894382
0.410115
1.14365
0.547113
0.663119
0.635302
0.405617
0.624334
0.322889
0.456676
0.692944
0.859678
0.430826
0.280038
0.669341
0.591917
0.285021
0.690794
0.533616
0.637193
0.519036
0.956784
0.581451
0.568982
0.968359
0.561484
0.485216
0.679881
0.80176
0.702591
0.785783
0.550842
0.583182
0.560209
1.00134
0.503533
0.770476
0.346977
0.666852
0.646932
0.763523
0.51086
0.626434
0.699626
1.05678
0.696982
0.522994
0.416435
0.677964
0.869446
0.548604
0.893355
0.891904
0.583845
0.618063
0.868163
0.3859
0.680697
1.16919
0.653313
0.474689
0.805509
1.41024
0.540824
0.923147
0.777463
0.913046
1.19157
0.124674
0.549939
0.570133
0.744688
0.593825
0.606627
0.611813
0.463051
0.90722
0.28493
0.868813
0.559222
0.471738
0.87562
0.395396
0.604118
1.10935
0.427857
0.733618
0.968574
0.962706
0.508351
1.08097
0.97939
0.507392
0.292405
0.448195
0.87342
0.662083
0.722163
0.931794
