0.776772
0.956011
1.05861
1.01051
0.838675
1.13824
0.793677
0.95598
0.807833
0.825758
0.768395
0.959034
0.814715
0.844419
1.27606
0.898318
0.928421
0.807065
0.881293
0.901509
0.686747
0.556667
0.755696
0.963654
0.94748
0.557245
0.914213
0.850109
1.12538
0.760972
0.789238
1.03036
0.94425
0.87973
0.817795
1.09045
0.834194
0.80727
0.980503
0.770625
1.14803
0.919785
1.12351
1.0346
1.15619
0.950562
0.881092
0.827277
1.04567
0.752879
0.994084
0.930849
0.680985
0.604861
1.03083
1.04864
0.938166
0.707887
0.863633
0.937264
1.22596
1.20819
0.682655
0.870926
0.943809
1.00116
1.11082
0.930465
0.958732
0.995328
0.75077
1.15598
0.86468
0.829406
0.966444
0.953867
0.765715
0.687889
0.864223
1.12712
0.821962
1.07391
1.08095
0.892994
0.651883
1.14285
1.38246
0.911463
1.12999
0.965849
0.851196
0.994821
1.0994
0.896484
0.862906
0.985001
0.963438
1.05061
0.877492
0.948633
0.983982
1.48417
0.821525
0.872451
0.882698
1.07654
0.92157
1.06694
0.726451
1.05635
1.11166
0.961324
0.946354
1.88568
0.748493
0.718917
1.10311
0.86649
0.978085
1.09406
0.963858
0.787454
1.49239
0.873556
0.879596
0.591313
0.954758
1.02831
0.647005
1.10606
1.31831
0.654733
0.923272
1.19225
0.864668
0.987939
0.868025
0.909312
0.910973
1.05154
1.01999
1.16079
0.93785
0.462703
1.00326
0.879665
1.05169
1.05953
0.85908
0.883403
0.934517
0.95011
0.7914
1.02904
0.984145
1.10342
0.802914
1.02252
0.929702
1.19166
0.793145
0.845439
1.04113
0.89455
0.836969
1.00267
1.03224
1.24168
0.844038
0.809196
0.979883
0.818359
1.05002
0.935786
1.05377
0.913146
0.814952
0.914507
0.86268
0.939177
0.871958
1.01598
0.937982
1.0984
1.11475
1.21781
0.923391
0.887354
0.869821
0.868144
0.700837
0.962953
0.901896
1.14241
1.1153
0.666186
0.889067
0.918808
1.07
1.03647
0.980736
1.03886
1.06643
1.02108
0.942574
0.669806
0.973513
1.01024
0.816088
0.537517
0.976503
0.82481
0.93495
0.800563
0.767234
0.912707
1.14209
0.509091
1.15603
1.02637
1.14436
0.728481
0.918997
0.916662
0.881838
0.914603
0.953667
1.09852
0.654082
0.841967
0.958526
1.00481
0.829869
0.814148
0.714045
0.83438
0.726958
1.10973
0.829991
0.887307
0.981372
0.961057
0.873076
0.950758
0.839229
1.12804
1.12522
0.96389
0.873536
0.73743
1.00794
0.833642
1.13909
1.02904
0.776011
1.01062
