1.04711
1.15403
0.943948
0.643164
1.31849
0.994106
1.0316
0.949138
0.8979
0.794937
0.985895
0.902151
1.35009
0.812239
0.903337
1.04865
0.936265
1.67657
1.02731
0.555269
0.796759
1.08798
1.03742
1.12389
0.974878
1.13134
1.10205
0.944207
1.07765
1.14996
1.0065
1.0642
0.925637
1.0743
0.877154
1.12635
0.995167
1.22173
1.29386
0.861155
1.28833
1.06384
0.830528
1.07977
0.874061
1.05237
0.728687
1.09066
1.24496
0.741787
1.38624
1.12183
0.87397
0.928514
1.21399
0.724049
0.796334
1.20355
0.941818
0.733743
0.693153
1.08267
0.682449
1.03373
1.19371
1.01508
0.979885
1.2349
1.22114
0.996006
0.855707
1.05614
0.912549
0.956447
0.717015
1.40222
1.11802
1.02505
0.911784
1.14023
0.960994
0.811654
1.3227
1.13773
1.90055
1.0365
0.563781
1.36241
1.23063
0.836084
1.03623
0.936379
1.08619
1.03363
0.960335
1.04079
0.932798
0.660897
1.05959
1.07256
1.03722
1.41788
0.779125
1.29496
1.00746
1.04417
1.12885
0.828327
1.22529
1.06818
1.13546
1.1789
1.21534
0.948147
1.25671
0.891038
1.12675
0.917393
0.63174
1.29264
1.1949
1.08575
0.968227
0.896905
0.806073
0.944863
0.64288
0.939795
0.947252
1.21989
1.10054
0.87591
1.11177
0.879581
0.919263
0.592721
0.983614
0.884237
0.942536
1.15492
0.822631
0.747648
0.633633
1.31784
0.744069
1.29544
0.823003
1.0081
1.16288
1.00758
1.05161
0.880579
1.05121
0.828263
1.22886
0.960113
1.11549
0.969911
1.24061
1.14617
0.994092
0.788854
0.847457
0.79688
1.07546
0.85272
0.81846
1.11254
0.986393
1.09589
0.828143
0.8172
1.15632
1.14968
1.03818
1.02328
1.26967
1.06901
1.07201
0.70317
0.789239
0.875634
1.20284
0.89757
0.987218
0.991128
0.971984
1.37384
0.966216
0.908908
0.799978
1.0165
1.1744
1.09487
1.07221
0.888278
0.969305
0.788185
0.757378
0.735789
0.817085
1.17136
0.977164
0.945557
1.09379
1.19481
0.555511
0.834849
0.893506
1.27499
1.12735
1.17624
1.15375
0.857258
1.13357
1.07746
1.18682
1.13529
0.948882
0.874362
0.571782
0.661677
1.01237
0.823533
1.12746
1.19796
1.01853
0.945034
0.645518
1.48067
1.0277
0.875681
0.811463
0.873852
0.99792
1.14266
1.11277
0.558793
0.680764
0.696935
0.998625
0.94333
0.584088
0.877984
0.88326
0.983801
1.09181
0.754504
0.882865
0.844981
1.06853
0.900493
1.05497
0.998822
1.29479
1.21114
