-0.624875
-0.598568
-0.391791
0.0381353
-1.25099
-0.823736
-0.695053
-0.248206
-0.35499
-0.292954
-0.320792
-0.712694
-1.17461
-0.0151104
-0.401704
-0.495239
-0.476032
-1.12433
-0.689428
0.585029
-0.0699326
-0.702488
-0.244627
-0.546603
-0.30473
-1.2735
-0.36126
-0.27087
-0.889147
-0.648739
-0.671012
-0.84986
-0.172884
-0.522259
-0.574057
-0.579389
-0.590458
-0.90347
-1.54465
-0.302904
-0.876651
-0.49862
-0.0258457
-1.00263
-0.479005
-0.710885
-0.19034
-0.771108
-0.572626
-0.0779807
-0.684571
-0.878869
-0.465477
-0.537216
-0.928632
-0.183239
-0.268196
-0.86047
-0.365873
-0.0291397
-0.229248
-0.495425
0.0500745
-0.6526
-0.90687
-1.21224
-0.489399
-1.25045
-0.917037
-0.626053
-0.56341
-0.815813
-0.540639
-0.382671
0.480838
-1.31905
-0.809164
-0.750523
-0.482535
-0.565262
-0.444993
-0.258782
-1.09702
-0.798584
-1.65489
-0.725378
0.444942
-1.17928
-0.983827
-0.313596
-0.409312
0.0210404
-0.73491
-0.523425
-0.407
-0.592736
-0.710629
0.393969
-0.704616
-0.766328
-0.30686
-1.17953
-0.058358
-1.08922
-0.820477
-0.318314
-0.56856
-0.15232
-0.676469
-0.830788
-0.754523
-0.675558
-0.893854
-0.495797
-0.744891
-0.514317
-0.840139
-0.0521456
0.0810668
-0.983195
-1.02462
-0.746292
-0.829213
-0.312865
-0.286791
-0.398762
0.0387378
-0.225023
-0.392802
-0.73215
-0.950631
-0.158311
-0.843132
-0.0872716
-0.411516
0.348412
-0.357034
-0.151706
-0.498303
-0.857615
0.320657
-0.105132
0.349951
-1.25659
0.0274481
-1.01519
-0.440554
-0.743482
-1.0063
-0.802386
-0.337541
-0.871951
-0.435468
-0.201724
-1.09759
-0.398101
-0.837535
-0.447256
-0.911696
-0.70879
-0.551585
-0.192951
0.032922
0.357459
-0.953226
0.279791
-0.385524
-0.798624
-0.626815
-0.91425
-0.504656
-0.0970364
-0.722429
-0.759365
-0.674874
-0.470056
-1.26015
-0.983166
-0.446756
0.337097
-0.31407
-0.4646
-0.817046
-0.462281
-0.624168
-0.803899
-0.429789
-1.12397
-0.369299
-0.241625
-0.198872
-0.445245
-0.865298
-0.621333
-1.16647
-0.423575
-0.461852
-0.0371218
-0.136029
-0.00991113
-0.304964
-1.08617
-0.709432
-0.331881
-0.708939
-0.693101
0.280321
-0.285296
-0.348316
-1.00631
-0.67394
-0.918767
-1.12552
-0.19076
-0.87149
-0.994263
-1.44558
-0.677659
-0.273997
-0.225043
0.635088
0.153083
-0.296207
-0.570583
-0.755269
-0.667756
-0.38735
-0.518467
0.126088
-1.20688
-0.590411
-0.319902
-0.16049
-0.171404
-0.446087
-0.608824
-0.462918
0.422181
0.134933
0.0760275
-0.598141
-0.291659
0.704489
-0.635638
-0.418434
-0.350852
-0.849628
0.00918923
-0.263861
-0.214676
-0.42948
-0.503873
-0.502087
-0.408595
-1.26346
-1.01862
