0.99949
0.534692
0.918212
0.705947
0.926513
0.191167
0.0731747
0.638542
0.49524
0.854904
0.56222
1.24856
0.763542
0.647039
0.479413
0.787882
0.722322
0.309255
0.619651
0.598398
0.989094
0.865218
0.810987
0.824335
0.0453549
0.703094
0.607798
0.582256
0.66041
1.32097
0.638711
0.750394
0.705746
0.761861
0.850004
0.155698
0.697221
0.651783
1.02322
0.610759
0.766687
0.701985
1.00963
0.175291
0.549939
0.623282
0.620469
0.661167
0.235341
1.21615
1.10346
0.475233
0.856398
0.719438
0.803973
0.908101
0.811755
0.865425
0.961215
0.571448
0.851745
0.426184
0.871928
0.809052
0.265741
0.886063
0.426726
0.760105
0.658612
0.954239
0.564666
0.699478
0.77224
0.865538
0.54467
0.685191
0.690025
0.350751
1.14575
0.399505
0.762676
0.541027
0.583711
0.0657978
0.967924
1.07857
0.634193
0.664153
0.658753
0.689939
0.749844
0.723449
1.10003
0.496883
0.752605
0.700469
0.722762
0.940568
0.245117
0.522916
0.758434
0.644082
0.880779
0.752154
0.724617
0.794815
0.924398
0.45236
0.99718
0.821108
1.0063
0.163586
0.86694
0.887025
0.662027
0.567841
1.00544
0.602647
1.02582
1.12537
0.956774
0.849249
0.589866
0.874927
0.834689
0.885336
0.957137
0.857126
0.64838
0.74741
0.778487
0.471875
0.949737
0.654112
0.848692
0.0980523
0.555302
0.690834
0.508966
0.767707
0.933246
0.563248
0.778284
1.21643
1.35569
1.01221
0.706999
1.19128
0.84235
0.634507
0.872892
0.84371
0.754145
1.24186
0.570042
0.837672
0.754757
0.846836
1.50054
0.349638
0.683968
1.32219
0.963192
0.441423
1.20675
0.600627
0.575771
0.96504
0.751781
0.956726
0.529703
0.879773
0.736078
0.982906
0.589595
0.427301
1.00926
0.31304
0.967693
1.21452
0.732794
1.21693
0.649579
0.704242
0.102948
0.549204
0.197084
0.776486
1.2024
0.590741
0.531177
0.58512
0.687959
0.797618
0.497391
1.32746
0.871708
0.843956
0.374562
1.09473
0.582134
0.597911
0.775799
0.993129
1.00651
0.840466
0.885832
0.826955
0.756834
0.859424
0.701515
0.661995
0.397492
0.964222
0.732017
0.733797
0.631765
0.641253
0.732248
1.06852
0.432722
0.938485
0.602806
0.824294
0.634703
0.907337
0.199386
0.997543
0.583367
0.836818
0.757629
0.435433
0.104916
0.96733
1.01915
0.727282
0.830939
0.892608
0.686799
0.403843
0.611378
0.939355
1.21711
1.02495
0.576499
0.0468198
0.470008
0.742136
0.842669
0.503266
0.730453
0.476873
0.575991
1.16464
0.883065
0.0922066
0.667393
0.968147
1.14973
0.0879861
0.990828
0.924579
0.524282
0.207407
0.603987
0.429877
0.628688
0.846603
1.2394
0.68975
1.0156
0.834226
0.758219
0.0124633
1.05224
0.805683
0.781584
0.800473
0.513265
0.472157
-0.000228143
0.5663
1.24265
0.489849
0.880913
1.11373
0.994064
0.804317
0.657506
1.10878
0.745854
0.920158
0.805702
0.761262
0.528581
0.805561
0.540223
1.07162
0.659261
1.35087
1.27825
0.816926
0.512221
0.862354
0.81936
0.436814
0.789667
0.517037
0.900837
0.490183
0.738256
0.305117
1.128
0.972836
0.47342
0.773021
0.931503
0.856559
0.772068
0.838991
0.469061
0.693239
0.94813
0.637478
1.04914
0.610739
0.982373
0.579173
1.02563
0.0597922
0.076803
0.671854
1.31919
0.445145
1.27414
0.229769
0.83504
0.293171
0.681762
1.0589
0.611609
0.581489
0.610283
0.652201
0.64242
0.793233
0.725005
0.508393
0.247985
0.497805
0.836471
0.821506
1.05164
0.952077
0.668819
0.728922
0.644111
0.894157
0.506666
0.543263
0.502911
1.00969
0.45553
0.799545
0.633065
0.3645
0.336322
0.750983
0.756727
0.869824
1.15725
0.542971
0.825688
1.12298
0.846707
0.672043
0.64453
0.561919
0.901754
0.41366
1.31908
0.849347
0.599185
0.508357
0.837342
0.622278
0.692531
1.14462
0.658957
0.292171
0.760614
0.0943176
0.996888
0.957876
0.348315
0.758895
0.84762
1.24899
0.23614
0.577002
0.833656
0.704143
0.546429
0.905985
1.01198
0.727333
0.392788
0.9732
1.15817
0.787064
0.834994
0.648828
0.778651
1.21584
0.563138
0.794198
0.496112
0.755281
0.762724
1.20045
0.771955
0.487366
0.000733842
0.975247
0.367212
1.06742
1.04465
1.09793
1.25683
0.530201
1.05379
0.699297
0.764209
0.622925
0.605353
0.980525
0.832732
1.03424
0.648518
0.478408
0.708627
0.791085
0.777509
0.636103
1.03737
0.760935
0.855584
0.387314
0.818105
0.461069
0.513976
0.763265
0.515274
0.615597
0.977178
0.879989
0.611168
0.520058
0.459914
0.227743
0.314768
0.174771
0.619615
0.602445
0.74999
0.884973
0.714021
0.0356847
0.543323
0.819879
0.912395
0.738577
0.682006
0.844742
0.247209
0.6307
0.878655
0.692357
0.387445
0.813204
0.424635
0.871386
0.753323
0.736475
0.730873
0.84002
1.21187
0.493972
0.119338
0.671746
0.901731
0.503147
0.082144
0.936697
0.716167
0.776577
0.339078
0.551623
1.02251
1.20218
0.801954
0.555048
0.646565
0.806347
0.399534
0.494263
0.699977
0.647906
0.354097
0.60699
1.2537
0.592498
0.622033
0.589953
0.886049
0.774436
0.532661
0.883046
0.91064
1.0982
0.808587
1.01605
1.01776
0.826398
0.776764
0.64092
0.704998
0.818024
0.75697
0.636472
0.0680935
0.484714
0.523049
0.126134
0.65783
0.712357
0.870462
0.0683592
0.712002
1.03576
0.0589559
0.960124
0.571239
1.00108
0.177978
0.73995
0.784433
0.833721
0.650531
0.548589
0.730316
0.87246
0.759535
0.465176
0.460149
0.29575
0.674147
0.91567
0.827792
0.812916
1.27362
0.323726
1.20949
0.371617
0.305791
0.978522
0.804852
0.862229
0.517535
1.31459
1.06142
0.949612
0.175132
0.576979
0.628425
1.35074
0.702174
0.739041
0.558322
0.0484332
0.517581
0.0367677
0.795958
1.02586
0.952839
0.621672
0.467063
0.965952
0.623039
1.03157
0.333225
1.05712
0.302831
1.11393
0.970239
1.28629
0.951753
0.722785
0.561145
0.64002
0.857308
0.645206
0.942527
1.01151
0.611251
0.184439
1.21755
0.758969
0.364606
0.475881
0.616581
1.07395
0.533826
0.0253101
0.640846
0.823122
0.892104
0.597804
0.722652
0.968927
0.993158
0.994879
0.736821
0.895359
0.73154
1.03813
0.684233
0.771795
0.778217
1.24765
0.976572
0.685858
0.749483
0.463067
0.641346
1.04026
0.7544
0.512509
0.803317
0.35979
0.704691
0.601461
0.73603
0.741035
0.72381
0.808359
0.987438
1.02867
0.707418
0.316599
0.660034
0.44358
0.728982
0.536889
0.784457
1.159
1.03839
0.745007
0.71083
0.485303
0.573504
0.657459
0.993747
0.671162
0.731712
0.843147
0.637415
0.715138
0.108808
0.40178
0.375928
0.681958
0.868471
0.752235
0.515834
0.709799
1.04648
0.659732
0.750077
0.803759
0.94556
0.604425
0.423085
0.616496
0.658273
0.567927
0.304091
0.927048
0.209883
0.835117
0.694618
0.879272
0.807054
1.14659
0.243917
0.767822
0.674538
0.883686
0.510697
0.930439
0.392289
0.741257
0.935247
0.673336
0.837253
0.64324
0.416062
0.622201
0.578473
1.02904
0.722737
0.543051
0.738878
0.920698
0.75505
0.806965
0.995254
0.73996
0.650255
0.582714
1.11289
0.760984
0.755462
0.735455
0.869414
0.144835
0.197034
0.600144
0.527139
0.731426
0.740765
1.03452
0.513156
0.390824
0.280295
1.05063
1.33981
1.08967
0.66444
0.130597
1.08999
1.07784
0.375033
0.909387
0.615261
0.68643
0.927486
0.888442
0.935709
0.624815
0.730848
0.826623
0.720458
0.627428
0.943614
0.789045
0.788984
0.714485
0.148729
0.129671
0.897251
0.721341
0.598593
0.660289
0.497533
0.694784
0.986606
0.794317
0.581045
0.981528
0.544746
1.05273
0.663411
0.662472
0.431457
0.587523
0.38792
0.783324
0.75576
0.235477
0.804165
0.707989
0.498076
0.854663
0.761768
1.22909
1.03481
0.966324
0.85346
0.761075
1.09127
0.910881
0.714544
0.796741
0.611878
0.604656
0.0795572
0.468274
0.702554
1.13202
0.464835
0.608479
0.583148
0.438391
0.513423
1.13834
1.03069
0.906776
0.348516
0.802683
0.795667
0.721913
0.663759
0.689022
0.783716
1.27946
0.834551
0.836699
0.918703
0.773345
0.790164
0.0914515
0.702357
0.605665
0.808457
0.773826
0.441772
0.702943
0.583574
0.774908
0.791249
0.283021
0.694266
0.652984
0.754571
0.564139
0.5011
0.895468
0.660943
0.688645
0.681356
0.834124
0.545825
1.12712
1.44766
0.69655
1.05944
0.931378
0.961249
0.802714
0.902113
0.840546
0.735234
0.124829
1.09334
0.462843
0.73719
0.366064
0.345463
0.753897
0.679492
0.229733
0.429482
0.477103
0.692216
0.924702
-0.00130228
0.356657
0.798548
0.79687
0.710485
1.28105
1.04825
0.67892
0.55889
0.79914
0.951572
1.01079
0.889023
0.759647
0.9156
0.60594
0.590196
0.586168
0.63861
0.616218
1.44898
0.796972
0.643289
0.771283
0.492427
0.484091
0.780175
0.954934
0.742968
0.472803
0.403281
0.874441
0.749094
0.743038
1.03799
0.530645
0.655109
0.724129
0.879513
0.989301
0.915619
0.606007
1.05241
0.276983
0.770018
0.739481
0.573783
0.294211
0.565653
0.73829
1.18994
0.606004
0.812008
0.977064
0.902072
0.937316
0.918371
0.674561
0.617842
0.802455
0.439173
0.606971
1.44849
1.05518
0.800889
0.30156
0.827462
0.509113
0.433012
0.993011
0.838841
0.756346
0.150706
0.669166
1.01023
0.145803
1.1112
0.693986
0.744926
0.75126
0.68105
0.956834
0.64868
0.222688
0.944703
0.527125
1.08167
0.780316
0.708827
0.686316
0.57856
0.78713
0.581578
1.0302
0.817431
0.520654
0.606476
0.628291
0.707419
1.29591
0.711616
0.680471
0.602265
0.199335
0.916724
0.673533
0.806744
0.71012
0.903443
0.788968
0.752961
1.05117
0.567153
0.816098
0.801546
0.952587
1.04435
0.689086
0.943365
0.796179
0.49591
0.756429
0.696718
0.853046
0.703661
0.850723
0.698342
0.0118228
0.661357
0.844628
0.666265
0.48191
1.08413
0.492938
0.863749
0.611296
0.476857
0.740417
1.22399
0.996836
0.455133
0.622103
0.587841
0.952609
0.427015
0.753561
0.807623
0.495068
0.577335
1.04657
0.989657
0.290877
0.47644
0.867723
0.63394
0.958332
1.02471
0.762939
