1.18474
1.22157
0.998895
0.915243
1.10483
0.909743
0.995648
0.794001
0.913829
1.03778
0.946026
1.02137
0.910155
1.00241
0.816631
0.686119
0.940344
1.06014
0.682924
0.91015
0.993445
1.01426
1.14853
1.04868
1.17013
0.425436
1.12619
1.19086
0.939644
1.06797
0.956067
0.91402
1.26452
1.10459
0.74567
0.901966
0.920774
1.03869
0.933204
0.945659
0.462138
1.15087
0.942754
1.32054
1.01821
1.09324
1.05955
1.07386
0.950668
1.1202
1.23278
1.08263
1.03783
0.779931
0.620064
0.960247
0.95766
1.05955
1.07319
1.05776
0.815268
0.975442
1.06022
0.788717
1.09546
0.981193
1.00886
0.957849
0.924884
0.601432
0.878505
1.22164
0.632815
1.03217
1.0577
0.484323
0.769233
0.714226
0.526266
1.07842
1.01055
1.13701
0.917167
1.11304
1.04029
0.85435
0.929855
0.905361
1.02956
1.04528
1.06864
1.0161
0.863946
0.963416
0.941292
0.557617
0.488377
0.925628
0.906342
1.01828
0.942487
1.07721
1.15059
0.956823
1.06168
1.08894
0.794665
0.840272
0.940208
1.02736
0.967833
0.814578
1.01347
1.05293
0.794292
0.998644
1.02324
1.06698
0.964339
0.936493
1.0193
1.17002
1.10376
0.780254
0.703288
0.920395
1.36108
0.878222
1.06439
0.760987
0.92317
1.06377
1.03891
1.0052
1.10734
1.17903
0.942421
1.00347
0.843968
0.986566
0.892663
1.06772
0.940939
1.05143
1.54668
0.855249
0.993528
0.814389
0.988372
1.08697
1.09558
0.863247
0.894725
0.871748
0.906591
1.07296
0.870592
1.04599
0.960242
0.91084
1.0078
0.471456
0.486697
0.840809
0.732082
1.03993
0.996221
0.724531
0.924327
1.19476
1.12953
0.830178
1.52153
0.777861
0.923092
1.08307
1.00463
1.12112
1.06052
1.14665
0.884616
1.118
0.924252
1.3547
0.885759
0.823854
0.76791
1.11159
0.929522
0.925683
0.993553
0.984039
0.81356
0.69257
1.05105
0.54656
1.00186
0.943502
0.970879
0.999341
1.10232
0.933862
0.635961
0.984482
1.27592
0.878293
0.883442
0.947116
1.10061
1.09284
0.975589
1.03807
0.96339
1.12647
1.15527
1.06203
1.07347
1.07252
0.872507
1.14175
0.881463
1.108
1.0279
1.02587
1.00166
1.26259
1.00058
0.810992
0.987466
0.858166
0.868407
1.00329
0.912055
1.18878
0.747895
0.897925
1.05433
0.939763
0.91436
1.05517
1.30908
0.564763
0.978995
1.06516
0.631646
0.749982
0.845159
0.933504
1.08914
1.07672
1.04506
0.993917
1.08261
1.07855
1.03
1.17678
