1.13984
0.812283
0.83327
1.48409
1.61486
1.17595
0.932872
0.805028
0.875322
1.15949
1.00837
0.877578
0.759334
0.902839
0.880307
1.00101
0.997438
1.11563
1.30766
0.98742
0.959675
1.16738
0.83712
0.88808
0.991683
1.02754
1.04669
1.28815
0.728545
0.982929
0.846961
1.05584
1.20113
1.066
0.921647
0.850962
0.948392
0.818751
0.786202
0.76821
1.23408
1.33984
1.00906
1.04649
1.07944
1.29329
1.2987
1.22316
1.06402
1.15868
1.44441
0.860789
1.49704
1.0504
1.01327
0.801157
0.887262
0.981483
0.659391
0.968683
1.09673
0.944521
0.866766
1.11144
1.01964
0.98046
0.875912
0.897974
1.0901
0.979434
0.893055
2.94222
1.06809
1.01936
0.79479
1.52879
0.823431
0.752373
0.971999
1.62505
1.23542
0.805658
0.88567
0.855493
0.961278
1.56119
0.880644
0.789804
0.763934
1.00859
0.717314
1.10176
1.08217
0.761133
0.699114
1.08129
0.995444
0.649812
0.765904
0.890687
0.760833
1.13327
1.15839
1.01091
0.906956
1.2522
0.815276
0.784206
0.918636
0.819944
1.46897
0.855918
0.97076
1.53272
0.998733
0.757773
1.09762
1.3136
1.12924
0.735819
0.658341
1.10958
1.17741
1.13276
0.958464
1.19628
1.02187
1.09938
0.802063
1.04195
1.12054
1.1802
0.987369
1.0506
1.25973
1.1567
1.07635
1.05327
0.994207
1.0079
1.0878
1.12303
1.15945
0.857342
0.908387
0.935714
1.07573
0.980661
1.15661
0.851137
0.866214
1.37856
1.04146
0.940123
0.72396
1.20312
1.03187
1.50458
0.796783
0.88346
0.904961
1.24328
0.785311
1.00684
0.946456
0.754873
1.04847
0.919052
1.006
1.08363
0.789518
1.05617
1.33166
1.03469
0.89136
1.20899
0.769539
0.677625
1.38115
1.12498
0.734275
0.999568
0.899656
1.09954
1.17854
1.01471
1.39944
1.12855
1.10365
1.03879
1.0425
0.923139
1.06832
1.4889
0.959937
1.50272
1.16396
0.874375
0.930355
0.981015
0.902123
1.67809
1.07821
0.873966
0.888325
1.45218
1.09904
0.96246
1.33312
1.21498
0.828919
1.07994
1.13983
0.743943
1.36169
0.950568
0.760096
1.1264
1.02244
1.09122
1.09975
1.06655
1.26899
1.05109
1.11266
0.981385
1.64437
1.41441
0.806855
0.873823
0.958246
0.90989
1.61092
0.79446
1.30602
1.5931
2.01556
2.1721
0.753761
1.58508
1.17174
1.02823
0.78472
0.877924
1.10314
0.650143
1.18722
0.991751
0.966571
0.805986
0.961008
1.0264
0.926388
0.875645
0.696174
1.41094
