-0.983537
-0.5223
-0.961781
-0.731518
-1.01276
-1.20658
-0.869143
-1.02593
-1.03094
-0.936625
-0.91061
-0.81169
-1.07559
-1.00766
-0.809787
-1.3757
-0.968464
-1.15756
-0.579842
-1.12619
-1.35843
-0.61037
-1.29586
0.781132
-0.788958
-1.09095
-0.609428
-0.615336
-1.06511
-1.03005
-0.87803
-1.26614
-0.881242
-1.06408
-1.24743
-0.852413
-1.06805
-0.838914
-1.24425
-0.879457
-0.933843
-0.934961
-1.15712
-1.11023
-1.00007
-1.07343
-0.802399
-1.07153
-1.19235
-0.970752
-0.888062
-0.655736
-1.30188
-1.02252
-1.29211
-1.15246
-1.12369
-0.932117
-1.29053
-0.786648
-1.11584
-0.885436
-1.22361
-1.04988
-0.826854
-1.06052
-0.978131
-1.21303
-1.38743
-1.12169
-0.760031
-0.656738
-0.450915
-0.88203
-1.11655
-0.770342
-1.10363
-1.19864
-1.03014
-1.13698
-0.859662
-1.42436
-1.08011
-0.822519
-0.994296
-0.880234
-1.283
-1.18702
-0.902094
-1.45093
-0.962165
-1.39555
-0.866139
-0.970663
-0.941787
-1.46522
-0.394244
-0.961685
-0.823784
-0.768944
-1.30539
-0.429677
-0.894419
-1.25735
-1.04805
-0.912474
-0.970586
-1.04325
-1.09772
-1.12097
-1.0572
-0.892865
-1.19893
-1.02743
-1.13414
-0.928141
-1.42342
-0.825039
-0.906511
-0.817716
-0.906911
-1.19217
-1.27981
-1.2109
-0.474092
-0.813259
-0.920683
-1.18722
-0.838777
-0.985241
-1.2163
-1.05208
-0.865485
-1.21453
-0.935829
-1.01953
0.0915948
-1.35388
-1.04617
-1.06818
-1.20359
-0.798495
-0.609285
-1.19117
-0.930128
-1.25685
-1.0086
-0.969567
-0.239627
-0.872657
-0.771728
-0.980091
-0.827305
-1.78343
-0.768229
-1.08306
-1.0826
-1.58888
-1.14407
-1.0173
-1.01411
-1.10413
-0.763007
-0.89512
-1.11196
-0.877702
-0.638566
-1.05313
-1.22614
-1.16421
-0.998842
-0.898062
-0.742938
-1.6562
-1.06503
-0.95933
-1.23048
-1.04439
-1.214
-1.04439
-1.02319
-1.06832
-0.951724
-0.671137
-0.630802
-0.468397
-1.01204
-1.10523
-0.895822
-1.28654
-0.748628
-1.00565
-0.959678
-0.898806
-0.717711
-0.929983
-0.979973
-1.07337
-0.855201
0.346702
-0.452174
-0.978588
-0.700576
-1.00625
-0.982321
-1.3816
-1.17493
-0.920699
-1.21735
-0.999546
-1.04689
-1.3061
-1.05172
-1.05391
-1.09731
-1.10994
-1.16607
-1.14258
-0.661585
-1.65961
-0.942181
-0.887519
-0.848201
-1.23893
-1.0636
-1.05054
-0.827606
-1.06522
-1.05211
-1.02052
-0.936986
-1.20154
-1.29618
-0.888169
-1.207
-1.08622
-1.03663
-0.575043
-0.673017
-1.16946
-1.22174
-1.04236
-0.933556
-0.965018
-0.853053
-1.00958
-1.32479
-1.51926
-1.23249
-0.926046
-0.926846
-0.940259
-1.04553
-1.18867
-1.11245
-0.85044
-0.83768
-1.0591
-1.32024
-0.973541
-0.869437
-0.926634
-0.938122
-0.904998
-0.941606
-0.991821
-1.00315
-1.47787
-1.11035
-1.12479
-1.05241
-1.27022
-1.06965
-0.963952
-0.918547
-0.869395
-1.10524
-1.01827
-0.854287
-0.787819
-0.700994
-0.883253
-0.818997
-1.23678
-1.35681
-0.625331
-0.687799
-1.13631
-0.882195
-1.14455
-0.837376
-1.11322
-1.00269
-1.15649
-0.960052
-1.06039
-0.951019
-1.0625
-0.909351
-1.02703
-1.01523
-1.04791
-0.705604
-1.02829
-0.673766
-0.880852
-0.786245
-1.13777
-0.951102
-0.811197
-1.13876
-1.01333
-0.70314
-1.53644
-0.798975
-0.990173
-0.820558
-0.886298
-0.855399
-0.981485
-0.716836
-1.03046
-0.949642
-1.07464
-0.908139
-1.15
-1.13017
-0.845285
-0.915174
-0.893835
-0.67042
-0.905703
-0.831575
-1.20423
-0.900746
-0.911549
-1.01765
-0.885836
-0.937669
-0.708375
-1.22819
-0.695537
-1.34913
-1.06725
-1.11051
-0.838937
-0.985103
-0.86273
-0.64526
-1.15304
-1.33396
-1.16441
-0.721821
-0.841648
-1.24893
-1.31082
-0.855167
-1.07229
-0.76573
-1.03042
-1.12709
-1.0844
-1.21063
-0.93148
-0.802939
-1.30557
-0.884786
-1.11927
-0.843994
-1.12492
-1.12586
-0.951411
-0.895367
-1.0595
-1.38795
-1.0547
-1.12855
-0.970842
-1.08327
-0.862166
-0.974709
-1.04215
-1.1693
-0.847908
-0.608919
-1.22359
-0.997621
-1.26667
-0.8234
-0.909136
-0.335249
-0.656851
-0.946944
-0.837074
-0.865899
-1.04645
-0.663039
-0.829018
-1.09408
-1.00342
-0.928909
-1.03004
-1.24049
-1.07505
-0.975573
-0.920545
-0.981497
-0.874493
-0.838875
-1.28187
-1.10282
-0.923444
-0.794725
-1.01856
-0.845998
-1.23072
-0.991374
-0.763494
-1.19255
-0.817285
-0.902545
-1.09096
-0.798723
-1.26227
-1.51119
-1.05713
-1.16591
-0.970108
-0.953907
-1.18095
-0.653124
-0.824207
-0.751136
-1.30179
-0.929369
-1.00723
-1.40599
-0.87792
-0.91436
-0.771616
-0.849102
-1.29372
-1.15351
-1.05427
-1.18086
-1.233
-0.923525
-0.959966
-0.879109
-1.30561
-1.13573
-0.853403
-1.18571
-0.695417
-1.25144
-0.631006
-1.26956
-1.26573
-1.26589
-1.02717
-1.2835
-0.757316
-0.92131
-1.34227
-1.24554
-1.20354
-1.09502
-1.01331
-1.08842
-0.989089
-0.907265
-0.379842
-1.00125
-1.16719
-1.09548
-0.879121
-0.850277
-0.90173
-1.0633
-0.852674
-0.945327
-1.43522
-0.999525
-1.00105
-0.886537
-0.991216
-0.930057
-0.866713
-0.363676
-1.09816
-0.361083
-0.736969
-1.00294
-0.929227
-1.18393
-0.0735291
-1.23208
-1.12742
-0.989118
-1.15319
-1.3357
-1.05911
-1.03936
-0.910917
-0.90706
-0.918792
-0.603267
-1.31172
-1.13401
-1.29935
-0.882061
-0.710418
-1.00071
-0.972905
-1.02929
-1.10622
-1.39709
-0.876188
-0.913035
-1.03223
-1.08648
-1.42391
-1.29133
-0.870111
-1.22837
-0.967703
-0.965596
-0.908463
-1.19525
-0.784442
-0.874874
-0.79921
-1.0696
-0.977978
-1.09277
-1.09605
-1.21282
-1.10732
-0.749854
-1.18084
-1.7901
-1.07477
-0.929814
-1.1187
-1.51399
-0.884761
-0.688667
-1.43293
-1.11039
-1.13663
-0.934019
-1.23537
-0.891086
-0.941579
-0.68321
-1.15616
-0.667726
-0.773339
-1.02428
-0.86373
-1.21329
-0.909319
-0.765634
-0.881205
-0.853331
-1.24744
-1.22627
-0.706911
-0.762779
-1.11021
-1.26072
-0.965782
-1.18166
-1.02439
-0.838763
-0.667906
-1.02722
-0.909322
-0.888777
-0.853446
-1.15651
-0.956245
-1.42519
-0.985547
-1.05535
-1.08601
-1.03519
-1.02962
-0.579825
-0.760798
-0.605004
-0.697952
-1.20664
-1.21472
-0.970737
-0.861927
-0.908303
-0.947564
-1.23194
-0.76702
-1.01836
-1.1308
-0.966768
-0.92243
-0.857634
-1.15126
-1.17866
-0.658633
-0.958126
-0.682928
-1.08336
-1.01488
-1.04579
-0.762407
-1.03627
-0.916121
-0.950645
-1.29373
-0.920596
-1.20143
-1.03192
-0.736297
-1.08343
-0.94613
-0.927016
-0.971643
-0.824344
-0.857735
-1.14161
-1.05153
-1.00298
-1.09793
-1.13736
-0.893925
-1.13103
-1.26401
-0.68124
-0.975083
-1.03773
-1.03749
-1.09445
-1.34958
-0.883969
0.0536231
-1.06908
-0.823109
-0.617632
-0.876024
-1.22131
-0.978743
-0.692475
-1.29524
-0.77783
-0.915247
-0.855109
-0.771362
-0.587278
-1.34472
-0.921824
-1.05445
-0.953778
-1.0316
-1.07255
-0.912861
-1.06697
-0.731536
-0.814846
-1.14761
-1.25534
-0.824702
-0.892086
-0.987111
-0.712278
-1.00399
-1.11865
-1.03414
-0.784286
-1.03654
-0.856699
-1.16309
-1.37533
-0.895663
-0.984826
-0.81658
-1.01018
-1.1038
-0.995399
-1.00828
-0.588092
-0.880274
-0.815228
-1.04017
-1.16504
-0.980945
-1.08626
-0.870269
-1.01612
-1.11976
-0.828127
-1.10306
-0.728843
-0.942605
-1.0589
-1.30498
-1.11709
-1.12518
-0.960687
-0.675511
-0.809385
-0.992572
-1.0673
-1.04922
-0.912458
-1.06828
-0.96319
-0.853177
-1.14137
-1.14222
-1.11049
-0.690771
-1.02242
-1.0062
-1.10281
-0.831742
-1.08005
-1.05495
-1.14781
-1.03496
-0.936935
-1.0599
-0.911805
-0.62264
-0.641564
-0.859181
-0.898521
-0.887418
-0.879375
-1.0238
-0.655331
-0.967662
-0.733918
-0.904266
-1.11561
-0.660875
-0.839145
-1.27152
-0.995517
-0.758319
-0.644053
-0.982512
-1.07424
-1.18164
-0.566876
-0.928472
-1.02948
-0.914729
-0.17741
-1.16357
-0.70224
-1.08314
-0.869174
-0.975403
-0.569443
-0.660123
-0.545734
-0.926264
-1.03898
-1.18673
-1.0304
-1.00741
-0.924673
-0.952836
-0.959339
-0.73241
-1.15645
-0.780298
-0.849577
-1.2455
-0.801894
-1.00341
-0.931196
-0.901476
-0.903983
-1.07261
-0.658683
-0.899678
-1.15608
-0.426419
-1.05821
-0.840647
-0.898312
-0.952944
-0.658197
-1.2192
-1.34665
-0.863631
0.0942032
-1.19729
-1.08592
-0.923211
-0.883221
-0.785052
-0.916925
-1.14815
-1.02027
-1.18323
-0.982881
-1.10206
-1.02573
-1.05808
-0.862758
-0.709162
-1.21757
-0.848849
-0.857871
-0.868642
-0.964731
-0.811105
-1.01195
-0.908483
-0.902136
-1.28887
-0.90582
-0.986013
-0.956529
-1.16694
-0.788124
-1.07031
-1.06434
-0.985836
-1.12781
-1.24948
-0.807111
-1.01382
-0.963534
-1.03852
-0.965967
-0.975452
-1.63708
-0.940474
-1.07389
-1.11788
-1.00164
-0.884834
-0.765705
-0.839676
-1.03307
-1.14085
-1.06985
-1.21563
-1.47275
-1.07554
-1.12992
-1.15681
-1.20525
-0.933164
-0.618718
0.507848
-0.915148
-1.32984
-0.949241
-1.15957
-0.649117
-1.23689
-1.35157
-1.01044
-0.830568
-0.868563
-0.971519
-0.902324
-1.00015
-0.787008
-1.13488
-0.818802
-0.778651
-0.957703
-0.659456
-1.03701
-0.677081
-0.896132
-1.23968
-0.855329
-1.19546
0.97995
-0.612971
-0.860584
-1.10494
-1.06917
-0.890999
-0.699071
-1.06061
-0.448841
-0.813954
-0.666245
-0.837703
-0.75637
-0.802217
-1.04472
-0.930551
-1.50246
-0.854967
0.830522
-1.05388
-0.814311
-0.711849
-0.573089
-0.84666
-1.26653
-0.790539
-0.757235
-0.7145
-1.3612
-0.891326
-1.23789
-1.19004
-0.861997
-0.881302
-1.00862
-1.12386
-0.718253
-1.19421
-0.806817
-0.74045
-1.18975
-1.12049
-1.2316
-0.990315
-1.16582
-1.20819
-1.02457
-0.979757
-1.18718
-1.04653
-1.49283
-0.659256
-1.05758
-1.35336
-0.895539
-1.19707
-1.02294
-1.08684
-0.745994
-0.958271
-1.28061
-0.907643
-1.06653
-0.815602
-0.889836
-1.02981
-1.13162
-1.04221
-0.890809
-0.912075
-0.818937
0.503749
-0.834413
-1.11489
-1.03611
-1.17824
-0.72043
-0.802237
-1.071
-1.23827
-0.782824
-1.03279
-1.11843
-0.878222
-0.956799
-0.76104
-0.76121
-0.957585
-0.883979
-1.31341
-0.801762
-1.1572
-0.991204
-0.769792
-0.593743
-0.938471
-0.893942
-0.0398935
-0.842055
-1.51558
-0.959279
-1.06182
-1.11433
-1.20777
-1.06461
-0.897942
-1.11848
-1.02604
-1.13042
-0.900447
-1.06692
-0.892377
-1.39505
-1.27048
-1.33312
-1.36595
-1.26132
-0.948683
-0.743034
-1.03545
-0.996848
-1.03927
-0.827691
-1.11594
-0.508381
-0.640557
-0.840329
-1.34024
-0.912289
-1.34402
-0.80136
-0.815614
-1.02427
-1.07958
-0.893257
-0.744014
-1.0884
-1.18732
-0.84383
-0.693157
-1.06276
-0.915696
-1.05676
-1.03469
-0.979877
-1.11075
-0.932397
-0.774512
-0.967293
-0.667174
-1.11893
-0.922188
-0.909203
-1.16709
-0.866288
-0.182887
-1.01194
-1.023
-1.28668
-1.0005
-0.92517
-0.829336
-1.32486
-1.0209
-0.884224
-0.688941
-0.643951
-1.03899
-0.681706
-0.607323
-1.1059
-0.863852
-0.958976
-1.19532
0.525639
-1.09661
-0.925471
-0.981556
-1.59576
-0.767333
-1.0693
-1.26095
-0.941585
-0.939087
-0.787989
-1.43323
-1.32708
-0.725344
-0.621166
-0.761683
-0.87456
-0.714799
-1.50054
-0.75145
-1.01269
-0.814553
-1.03356
-0.85891
-0.909528
-1.14472
-0.95335
-0.943882
-0.975864
-0.894336
-1.0556
-1.00604
-0.852835
-1.04995
-1.07778
-0.660011
-0.691204
-0.844093
-1.11693
-0.892882
-0.985246
-0.711174
-0.660248
-1.27749
-0.751734
-1.24081
-0.686218
-1.13829
-1.42971
-0.820475
-0.929276
-0.696241
-1.01162
-1.09698
-1.21814
-1.20097
-1.02822
-0.950396
-0.922773
-0.962207
-0.966729
-0.921205
-1.35791
-0.645109
-0.723236
-0.664151
0.350182
-0.889893
-0.811919
-0.543156
-1.00593
-0.981556
-1.26142
-1.07323
-1.4464
-0.862724
-1.05967
-0.728339
-0.966792
-0.854208
-0.883406
-1.24109
-1.10289
-1.03904
-0.686507
-0.921191
-0.844384
-1.20679
-1.22948
-0.732178
-1.15083
-1.12873
-1.22285
-1.44722
-0.826936
-1.21487
-0.773268
-0.931752
-1.53368
-0.927167
-1.25853
-0.90075
-1.49045
-0.986487
-0.59864
-0.659138
-1.08593
-0.792996
-0.651388
-0.998546
-1.00929
-0.899234
-1.07339
-1.18167
-1.14317
-0.857946
-1.07596
-1.15895
-1.00245
-1.35673
-0.911589
-1.15042
-1.12382
-0.895384
-0.999899
-1.13952
-1.52985
-1.09457
-0.899476
-1.02818
-0.311354
-1.25006
-1.26324
-0.977562
-1.12757
-0.886873
-0.676428
-0.749637
-1.3105
-0.608198
-1.52735
-1.14152
-1.25477
-0.980263
-0.911076
-0.87241
-0.723285
-0.96671
-0.935362
-1.12349
-0.91769
-1.13029
-1.11668
-0.929517
-1.35446
-0.964046
-0.703659
-0.95413
-1.33448
-1.16124
-0.767115
-1.16423
-0.861752
-0.912886
-1.43564
-1.1154
-0.884323
-0.681011
-0.975959
-1.29835
-1.01257
-1.09521
-1.36723
-0.951924
-1.37017
-1.06557
-0.954347
-0.738889
-1.17754
-0.711828
-1.18375
-1.01524
-0.222268
-0.847733
-1.04976
-1.09854
-0.646123
-1.16384
-0.984506
-1.0397
-1.15287
-0.634761
-0.888316
-1.30741
-0.528646
-0.733128
-0.980406
-0.840392
-1.0585
-0.900795
-0.892021
-0.973182
-0.610673
-0.772516
-1.39297
-1.02361
-0.992602
-1.08752
-0.586404
-1.12955
-1.4435
-0.890432
-0.674611
-0.903852
-1.18598
-1.41547
-1.21024
-0.77079
-0.723799
-0.826559
-1.40048
-0.775686
-0.865589
-0.945426
-0.764137
-0.874946
-0.892823
-1.31551
-1.16833
-1.00005
-1.02345
-0.930905
-1.04251
-1.02448
-0.955296
-1.17605
-1.00701
-1.24467
-1.36715
-0.924691
-1.32602
-1.56703
-0.961185
-0.937667
-1.02424
-0.937589
-1.07105
-1.38287
-1.08039
-0.870844
-0.651382
-0.665949
-0.899043
-0.740887
-1.22867
-0.91204
-1.64197
-1.0617
-1.61698
-0.757455
-1.14328
-1.21863
-0.86318
-0.640761
-0.932151
-0.742864
-1.01824
-1.2212
-1.00889
-1.0736
-1.18896
-0.991497
-1.19436
-0.917467
-0.985518
-1.31161
-1.00218
-1.44565
-0.617306
-0.859465
-0.939899
-0.843223
-1.14846
-1.27812
-1.03244
-0.841228
-0.86731
-0.732884
-1.0769
-0.698977
-1.05117
-1.05333
-1.04602
-1.05852
-0.869076
-0.748842
-1.12899
-1.06239
-0.83382
-0.888223
-0.9285
-1.16006
-1.08712
-1.12823
-0.57608
-0.933228
-0.871526
-0.914229
-1.0835
-0.779501
-0.977052
-0.74268
-1.24396
-0.787631
-1.02647
-0.726825
-0.727403
-1.31772
-1.40558
0.0743918
-0.628544
-0.961559
-1.61839
-0.862647
-0.630454
-0.600056
-0.775304
-1.03542
-0.977395
-1.25108
-1.10236
-0.95462
-0.91037
-0.887576
-1.15642
-1.05117
-0.984885
-0.506983
-1.28906
-0.814259
-0.818188
-1.36992
-0.968961
-1.38146
-1.05449
-0.844697
-1.10261
-1.08286
-1.20443
-1.06032
-0.986821
-1.13049
-0.749303
-1.09742
-1.05715
-0.64861
-0.892658
-0.871156
-0.919336
-1.06696
-0.950002
-1.06138
-0.662749
-1.16961
-1.04121
-0.881777
-1.16011
-0.855809
-0.933864
-0.723638
-1.12008
-1.22794
-0.810787
-1.05456
-0.84462
-1.19993
-0.973514
-0.192016
-0.896542
-0.959998
-0.996194
-0.716876
-1.26694
-1.29863
-0.909427
-0.765668
-1.2934
-0.841552
-1.2527
-1.24028
-0.988008
-1.14876
-1.49029
-1.09291
-1.10431
-1.64167
-1.15298
-0.804253
-0.850173
-0.729222
-0.861294
-0.842245
-0.924158
-0.758043
-1.50753
-0.911515
-0.936354
-1.18705
-1.12509
-0.724449
-0.869584
-0.82018
-1.13844
-0.947317
-1.29426
-0.787239
-1.41412
-0.858121
-0.755129
-0.976122
-0.936297
-1.04062
0.111969
-0.965499
-0.796127
-1.26003
-0.491486
-0.572437
-0.737939
-1.08442
-0.94958
-0.802013
-1.44119
-0.967031
-1.09147
-0.88896
-1.06741
-1.09275
-1.21809
-1.2701
-0.900326
-1.32301
-1.21185
-0.711003
-1.18308
-1.0095
-0.846194
-0.790364
-1.11447
-1.42204
-0.995753
-0.949296
-0.8467
-1.08182
-0.472806
-0.835241
-0.807741
-1.30231
-1.75281
-0.746855
-1.02811
-1.0011
-0.765495
-1.14537
-0.903799
-0.954392
-0.843555
-1.18087
-0.903642
-1.11773
-0.876438
-0.958747
-1.19887
-1.12336
-1.218
-0.754551
-0.930683
-0.90913
-1.39455
-0.905265
-0.714061
-0.881077
-0.855582
-0.786017
-0.720991
-0.629833
-1.03965
-0.814608
-0.729725
-1.20152
-0.91232
-0.97286
-0.899871
-0.829006
-0.747885
-0.958076
-0.815478
-1.35659
-0.666211
-1.13264
-0.948725
-1.02676
-1.15104
-0.899441
-1.19508
-1.4118
-0.86159
-1.37863
-0.404225
-1.09657
-0.632864
-1.04948
-1.2252
-1.06843
-0.899468
-1.17617
-1.32834
-1.10891
-1.0119
-1.01215
-0.884931
-1.19897
-1.43361
-0.69899
-1.04259
-1.01894
-0.849828
-1.10587
-0.932477
-0.928045
-1.01747
-0.412702
-0.818723
-0.999316
-0.993018
-0.878094
-1.04377
-0.97627
-1.1189
-1.25281
-1.1113
-1.07472
-1.6345
-0.986155
-1.08467
-1.25681
-1.04152
-1.08556
-1.0644
-0.992659
-1.11177
-1.52011
-0.691418
-1.02422
-0.816041
-0.865005
-0.850974
-0.961471
-0.690858
-1.13287
-1.27478
-0.953033
-0.904737
-0.991707
-0.824773
-0.957677
-1.03633
-0.781775
-0.998958
-1.16072
-0.895324
-0.929937
-0.904861
-1.12724
-0.87464
-1.31333
-1.28608
-0.810677
-0.713956
-1.05359
-0.984627
-1.28088
-1.18841
-0.931364
-1.33192
-1.00897
-1.03781
-1.09211
-0.916079
-0.985804
-1.26954
-0.70993
-0.728644
-1.1657
-1.26466
-0.961897
-1.45763
-0.993907
-1.27169
-0.70103
-1.13638
-0.951557
-0.964459
-1.11122
-1.09967
-1.27557
-1.3115
-0.978644
0.385888
-0.823718
-0.259013
-0.987755
-1.11584
-1.47763
-1.05031
-1.07257
-1.14378
-1.57989
-1.07427
-1.15789
-0.909296
-0.943837
-0.981207
-0.76982
-1.02131
-0.865706
-0.835896
-1.0218
-0.861682
-0.864377
-1.38277
-0.910759
-1.0419
-0.624937
-0.889974
-1.01482
-1.01395
-0.85374
-0.998529
-0.916027
-0.869354
-0.768592
-1.12433
-0.651751
-0.914935
-0.968642
-1.17739
-1.5104
-0.988563
-0.36214
-1.08776
-0.993881
-0.909779
-0.988452
-0.891454
-1.05598
-1.19509
-0.816773
-0.975539
-1.06748
-0.824594
-0.881368
-0.934469
-0.764949
-0.888932
-0.974435
-0.725771
-0.898939
-0.877999
-0.932469
-0.798477
-1.15935
-0.841496
-1.09938
-0.999396
-1.12005
-1.26862
-0.812478
-0.92714
-0.979897
-1.02477
-0.849927
-0.896728
-0.824635
-1.12609
-0.893951
-1.16973
-1.12572
-0.693622
-0.653759
-1.00468
0.190693
-1.33741
-1.07162
-1.81039
-0.437349
-0.825407
-1.10389
-0.881492
-0.953234
-1.03814
-1.54192
-1.07168
-0.837872
-1.01055
-1.09605
-0.738783
-1.18536
-1.21775
-0.603824
-1.09405
-0.868081
-0.902697
-0.928181
-1.1534
-1.05399
-1.30527
-1.54837
-0.887641
-1.59486
-1.02993
-1.27978
-1.01967
-0.759242
-0.941296
-0.816137
-1.03924
-1.14917
-1.00908
-0.972103
-0.8909
-0.673318
-0.938997
-0.809937
-0.118287
-0.888687
-0.92447
-0.806929
-0.880917
-1.01005
-1.13449
-1.1692
-0.834363
-1.00713
-0.916037
-0.523083
-0.756902
-1.27276
-1.4857
-1.07009
-0.88443
-1.07111
-1.03596
-0.916349
-1.12302
-1.23942
-1.06113
-1.03929
-0.721322
-1.31726
-0.681422
-0.682502
-1.01465
-1.06144
-1.03188
-1.30028
-1.21277
-1.21216
-1.16972
-0.616008
-0.999035
-1.05814
-0.666809
-1.23237
-1.3489
-0.902569
-1.17851
-1.34187
-0.788082
-1.21779
-1.32314
-1.10226
-1.01656
-0.878749
-1.09316
-0.871136
-1.08043
-1.06228
-1.06697
-1.0954
-0.765978
-0.855337
-0.853867
-0.94246
-1.18586
-0.844984
-1.08303
-1.45123
-1.00045
-1.02919
-0.867589
-1.01128
-0.842318
-0.986608
-0.919868
-0.798616
-0.926599
-0.465301
-0.99437
-0.763227
-1.25656
-0.931123
-0.808911
-0.945742
-1.0389
-0.74313
-1.35893
-0.909316
-1.21129
-0.991215
-1.17991
-1.07447
-1.02438
-1.14136
-1.07259
-1.10411
-1.02279
-0.759928
-0.854015
-0.802974
-1.01012
-0.982362
-0.665454
-0.869091
-1.03255
-0.900121
-1.52074
-0.926876
-1.03711
-1.17792
-0.769762
-0.843685
-1.32132
-1.32145
-1.03183
-1.04702
-0.869514
-1.10872
-0.778144
-1.13491
-0.976373
-1.09497
-1.01427
-1.60363
-0.840245
-1.08261
-1.0026
-1.06897
-1.13373
-1.02165
-1.09727
-1.12561
-0.904264
-1.03993
-1.10863
-0.815962
-1.23583
-0.831158
-0.943604
-0.891823
-1.13625
-1.29655
-0.893744
-0.814622
-0.699378
-0.770795
-0.634733
-0.561309
-0.900818
-1.02705
-1.10211
-1.01613
-1.13295
-1.27672
-0.675518
-1.2561
-0.674387
-0.874436
-1.06921
-0.787882
-1.13411
-1.09322
-1.04521
-0.996363
-0.919499
-1.15274
-0.919827
-1.14105
-0.876323
-0.976552
-0.774102
-0.620312
-0.6617
-1.0594
-1.28889
-1.00698
-0.866699
-0.849707
-0.821516
-1.10227
-0.760596
-1.22268
-0.581159
-1.03042
-0.601888
-1.17238
-1.29198
-1.05654
-0.752755
-0.844778
-0.778413
-1.04789
-0.70388
-0.865996
-0.993576
-1.00776
-0.884187
-0.875412
-0.903364
-1.65561
-0.972417
-0.875877
-0.903622
-1.00058
-1.00435
-1.5218
-0.885732
-0.99273
-0.956081
-1.04267
-1.17193
-1.07541
-1.34632
-1.15396
-0.930182
-0.842932
-1.03636
-1.13806
-0.968387
-0.966262
-0.91946
-0.814863
-0.950104
-0.555374
-1.22821
-0.710476
-1.02007
-0.953301
-1.08503
-1.11319
-0.957498
-1.05966
-0.800686
-1.16435
-1.1333
-1.13511
-0.930409
-0.803723
-0.871016
-1.04574
-1.14816
-1.22656
-0.991423
-0.659705
-0.981781
-1.19473
-0.832571
-1.13958
-1.18895
-0.855187
-0.806249
-1.29229
-0.971928
-1.05691
-0.950282
-1.0308
-0.940341
-0.96035
-1.05353
-0.821365
-1.01706
