0.904218
0.945058
1.035
0.822744
0.91378
0.971001
0.882949
0.99716
0.938162
1.04033
0.869526
0.968676
1.09202
1.00192
1.02903
0.957803
1.09485
0.972285
1.08224
0.940177
0.917227
1.2016
1.08468
1.0281
0.960536
1.07946
1.01782
0.994736
0.967096
0.94733
0.918747
1.07413
0.87063
0.822007
0.876778
0.934604
0.994283
0.892264
0.975992
0.962136
0.970852
0.839467
1.07322
0.995177
1.54115
1.17045
1.00974
1.16361
1.00375
1.03416
0.984106
0.909686
1.28852
0.731511
0.672168
1.14652
0.942141
0.987491
0.953988
0.730402
1.06682
1.0769
0.941684
0.8314
1.15041
0.725592
1.0228
0.962249
1.05567
1.14081
1.00585
1.20041
1.00054
0.752219
1.02366
0.986461
0.943234
0.954827
1.22797
0.804423
1.06157
1.14161
1.06121
1.13403
0.827896
0.951374
0.929835
0.850501
1.04307
1.0499
0.834039
0.931306
1.01567
0.91986
1.10041
1.12704
1.14892
0.996683
1.13692
0.970649
0.996377
0.970797
0.901444
1.11898
0.975382
0.905695
0.962042
1.14252
0.989225
1.06012
0.639392
1.24629
0.975765
0.975478
1.05929
0.956249
1.0371
0.976176
1.08994
1.07622
0.966162
1.11202
0.980889
0.952007
0.805751
1.01949
1.10743
0.965903
0.939767
0.961331
1.07929
0.98242
0.941302
0.940589
1.04176
1.03481
1.07968
0.873223
1.00114
0.945704
0.842485
0.872902
0.838396
0.796283
1.09271
0.982598
1.02481
0.937004
1.00766
1.10111
1.14116
0.807324
1.14611
0.883585
1.09024
1.06237
1.04429
0.993912
0.984806
1.03273
0.973079
1.19806
0.769342
1.06565
1.20149
1.0736
0.939801
1.08525
1.05137
1.06299
0.956011
1.04539
0.952634
0.721886
0.876028
0.888047
1.00058
0.89361
1.13587
1.03415
1.04094
0.967865
0.910407
0.970605
0.895122
0.998089
1.14148
0.788897
0.934467
0.756909
0.953082
0.965107
1.08175
1.01537
1.03602
0.914441
0.829105
1.08191
0.934076
0.935418
0.957863
0.929582
1.08918
1.11295
1.09926
0.879875
1.04818
0.863234
1.12826
1.05841
1.05259
1.18842
0.994975
0.965041
0.986339
1.032
0.716772
0.904458
1.20687
0.535333
1.01588
0.990228
0.946537
1.02433
1.10837
1.07343
0.843066
0.979392
1.09275
1.0311
1.09423
0.667838
1.02041
0.969466
1.048
0.771531
0.971663
0.978833
1.01236
0.790793
0.899439
0.9152
1.00867
0.983384
1.04024
0.822206
1.12733
1.11321
1.11139
1.1932
0.751981
1.11532
1.10578
0.928812
1.09136
1.04508
0.95881
1.151
1.03977
1.08114
0.884285
0.956187
1.00696
1.14783
0.967417
0.972545
1.08507
1.02367
1.03321
0.890412
0.972523
0.911538
0.829183
0.877436
0.834595
0.819233
0.904689
1.15282
1.08864
1.01257
0.995287
1.00033
0.69273
0.886349
1.00418
1.1047
0.97184
1.04477
0.983004
1.59436
1.01815
1.09883
1.03756
1.11364
1.07585
0.653745
0.83191
1.03637
0.922371
0.674089
1.12435
0.905625
1.01951
1.05928
0.978878
1.11512
0.737768
1.00244
1.45173
0.8312
0.972248
1.02534
1.15204
0.897564
0.898955
1.04825
0.89801
1.11165
1.38962
0.909203
1.0585
0.846222
1.00519
1.07925
0.89029
1.05686
0.83356
0.937427
1.09386
1.07099
1.12005
0.848385
0.714639
0.846275
1.03116
0.973531
0.791727
1.08101
0.990575
0.619294
0.849047
1.01578
1.11706
1.11054
1.01894
0.918219
1.0876
1.23895
1.12274
1.09626
1.05684
0.897747
1.0049
0.894228
1.23372
1.06242
0.995414
1.04595
0.928087
1.05205
0.974899
1.01409
0.97181
0.930833
0.837905
0.844065
1.09204
1.12069
1.03822
1.28166
1.00958
1.09587
0.98071
1.34899
0.954392
0.829169
1.05906
0.786066
1.12378
0.782697
0.987051
0.955937
1.01687
0.882112
0.829882
0.988808
1.061
0.994233
0.845097
0.90317
0.95266
1.04302
1.09281
1.09934
0.85693
1.06274
1.05062
1.20222
0.954367
1.03443
0.959594
1.02297
0.975295
1.04438
0.929434
1.00654
1.07798
1.0665
1.07097
1.16567
1.06913
1.06248
0.861169
1.05189
1.00035
0.918719
0.860491
1.02472
1.01974
1.01405
0.671796
1.03188
0.862098
1.2021
0.873132
0.829368
1.09508
0.948723
0.97616
0.87008
0.980978
0.861341
0.943556
1.11166
1.11807
0.93504
0.988528
1.09329
0.788007
0.952728
0.982648
0.982669
0.635844
0.790381
1.00842
1.01094
1.0338
1.13813
0.994834
0.843215
1.03582
0.951285
1.07277
0.899513
1.10403
0.984871
1.16372
1.11163
1.15903
0.873181
0.953806
0.984259
1.01073
1.17803
0.996931
1.10358
0.901142
0.682574
0.756864
0.901269
1.01524
0.956802
1.1794
0.83708
0.831046
0.994739
1.06974
1.01204
0.986276
1.07243
1.07339
0.919406
0.804991
0.991327
1.12407
1.1788
1.01938
0.922633
0.915213
0.807104
1.24946
1.16323
1.11108
1.06746
0.620273
0.97938
1.0245
1.00325
1.08973
1.01796
1.03545
1.25961
1.10451
1.06642
1.07704
0.876517
1.0854
1.17614
0.708209
0.870345
0.705627
1.17632
