-0.672557
-0.577313
-0.810194
-0.306118
-0.201016
-0.674406
-0.465178
-0.846188
-0.633094
-0.67714
-0.190325
-0.67331
-1.00912
-0.64492
-0.688673
-0.566684
-0.952117
-0.565521
-0.971313
-0.295929
-0.640819
-1.08934
-0.900484
-0.70534
-0.755273
-1.14451
-0.729151
-0.841054
-0.380319
-0.565888
-0.530254
-0.83835
-0.441289
-0.481493
-0.477476
-0.45769
-0.674645
-0.514221
-0.571035
-0.686811
-0.905558
-0.286838
-0.8138
-0.620097
-1.75627
-1.35598
-0.654846
-0.997841
-0.736495
-0.618723
-0.777321
-0.411645
-0.686235
0.0265156
0.0296064
-1.09507
-0.795677
-0.598315
-0.483258
-0.182981
-0.713598
-0.680287
-0.55452
-0.408942
-1.22146
-0.18404
-0.520552
-0.807817
-0.880096
-0.815028
-0.677118
-1.3898
-0.659374
-0.171076
-0.862313
-0.601612
-0.638938
-0.645252
-0.945879
-0.192563
-0.883889
-1.04477
-1.02255
-0.877776
-0.32677
-0.576641
-0.44375
-0.255933
-0.922302
-0.993293
-0.33727
-0.467798
-0.726168
-0.665335
-0.893827
-1.07801
-1.13035
-0.582335
-0.84243
-0.597374
-0.604925
-0.58623
-0.643827
-0.9591
-0.417851
-0.401504
-0.54131
-0.953017
-0.55042
-0.893431
0.0689139
-1.07407
-0.904213
-0.526709
-0.850604
-0.689847
-0.780052
-0.791963
-0.788413
-0.725608
-0.606882
-1.17714
-0.561129
-0.747264
-0.201507
-0.672522
-1.34301
-0.662477
-0.636851
-0.658975
-1.06408
-0.496463
-0.507458
-0.700626
-0.797094
-0.890214
-0.78614
-0.371049
-0.827886
-0.588598
-0.223745
-0.625481
-0.195317
-0.365088
-0.852498
-0.640511
-0.881219
-0.387805
-0.725438
-0.962091
-1.15656
-0.210797
-0.657296
-0.435843
-0.952129
-0.687207
-0.553742
-0.574748
-0.615953
-0.763988
-0.591441
-0.779241
-0.242242
-0.845307
-1.35488
-0.846876
-0.818869
-0.587129
-0.72161
-1.04223
-0.78879
-0.847834
-0.718259
-0.0863804
-0.472706
-0.478797
-0.636529
-0.347883
-0.899493
-0.755714
-0.858645
-0.611615
-0.630264
-0.683729
-0.432716
-0.750074
-0.756216
-0.244003
-0.346777
-0.184617
-0.582947
-0.412607
-0.934715
-0.852917
-0.858889
-0.597276
-0.306069
-0.642522
-0.600358
-0.471116
-0.593704
-0.68528
-0.79314
-0.784146
-0.961879
-0.3183
-0.701017
-0.358336
-0.660916
-0.834248
-0.766188
-1.02367
-0.857094
-0.77828
-0.755081
-0.709063
0.0665769
-0.428231
-0.718725
0.277493
-0.641225
-0.739055
-0.710283
-0.810886
-0.77178
-0.873068
-0.294485
-0.524938
-0.908011
-0.85867
-0.863121
0.0605354
-0.729514
-0.493416
-0.90722
-0.133363
-0.653167
-0.579904
-0.627804
-0.16158
-0.438342
-0.37325
-0.479561
-0.539542
-0.843794
-0.296702
-0.953961
-1.03259
-1.01122
-1.18895
0.0108211
-0.838393
-0.957107
-0.623583
-0.639334
-0.690835
-0.800296
-0.971734
-0.600285
-1.21438
-0.449095
-0.653111
-0.648995
-0.794509
-0.607284
-0.569468
-0.943937
-0.701105
-0.95776
-0.470875
-0.704232
-0.553776
-0.121596
-0.286061
-0.275175
-0.272341
-0.578908
-0.972113
-0.743854
-0.895609
-0.559856
-0.755599
-0.0126708
-0.299253
-0.672781
-0.814104
-0.629905
-0.760547
-0.761322
-1.50038
-0.667507
-0.978814
-0.85247
-0.848211
-0.864915
0.00824649
-0.245887
-0.889323
-0.66378
-0.0709781
-1.2407
-0.44386
-0.705782
-0.850569
-0.634825
-0.853742
-0.0279036
-0.447527
-1.12526
-0.322155
-0.593274
-0.720756
-0.991534
-0.594246
-0.385684
-0.890333
-0.391552
-0.869921
-1.53674
-0.523991
-0.813426
-0.275966
-0.700579
-0.675151
-0.540855
-0.863737
-0.314445
-0.518974
-0.712664
-0.741988
-1.15227
-0.221138
-0.0939158
-0.482041
-0.606783
-0.662229
-0.331955
-1.0757
-0.814589
0.148179
-0.422376
-0.856107
-1.04239
-0.932727
-0.852616
-0.507748
-0.894671
-1.35874
-0.837082
-1.02037
-0.691471
-0.359857
-0.799559
-0.365478
-0.88749
-0.847159
-0.829396
-0.724928
-0.539436
-0.94149
-0.620663
-0.651399
-0.671975
-0.402829
-0.403061
-0.405361
-0.848278
-1.10792
-0.711196
-0.815862
-0.888111
-0.858767
-0.465256
-1.58746
-0.892576
-0.24324
-0.705781
-0.273098
-0.919782
-0.0602736
-0.39679
-0.679594
-0.993002
-0.46737
-0.411703
-0.56226
-0.780663
-0.833212
-0.403101
-0.417652
-0.599589
-0.677972
-0.939185
-0.835393
-0.349527
-0.899975
-0.628128
-1.45711
-0.591339
-0.665722
-0.717672
-0.771038
-0.691995
-0.846241
-0.695428
-0.708311
-1.10124
-0.896802
-0.905831
-0.652432
-0.804198
-0.923952
-0.475344
-0.703132
-0.704723
-0.493484
-0.388892
-0.813067
-0.926141
-0.660181
0.171596
-0.97545
-0.308665
-0.898607
-0.311483
-0.402592
-0.790332
-0.476256
-0.637958
-0.160342
-0.611264
-0.381702
-0.671078
-0.955648
-0.77642
-0.493422
-0.714662
-0.723443
-0.164413
-0.589898
-0.775924
-0.591074
0.264039
-0.251879
-0.870824
-0.904308
-0.704862
-1.0069
-0.835096
-0.402212
-0.698002
-0.806348
-0.953769
-0.464401
-0.872118
-0.682818
-0.635925
-0.801512
-0.922767
-0.54304
-0.534339
-0.77192
-0.65783
-1.3323
-0.620198
-0.725422
-0.572796
0.0461433
-0.0633561
-0.442298
-0.69368
-0.618157
-0.989519
-0.288102
-0.283553
-0.751218
-0.901067
-0.718893
-0.566451
-0.849905
-0.903827
-0.606695
-0.341654
-0.661356
-1.11872
-0.933439
-0.964691
-0.339606
-0.636791
-0.27459
-1.01588
-1.02584
-0.872788
-1.19895
0.160674
-0.637631
-0.693523
-0.67112
-1.11178
-0.786783
-1.00341
-1.18843
-0.927572
-0.906907
-0.842106
-0.422405
-0.807719
-1.04201
-0.0765079
-0.0906343
0.287573
-1.21333
