-1.23604
-1.32233
-1.23131
-1.46192
-1.48761
-1.67868
-1.1735
-1.37529
-1.32629
-1.43378
-1.18214
-1.35771
-1.3765
-1.60172
-1.2108
-1.96805
-1.27586
-1.46734
-1.43539
-1.60252
-1.58726
-1.18079
-1.67078
-2.63794
-1.29754
-1.53989
-1.06889
-1.52042
-1.61068
-1.36743
-1.243
-1.87784
-1.10211
-1.88511
-1.69088
-1.46664
-1.78659
-1.35439
-1.66979
-1.27419
-1.32202
-1.40905
-1.56525
-1.1889
-1.40908
-2.05115
-1.41464
-1.6287
-1.47029
-1.30929
-1.31568
-0.804069
-1.73493
-1.42664
-1.75373
-1.59526
-1.48282
-1.47506
-1.84029
-1.06713
-1.46918
-1.12053
-1.66461
-1.2839
-1.39249
-1.31523
-1.76272
-1.47334
-1.694
-1.55528
-1.10434
-1.42445
-1.20434
-1.25261
-1.49026
-1.16966
-1.67959
-1.71608
-1.66984
-1.74
-1.69562
-1.82073
-1.49028
-1.13811
-1.65945
-1.21199
-1.5465
-1.55351
-1.53191
-1.73849
-1.39335
-1.71837
-1.31492
-1.4337
-1.30307
-1.89944
-0.408138
-1.34194
-1.49494
-1.11027
-1.4627
-0.478347
-1.27227
-1.76288
-1.83856
-1.28144
-1.22982
-1.51207
-1.61596
-1.21884
-1.54725
-1.52122
-1.76168
-1.22005
-1.36861
-1.03119
-1.18699
-1.14859
-1.24866
-1.13047
-1.98822
-1.50557
-1.47678
-1.30624
-0.375482
-1.36064
-1.3594
-1.49719
-1.35338
-1.62595
-1.37793
-1.48523
-1.26378
-1.59812
-1.21409
-1.59185
-0.745449
-1.80928
-1.65147
-1.45615
-1.69158
-1.42469
-1.4995
-1.4434
-1.32172
-1.74468
-1.17448
-1.47244
0.544215
-1.17471
-1.16449
-1.45299
-1.45295
-2.08366
-1.16057
-1.54719
-1.4464
-1.87824
-1.45589
-1.46324
-1.36627
-1.60448
-1.22759
-1.57884
-1.38941
-1.46253
-1.19819
-1.41522
-1.39084
-1.04806
-1.4442
-1.84532
-1.55525
-1.90615
-1.51409
-1.28354
-1.54997
-1.38582
-1.7782
-1.52379
-1.36642
-1.28921
-1.6353
-1.04204
-1.28172
-0.991739
-1.2586
-1.35126
-1.31826
-1.38308
-1.10232
-1.74291
-1.45108
-1.42162
-1.36619
-1.65167
-1.52985
-1.53498
-1.56273
-0.478881
-1.43045
-1.40726
-1.03485
-1.30487
-1.28828
-1.83149
-1.24361
-1.21307
-1.55473
-1.33366
-1.21684
-1.3896
-1.65968
-1.61965
-1.64836
-1.44678
-1.52161
-1.71117
-1.39608
-2.07661
-1.31847
-1.72912
-1.22888
-1.6676
-1.32809
-1.46179
-1.50491
-1.25166
-1.6451
-1.31821
-1.58044
-1.70849
-1.89916
-1.32449
-1.49767
-1.50621
-1.5073
-1.25279
-1.11545
-1.48088
-1.53299
-1.5281
-1.23207
-1.44295
-1.33278
-1.45743
-1.82651
-1.86501
-1.59125
-1.3227
-1.3526
-1.28786
-1.55895
-1.52394
-1.68514
-1.26259
-1.21607
-1.53351
-1.80323
-1.52777
-1.50041
-1.3015
-1.10577
-1.27914
-1.32834
-1.33357
-1.49841
-1.92886
-1.63686
-1.26687
-1.61814
-1.76818
-1.32225
-1.37995
-1.45863
-1.39565
-1.62396
-1.46482
-1.2113
-1.27221
-1.1799
-1.30248
-1.28092
-1.51085
-1.59324
-0.928472
-1.62825
-1.89484
-1.09144
-2.02548
-1.23435
-1.60095
-1.18818
-1.40761
-1.33002
-1.52211
-1.4251
-1.39168
-1.55929
-1.27189
-1.27566
-1.72881
-1.2452
-1.45732
-1.20804
-1.40014
-1.38187
-1.58981
-1.26423
-1.19035
-1.54972
-1.31262
-1.51525
-1.52359
-1.21912
-1.75719
-1.46073
-1.5124
-1.60639
-1.32779
-1.31464
-1.36009
-1.48011
-1.48882
-1.7024
-1.34796
-1.54176
-1.27042
-1.52479
-1.32673
-1.45134
-1.22766
-1.14192
-1.8667
-1.23235
-1.28899
-1.37235
-1.4264
-1.19528
-1.36618
-1.59301
-1.88943
-1.58288
-1.55405
-1.61621
-1.47507
-1.60407
-1.47721
-1.1456
-1.45928
-2.05786
-1.61425
-1.39463
-1.08757
-1.93218
-1.66778
-1.31848
-1.39854
-1.21269
-1.1501
-1.30551
-1.47889
-1.46889
-1.4453
-1.38066
-1.59577
-0.955121
-1.29239
-1.29986
-1.52885
-1.43217
-1.43236
-1.35501
-1.56511
-1.83003
-1.64861
-1.59663
-1.57464
-1.58429
-1.3997
-1.38132
-1.5059
-1.60504
-1.42442
-1.15666
-1.57147
-1.86768
-1.64067
-1.17277
-1.5575
-1.1815
-1.05638
-1.4795
-1.23201
-1.21845
-1.30316
-0.876882
-1.30195
-1.3363
-1.39362
-1.50816
-1.52896
-1.52717
-1.40832
-1.32959
-1.31564
-1.33492
-1.41528
-1.36609
-1.51374
-1.4886
-1.3423
-1.32716
-1.58427
-1.44993
-1.48191
-1.32141
-1.34187
-1.68982
-1.47172
-1.16824
-1.32953
-1.10481
-1.80018
-2.1388
-1.47491
-1.64686
-1.93583
-1.38303
-1.71593
-1.07678
-1.62924
-1.05123
-1.76408
-1.46973
-1.35817
-1.50285
-1.28156
-1.45737
-1.17477
-1.22194
-1.74727
-1.28692
-1.10699
-1.88258
-1.8555
-1.6974
-1.36461
-1.15706
-1.59907
-1.39005
-1.46445
-1.74454
-1.19457
-1.69064
-0.970551
-1.57628
-1.78752
-1.66505
-1.64034
-1.8664
-1.18884
-1.09121
-1.41798
-1.5149
-1.47246
-1.36558
-1.32468
-1.19683
-1.41371
-1.25163
-1.49201
-1.92226
-1.67368
-1.88634
-1.20225
-1.25013
-1.40976
-1.49926
-1.34954
-1.39284
-1.68206
-1.32029
-1.53721
-1.27807
-1.32167
-1.30182
-1.52091
-0.398533
-1.54901
-1.49887
-1.27873
-1.41018
-1.15653
-1.31449
-0.988504
-1.57261
-1.40929
-1.21572
-1.40265
-1.49827
-1.47462
-1.82139
-1.31841
-1.26165
-1.66332
-1.63829
-1.77654
-1.75026
-1.57556
-1.26407
-1.47222
-1.12884
-1.50443
-1.50396
-1.45745
-1.76394
-1.36405
-1.29001
-1.64329
-1.22811
-1.95712
-1.88852
-1.49596
-1.345
-1.37071
-1.69927
-1.32483
-1.41825
-1.58156
-1.32827
-1.35595
-1.50927
-1.444
-1.36405
-1.36806
-1.51452
-1.70389
-1.57989
-1.77167
-1.6861
-1.45967
-1.2964
-1.56408
-1.43844
-1.35317
-1.40222
-1.79048
-1.39426
-1.65035
-1.68514
-1.29488
-1.56984
-0.965722
-1.21163
-1.45602
-0.940181
-1.28377
-1.1562
-1.2251
-1.49312
-1.16726
-1.14792
-1.32647
-1.61371
-1.55975
-1.59933
-1.26014
-1.06758
-1.51029
-1.65952
-1.61062
-1.62816
-1.57643
-1.30338
-0.995314
-1.48371
-1.51122
-1.28606
-1.1763
-1.50794
-1.37114
-1.46051
-1.30745
-1.37645
-1.4623
-1.32671
-1.43605
-1.23422
-1.32408
-1.13918
-1.24607
-1.71217
-1.43801
-1.44964
-1.22196
-1.46231
-1.34138
-1.4731
-1.51223
-1.31801
-1.77432
-1.41099
-1.31763
-1.27777
-1.44958
-1.63735
-1.47603
-1.505
-1.14341
-1.52741
-1.78886
-1.58569
-1.38855
-1.20199
-1.29117
-1.43164
-1.85855
-1.40423
-1.50763
-1.52686
-1.13178
-1.47811
-1.39176
-1.30401
-1.19375
-1.27163
-1.36529
-1.41992
-1.29863
-1.64856
-1.48127
-1.39977
-1.48976
-1.38806
-1.60885
-1.22876
-1.50277
-1.58999
-1.37964
-1.38772
-1.86466
-1.38148
-1.66535
-1.48859
-1.28209
-1.47084
-1.45229
-1.68686
-1.28103
-1.23268
-1.62235
-1.17692
-1.3933
-1.32142
-1.07088
-1.63879
-1.73754
-1.40154
-1.22895
-1.44096
-1.79595
-1.54864
-1.41638
-1.41491
-1.2118
-1.26208
-1.35049
-1.59517
-1.28968
-1.65515
-1.13122
-1.14527
-1.51085
-1.2406
-1.37332
-1.14155
-1.48669
-1.38878
-1.62714
-1.41973
-1.48374
-1.42856
-1.47649
-1.38033
-1.54506
-1.51528
-1.45913
-0.982889
-1.32333
-1.38368
-1.5347
-1.49505
-1.29158
-1.24512
-1.37056
-1.57828
-1.29971
-1.27946
-1.44231
-1.11304
-1.60027
-1.50277
-1.90933
-1.51366
-1.38403
-1.4531
-1.4253
-1.0507
-1.55426
-1.44807
-1.4168
-1.24666
-1.75999
-1.20961
-1.31915
-1.5826
-1.51421
-1.35737
-1.05805
-1.44738
-1.38565
-1.49649
-1.14457
-1.49727
-1.50035
-1.51679
-1.40414
-1.37625
-1.6047
-1.29942
-1.30376
-1.39474
-1.24491
-1.23445
-1.31043
-1.1963
-1.64882
-1.24677
-1.14711
-0.981496
-1.57818
-1.46461
-1.33789
-1.33354
-1.60811
-1.37928
-1.34288
-1.38986
-1.60194
-1.52265
-1.51935
-0.778237
-1.35488
-1.50397
-1.14286
-1.18178
-1.56612
-1.03413
-1.77207
-1.50157
-1.32391
-0.838629
-1.22167
-1.31529
-1.45621
-1.58342
-2.15933
-1.33487
-1.7959
-1.33449
-1.49213
-1.55909
-1.34998
-1.51693
-1.22702
-1.27761
-1.38604
-1.25198
-1.43055
-1.31394
-1.37303
-1.39148
-1.48204
-1.18237
-1.48616
-1.48735
-0.796124
-1.68434
-1.32743
-1.37541
-1.41584
-0.862259
-1.40198
-1.56474
-1.48408
-1.65988
-1.69162
-1.53793
-1.1766
-1.35817
-1.03988
-1.45734
-1.61427
-1.22801
-1.47858
-1.51603
-1.75936
-1.30712
-1.52864
-1.48176
-1.25587
-1.46532
-1.20456
-1.20909
-0.885116
-1.38902
-1.23364
-1.34403
-1.43398
-1.3876
-1.28594
-1.39593
-1.1736
-1.73133
-1.4385
-1.06805
-1.92891
-1.3498
-1.33688
-1.77576
-1.60218
-1.08154
-1.43546
-1.32456
-1.3364
-0.918142
-1.35938
-1.62484
-1.43557
-1.3902
-1.62432
-1.42081
-1.27953
-1.41679
-1.18274
-1.25013
-1.71634
-1.48058
-1.54277
-1.49625
-1.2509
-1.36631
-1.34824
-1.61266
-1.32694
-0.984414
-1.65848
-1.29452
-1.65743
-1.29706
-1.67513
-1.04717
-1.56002
-1.75099
-1.54886
-1.21591
-1.50903
-1.54244
-0.932193
-1.59792
-1.16678
-1.71596
-1.01985
-1.39078
-1.57135
-1.07518
-1.35853
-1.02776
-1.46242
-1.65976
-1.45187
-1.43231
-1.24564
-1.40079
-1.28846
-1.46849
-1.48036
-0.855664
-1.35478
-1.21083
-1.26569
-1.20263
-1.47697
-1.42405
-1.24979
-1.35394
-1.72124
-1.18271
-1.81295
-1.254
-0.897031
-1.41994
-1.48517
-1.27474
-1.68329
-1.39958
-1.84279
-1.28738
-1.34093
-1.29005
-1.68933
-1.19612
-1.6008
-1.37645
-1.22706
-1.35473
-1.26109
-1.33107
-1.11354
-1.59496
-1.19026
-1.1965
-1.63981
-1.49531
-1.95564
-1.24762
-1.41186
-1.91903
-1.44718
-1.28846
-1.50099
-1.47822
-1.78029
-1.12302
-1.64023
-1.78902
-1.59516
-1.56105
-1.43023
-1.43058
-1.11235
-1.18144
-1.432
-1.49913
-1.77554
-1.25028
-1.37619
-1.4679
-1.97295
-1.51128
-1.22996
-1.44162
-1.21337
-1.49206
-1.18094
-1.54986
-1.31428
-1.72397
-0.688878
-0.884281
-1.48865
-1.52007
-1.2375
-1.41484
-1.72241
-1.20408
-1.41738
-1.33476
-1.56962
-0.824777
-1.38216
-1.55807
-0.817844
-1.36095
-1.33085
-1.43393
-0.895819
-1.41319
-1.45446
-1.2666
-1.24315
-1.96271
-1.19544
-1.54227
-1.48425
-1.27361
-1.70646
-1.26655
-1.58986
-1.67458
-1.4649
-1.2645
-1.43907
-1.36442
-1.59296
-1.5204
-1.34818
-1.50457
-1.86641
-1.30283
-1.40518
-1.32155
-1.46573
-1.72689
-0.968627
-1.31011
-1.0044
-1.22094
-1.48433
-1.71451
-1.59478
-1.58402
-1.70808
-1.39701
-1.34006
-1.31327
-1.18272
-1.42914
-1.27469
-1.59762
-1.37861
-1.25268
-1.31606
-1.30915
-1.69288
-1.1538
-1.35188
-1.40837
-1.46579
-1.12028
-1.24473
-1.04207
-1.77732
-1.63216
-1.24157
-1.75137
-1.48393
-1.24983
-1.30267
-1.3583
-1.37932
-1.31959
-1.42467
-1.59765
-1.64082
-1.70614
-1.1478
-1.23741
-1.16071
-1.91133
-0.940451
-1.13387
-1.47115
-1.36227
-1.32209
-1.73032
-0.356734
-1.31729
-1.3364
-1.46171
-1.89258
-0.860444
-1.36198
-1.6932
-1.451
-1.47337
-1.51186
-1.70446
-1.32918
-1.03756
-1.54494
-1.40033
-1.33208
-1.38938
-2.23333
-1.28415
-1.70962
-1.28197
-1.66781
-1.27973
-1.2197
-1.47583
-1.2307
-1.32077
-1.25728
-1.50927
-1.61366
-1.31409
-1.20017
-1.53651
-1.52436
-1.37822
-1.6335
-1.23969
-1.5069
-1.22776
-1.53802
-1.02179
-0.60068
-1.54282
-1.38586
-1.69912
-0.0101136
-1.57249
-2.00074
-1.13259
-1.39057
-1.26998
-1.52167
-1.61313
-1.45987
-1.57727
-1.64148
-1.48901
-1.48734
-1.4177
-1.54644
-1.26179
-1.72964
-0.917718
-1.36027
-1.40733
-0.212507
-1.16744
-1.32642
-1.22201
-1.37322
-1.4789
-1.53798
-1.32183
-1.62695
-1.20515
-1.26527
-1.51553
-1.43292
-1.19265
-1.25374
-1.55628
-1.60578
-1.45608
-1.27664
-1.5394
-1.2154
-1.63272
-1.59557
-0.653568
-1.64168
-1.44224
-1.70125
-1.54132
-1.31451
-1.61087
-1.23187
-1.34376
-2.10156
-1.299
-2.15851
-1.11337
-1.80503
-1.5543
-0.999473
-1.22336
-1.6341
-1.31407
-1.38072
-1.46058
-1.76148
-1.36443
-1.66768
-1.61186
-1.87833
-1.45379
-1.67719
-1.44103
-1.52072
-1.82217
-1.35121
-1.52776
-1.54471
-1.2099
-1.45736
-1.35824
-1.74612
-1.34155
-1.53522
-1.61547
-1.11782
-1.58032
-1.89796
-1.59858
-1.45718
-1.43524
-1.57134
-1.23321
-1.38368
-0.624124
-1.85999
-1.80205
-1.63692
-1.39622
-1.36685
-1.34745
-0.973698
-1.34118
-1.30508
-1.40857
-1.38747
-1.46037
-1.56853
-1.22535
-1.63483
-1.34027
-1.429
-1.51515
-1.37753
-2.04585
-1.1237
-1.85948
-1.13207
-1.3144
-1.43641
-1.39975
-1.16394
-1.34156
-1.39392
-1.3553
-1.24525
-1.55668
-1.70106
-1.29482
-1.81168
-1.36193
-1.28534
-1.63242
-2.16207
-1.27442
-1.55632
-1.40751
-1.43339
-1.2006
-1.70561
-1.4343
-0.999465
-1.49047
-1.53084
-1.67076
-1.56628
-1.00637
-1.28857
-1.6861
-1.14889
-1.32562
-1.53916
-1.23043
-1.48765
-1.42696
-1.20104
-1.57781
-1.31797
-1.17842
-2.02209
-1.75794
-1.33653
-1.48169
-1.25092
-1.66037
-1.5116
-1.33167
-1.00853
-1.44736
-1.48716
-1.63542
-1.65529
-1.30912
-1.21429
-1.19318
-1.75736
-1.31993
-1.47507
-1.33421
-1.4275
-1.24592
-1.82917
-1.49876
-1.88836
-1.42936
-1.28904
-1.80455
-1.38502
-1.45262
-1.6239
-1.61961
-1.45868
-1.74364
-1.7983
-1.30486
-1.91841
-1.73864
-1.48037
-1.24181
-1.62806
-1.23228
-1.58871
-1.94853
-1.25175
-1.181
-1.2766
-0.998131
-1.29728
-1.32097
-1.73269
-1.19595
-1.79108
-1.29945
-1.90742
-1.67059
-1.63526
-1.72577
-1.23863
-1.26767
-1.65952
-1.28896
-1.71568
-1.59135
-1.74261
-1.48583
-1.63485
-1.28201
-1.53358
-1.24891
-1.52146
-1.55218
-1.4484
-1.85851
-1.10521
-1.22918
-1.46859
-1.41428
-1.29128
-1.69373
-1.3391
-0.820319
-1.27407
-1.23322
-1.13154
-1.10606
-1.59873
-1.34244
-1.39538
-1.53649
-1.38589
-1.52555
-1.50604
-1.54599
-1.2913
-1.38139
-1.41277
-1.94554
-1.15713
-1.82056
-1.14457
-1.62573
-1.2866
-1.34502
-1.4806
-1.29283
-1.4329
-1.07802
-1.67641
-1.15574
-1.28121
-1.42622
-1.11531
-1.38975
-1.59189
-0.761485
-1.17241
-1.3093
-1.97236
-1.49681
-0.681709
-1.43306
-1.29849
-1.2695
-1.36816
-1.55003
-1.95448
-1.27484
-1.23335
-1.30454
-1.7479
-1.85554
-1.19501
-1.00219
-1.58672
-1.34669
-1.30759
-1.64727
-1.38823
-1.8608
-1.84747
-1.17951
-1.61475
-1.41553
-1.5017
-1.64312
-1.27187
-1.36653
-1.05982
-1.35786
-1.57554
-1.27912
-1.29656
-1.28
-1.36499
-1.53642
-1.33935
-1.57562
-1.08894
-1.56279
-1.58998
-1.26297
-1.58542
-1.26961
-1.33347
-1.85217
-1.53863
-1.34849
-1.3249
-1.50207
-1.45167
-1.80542
-1.43508
-0.551158
-1.35379
-1.53723
-1.62035
-1.0711
-1.65496
-1.81308
-1.39014
-1.07042
-1.80247
-1.2639
-1.82148
-1.81672
-1.31193
-1.61664
-1.64979
-1.57621
-1.74637
-1.91398
-1.31347
-1.28501
-1.12399
-1.3044
-1.31371
-0.906025
-1.42835
-1.15674
-1.77649
-1.26072
-1.69104
-1.77622
-1.64318
-1.44049
-1.45393
-1.42767
-1.58011
-1.30389
-0.942935
-1.21422
-1.49168
-1.2221
-1.46661
-1.41365
-1.06435
-1.27419
-0.7416
-1.63507
-0.966968
-1.56307
-1.16583
-1.9315
-1.23583
-1.40045
-1.47195
-1.23808
-1.52115
-1.56002
-1.45677
-1.44806
-1.87055
-1.44182
-1.57154
-1.57795
-1.33086
-1.74683
-1.61022
-1.43749
-1.44029
-1.14582
-1.12323
-0.963546
-1.82256
-1.78363
-1.42827
-1.5148
-1.24571
-1.42459
-1.48578
-1.32506
-1.25691
-1.97984
-1.95799
-1.14031
-1.48179
-1.44931
-1.15811
-1.68479
-1.43137
-1.36879
-1.39462
-1.42736
-1.44592
-1.48879
-1.3443
-1.32986
-1.52139
-1.63857
-1.55303
-1.34431
-1.55244
-1.16172
-1.76521
-1.30716
-1.08298
-1.29892
-1.5344
-1.17123
-1.45808
-0.877349
-1.34349
-1.42572
-1.34409
-1.52243
-1.66021
-1.24761
-1.27579
-1.22173
-1.35368
-1.31791
-1.35142
-1.64468
-1.15404
-1.32761
-1.47298
-1.65128
-1.66233
-1.10001
-1.7342
-2.06204
-1.03195
-1.64463
-0.887028
-1.56696
-1.32939
-1.58495
-1.52398
-1.39136
-1.35328
-1.60202
-1.45015
-1.44371
-1.66268
-1.34257
-1.31531
-1.63317
-1.75498
-0.96533
-1.61147
-1.34328
-1.28672
-1.58511
-1.43536
-1.30899
-1.3944
-0.154532
-1.17656
-1.26572
-1.42011
-1.34925
-1.46634
-1.28878
-1.47672
-1.64452
-1.50808
-1.3444
-1.75172
-1.56226
-1.53574
-1.63648
-1.43542
-1.22075
-1.36559
-1.3444
-1.78572
-2.02466
-1.23411
-1.52988
-1.14929
-1.5291
-1.36203
-1.52505
-0.998271
-1.31882
-1.43338
-1.36755
-1.63073
-1.55097
-1.2713
-1.27772
-1.41491
-1.20972
-1.44488
-1.56578
-1.63849
-1.62852
-1.34108
-1.60908
-1.29327
-1.49164
-1.65737
-1.04433
-1.4899
-1.55707
-1.63764
-1.55451
-1.6741
-1.25019
-1.76673
-1.43125
-1.44185
-1.183
-1.59164
-1.55874
-1.43187
-1.12205
-1.15175
-1.50624
-1.51565
-1.31782
-1.76249
-1.44558
-1.46237
-1.12568
-1.44199
-1.66839
-1.28588
-1.65724
-1.50335
-1.48839
-1.61206
-1.48286
-1.12803
-1.33229
-1.3972
-1.26803
-1.58357
-1.61453
-1.39545
-1.36154
-1.65116
-1.7754
-1.2184
-1.70948
-1.28445
-1.63015
-1.31748
-1.04893
-1.19576
-1.53935
-1.45193
-1.36981
-1.25676
-1.04042
-1.50856
-1.21626
-1.4147
-1.53694
-1.39065
-1.37146
-1.42654
-1.37196
-1.4763
-1.46459
-1.16939
-1.35676
-1.49967
-0.965916
-1.36492
-1.30601
-1.41125
-1.80301
-1.4961
-1.03039
-1.3575
-1.64196
-1.53603
-1.43499
-1.26425
-1.50024
-1.85378
-1.48376
-1.526
-1.37646
-1.26441
-1.34956
-1.31342
-1.46538
-1.23118
-1.31828
-1.41556
-1.41674
-1.41412
-1.51908
-1.43883
-1.43558
-1.15635
-1.56341
-1.63948
-1.4572
-2.1967
-1.26762
-1.21947
-1.71504
-1.50912
-1.2983
-1.39838
-1.2964
-1.11298
-1.2585
-1.50473
-1.74266
-1.3821
-1.06356
-1.50038
-2.29066
-1.56324
-1.67887
-2.18863
-1.18123
-1.18974
-1.6048
-1.34923
-1.24158
-1.6609
-1.89344
-1.46102
-1.31173
-1.33521
-1.38936
-1.22562
-1.53409
-1.81494
-1.23191
-1.4872
-1.27189
-1.14133
-1.31289
-1.37804
-1.40022
-1.58536
-1.91301
-1.2859
-1.79415
-1.4808
-1.56769
-1.51858
-1.23902
-1.3124
-1.15767
-1.68566
-1.2539
-1.27661
-1.75353
-1.48057
-1.30092
-1.92453
-1.40166
-0.36455
-1.19855
-1.61844
-1.15683
-1.5226
-1.91479
-1.50964
-1.47133
-1.29442
-1.68686
-1.30536
0.381602
-0.993068
-1.79019
-1.68277
-1.62731
-1.332
-1.402
-1.19597
-1.19952
-1.41893
-1.22424
-1.4407
-1.62318
-1.33409
-1.66585
-1.37899
-0.99137
-1.61387
-1.40518
-1.67692
-1.49276
-1.54225
-1.58413
-1.73644
-1.65225
-1.34527
-1.30284
-1.08517
-1.64246
-1.82205
-1.75888
-1.46349
-1.81597
-1.1887
-1.69646
-1.69851
-1.60375
-1.31195
-1.42878
-1.85765
-1.35239
-1.43896
-1.42719
-1.5684
-1.32668
-1.30815
-1.32292
-1.21514
-1.33625
-1.62064
-1.23717
-1.38909
-1.67427
-1.33208
-1.38848
-1.27327
-1.43884
-1.24578
-1.43366
-1.33917
-1.50246
-1.36324
-1.1812
-1.40862
-0.971467
-1.92302
-1.15403
-1.36739
-1.47739
-1.51309
-1.18593
-1.61228
-1.46066
-1.48515
-1.315
-1.54327
-1.47792
-1.90916
-1.64381
-1.29957
-1.44005
-1.41887
-1.08584
-1.68549
-1.66362
-1.47841
-1.36653
-0.849462
-1.36141
-1.45266
-0.698291
-1.84738
-1.30517
-1.42183
-1.47466
-1.38892
-1.30118
-1.78925
-1.55358
-1.5004
-1.37784
-1.24418
-1.45966
-1.3612
-1.45865
-1.54744
-1.21408
-1.49461
-1.83446
-1.26771
-1.40413
-1.47471
-1.49911
-1.70072
-1.45304
-1.44024
-2.01588
-1.262
-1.34282
-1.56009
-0.91649
-1.4442
-1.22192
-1.29178
-1.3729
-1.28952
-1.75343
-1.85066
-1.23743
-1.0397
-1.22532
-1.40989
-0.150626
-1.25288
-1.54417
-1.51484
-1.32739
-1.31766
-1.53722
-0.887534
-1.68672
-1.50194
-1.49946
-1.41327
-1.40411
-1.51775
-1.78404
-1.57722
-1.69355
-1.54998
-1.42609
-1.35106
-1.49566
-1.34472
-1.57337
-1.18895
-0.968088
-1.14074
-1.37764
-1.67552
-1.12311
-1.23006
-1.19776
-1.37516
-1.69154
-0.79851
-1.45592
0.350911
-1.61776
-1.19986
-1.34711
-1.74545
-1.49727
-1.28104
-1.42813
-1.46416
-1.32638
-1.25777
-1.21129
-1.49728
-1.19916
-0.658827
-1.34432
-1.38161
-1.84781
-1.68556
-1.44178
-1.32145
-1.40889
-1.34684
-2.01098
-1.19427
-1.32769
-1.33074
-1.56041
-1.51777
-1.40022
-1.68968
-1.72607
-1.30415
-1.21292
-1.44668
-1.62489
-1.68651
-1.4071
-1.57768
-1.18221
-1.23484
-1.34973
-1.46332
-0.968766
-1.67823
-1.53603
-1.35824
-1.48342
-1.63019
-1.47277
-1.23385
-1.54087
-1.41269
-1.44326
-1.49006
-1.19905
-1.28037
-1.72373
-1.56407
-1.34505
-1.38749
-1.3214
-1.26174
-1.3908
-1.30615
-1.47127
-1.51773
-1.46255
-1.5122
-1.38078
-1.45961
-1.36291
-1.61772
-1.4723
-1.53967
-1.30078
-1.29987
-1.21091
-1.48962
