-0.727876
-1.15136
-1.26294
-1.00507
-0.902517
-1.1735
-0.879849
-0.715734
-0.964181
-0.897424
-0.250276
-1.05541
-0.785121
-0.967522
-0.228812
-1.0926
-0.608366
-0.804821
-0.8968
-0.695479
-1.14599
-0.659131
-0.777495
-0.662199
-0.509383
-0.728786
-0.903799
-0.171635
-0.851952
-1.02007
-0.757925
-0.974194
-0.870613
-0.685439
-0.744605
-1.03067
-0.504396
-1.0792
-1.09085
-1.06794
-0.820249
-0.935227
-0.779309
-0.908272
-0.953665
-1.0329
-0.953508
-0.858806
-0.674841
-1.35827
-0.662835
-0.54142
-0.534166
-0.145322
-0.846386
-0.150442
-1.03
-0.602244
-1.04847
-0.622273
-1.08072
-0.610272
-1.1389
-0.281639
-0.64126
-1.05756
-0.954079
-1.10705
-0.410173
-1.17129
-1.01225
-0.901257
-0.747971
-1.1926
-0.354687
-0.72288
-0.836834
-1.81851
-1.17919
-0.651259
-1.12006
-0.629215
-0.860644
-0.865174
-1.25418
-1.1076
-0.673327
-0.363341
-1.15097
-0.896828
-1.17114
-1.05673
-0.817754
-1.07452
-0.874992
-1.37803
-0.302586
-0.970998
-0.946176
-1.26634
-0.936401
-0.421515
-0.661309
-0.490133
-1.09145
-1.31764
-0.916429
-1.19213
-0.950376
-0.857006
-0.930175
-0.934049
-0.436214
-0.995058
-0.879731
-0.614504
-1.29505
-0.919474
-1.03177
-0.235954
-1.07433
-0.501366
-0.963406
-1.20409
-0.868323
-1.03692
-0.871655
-0.993952
-0.530111
-0.541282
-0.855055
-0.922999
0.618697
-0.910245
-0.64296
-0.698199
-0.400363
-1.1323
-1.14704
-0.711446
-1.28442
-0.647426
-0.895174
-1.06826
-0.746814
-0.66377
-0.825738
-0.618139
-0.469354
-0.864931
-1.05737
-0.326264
-0.714312
-0.76381
-0.703959
-0.527442
-0.391016
-0.863097
-0.57824
-1.20454
-0.971179
-1.00377
-0.504278
-1.30472
-1.17024
-0.890287
-0.770238
-0.900086
-1.15755
-0.689528
-0.683506
-0.705046
-0.760149
-1.18594
-1.1197
-0.954873
-0.843681
-1.00227
-0.577387
-0.959411
-1.1732
-1.01737
-0.697642
-1.06329
-0.749979
-0.89148
0.879996
-0.561206
-1.0553
-0.573696
-0.584658
-1.28319
-0.760364
-0.887296
-0.659659
-1.2413
-0.730754
-0.769907
-0.391191
-0.719216
-0.520635
-1.26069
-1.02811
-0.89098
-0.746888
-1.21472
-0.837129
-1.49315
-1.17285
-1.20597
-1.17107
-0.948496
-1.27914
-0.845547
-0.706403
-0.386405
-0.871696
-1.17671
-1.15124
-0.822699
-0.766397
-0.47736
-0.878425
-1.40974
-0.492871
-0.997194
-0.898909
-0.623405
-0.689177
-1.02466
-0.107502
-1.04896
-1.01713
-0.838998
-1.11788
-1.02373
-1.06354
-0.898121
-0.997758
-0.47626
-0.350153
-1.62564
-0.519486
-1.1582
-1.26151
-0.32944
-0.395695
-0.85975
-0.758508
-0.351853
-0.772301
-1.57792
-0.831535
-1.02427
-0.862958
-0.783503
-1.41242
-0.577141
-0.626828
-0.647941
-0.626169
-1.05799
-0.509517
-0.95326
-0.744865
-1.05344
-1.12325
-0.846178
-0.934658
-1.19693
-0.772991
-0.181926
-1.24509
-0.662742
-0.728933
-0.483628
-0.591484
-0.770857
-1.01643
-0.309578
-0.984341
-0.864273
-0.447678
-0.781466
-0.928032
-0.949273
-0.862979
-0.809599
-0.971208
-0.870946
-0.972197
-0.679646
-0.709114
-0.817651
-0.537929
-0.756283
-0.887831
-1.27148
-0.745665
-1.39628
-1.23303
-1.0441
-0.73285
-0.810011
-1.35141
-1.2321
-0.831805
-0.906224
-1.19184
-0.966724
-1.01076
-1.23218
-0.932755
-1.17315
-0.243328
-0.642724
-1.13398
-1.03777
-0.820466
-0.385589
-0.913321
-1.10717
-0.82754
-0.816432
-0.756892
-1.14821
-0.715846
-0.863312
-1.34697
-0.801824
-0.752309
-1.06967
-1.31139
-1.19652
-0.855577
-1.09701
-0.868713
-0.85604
-0.846625
-0.965029
-0.665181
-0.956651
-0.675527
-0.985937
-1.33125
-0.759277
-0.57594
-0.884902
-0.571001
-0.766986
-1.14569
-1.06986
-0.721449
-0.70305
-0.95766
-1.27882
-0.678825
-0.859383
-0.741528
-1.37563
-0.798594
-1.16675
-0.710615
-0.843812
-0.688366
-0.429963
-0.428231
-1.14284
-0.512929
-0.668723
-0.881914
-1.25762
-1.02025
-0.852939
-1.04813
-1.08158
-0.786058
-0.721447
-0.769802
-1.22905
-0.801207
-0.965545
-1.8669
-1.08876
-1.61611
-0.489068
-1.09527
-1.33658
-1.22963
-0.466426
-0.563533
-1.17861
-1.05541
-0.335235
-1.04379
-0.749891
-0.536499
-0.721196
-0.687837
-1.37574
-0.97067
-0.688169
-0.617937
-0.831827
-0.733751
-0.663336
-0.367416
-0.905298
-0.844672
-0.474852
-0.631323
-1.15701
-1.19048
-0.848114
-0.312196
-0.89617
-0.884084
-0.625131
-1.1658
-0.991066
-0.824531
-0.643277
-0.960679
-1.01098
-0.96068
-0.502893
-0.614466
-0.553967
-1.14925
-0.94942
-1.18014
-0.557166
-0.888787
-1.12543
-0.831776
-0.781061
-1.09578
-0.569539
-1.10794
-0.19197
-0.567869
-0.315763
-1.14948
-0.679685
-0.860101
-1.16234
-0.731223
-0.526207
-0.459699
-0.718132
-0.865335
-0.886919
-0.98103
-0.637883
-0.764736
-0.934442
-0.293999
-1.05179
-1.01163
-0.994212
-0.709445
-1.02231
-0.854982
-1.81583
-0.768136
-0.718163
-0.692398
-0.430272
-0.701889
-0.909251
-0.959172
-0.809826
-1.30877
-0.814446
-1.01269
-1.27946
-1.01504
-1.02215
-0.822523
-0.96527
-1.29167
-1.23508
-0.882923
-0.89931
0.825268
-0.977963
-1.04233
-0.698636
-1.14088
-0.426554
-0.412766
-0.868913
-0.82499
-0.960329
-0.760997
-0.674182
-0.650779
-1.20407
-0.935378
-0.623467
-0.748689
-0.585697
-0.844336
-1.05046
-0.572879
-1.12549
-1.30825
-1.14109
-0.585717
-0.561617
-1.21415
-0.674586
