0.849197
1.02542
1.09002
1.00539
1.00048
0.949534
0.949794
0.855072
0.908776
1.00909
0.683656
1.02093
0.919714
0.955542
0.672592
1.07158
0.944237
0.903956
0.8843
0.850268
1.01531
0.85458
0.85188
0.861058
0.858303
0.925558
0.853977
0.680127
0.928686
1.06328
0.87993
0.870548
0.965831
0.877478
1.01071
0.982087
0.724319
0.97973
1.03644
1.03866
0.919289
0.958097
0.851578
0.938574
1.06461
0.996051
0.979185
0.909727
0.906973
0.846186
0.866784
0.827746
0.751361
0.709062
1.01121
0.637204
0.962788
0.823818
1.00035
0.824231
1.05282
0.826517
1.02609
0.689498
0.849106
0.98987
0.934772
1.005
0.643815
1.02323
0.993637
0.922741
0.89812
1.08369
0.740707
0.886223
0.836166
1.11563
1.13465
0.956057
0.909509
0.815698
0.862903
0.883016
1.05249
0.971021
0.876421
0.731744
0.93807
0.910557
1.03056
1.03304
0.847342
0.895156
1.01142
1.08342
0.705394
1.02283
0.931724
1.047
0.9548
0.768135
0.852055
0.864431
1.02972
1.12619
0.940564
1.08422
0.971874
0.967295
0.981689
1.00988
0.846416
1.0252
0.861533
0.821744
1.13634
0.924009
0.800166
0.475381
1.05606
0.788837
0.997513
1.00391
1.05709
0.932091
0.916685
1.12228
0.851842
0.73441
0.852982
1.03663
0.403138
0.915858
0.91868
0.879437
0.738245
1.01609
1.04102
0.927446
1.0469
0.849517
0.955273
0.996923
0.869999
0.873845
0.944028
0.861763
0.756232
0.914677
0.971896
0.640534
0.892716
0.718425
0.887725
0.744103
0.736825
0.915155
0.808077
1.01562
0.983227
1.02168
0.76079
1.16819
1.04947
0.985546
0.904232
0.9219
1.05009
0.892556
0.867941
0.880975
0.908801
1.08462
0.996853
0.912787
0.935344
0.910558
0.769553
0.94339
1.10676
1.02318
0.905969
0.888938
0.979568
0.969043
0.349432
0.817668
1.02412
0.77788
0.903197
1.03937
0.858504
0.877835
0.919026
1.0609
0.910722
0.908691
0.794607
0.857102
0.801602
1.04061
0.951431
0.95122
0.924457
1.00233
0.941709
1.54981
1.01691
0.999233
1.00644
1.08205
1.01917
0.918505
0.845845
0.717079
0.988248
0.889199
1.03664
0.872741
0.827349
0.764481
0.905473
1.07671
0.773397
0.932877
0.87672
1.0772
0.860744
0.992826
0.653366
1.00632
0.896972
0.960861
1.01303
0.973088
0.96472
0.887047
1.00085
0.86369
0.714962
1.19631
0.753717
1.03102
1.0235
0.702407
0.774625
0.963412
0.890531
0.752511
0.953894
1.14998
0.892676
0.844507
0.963366
0.940991
1.1147
0.765807
0.771183
0.76125
0.869517
1.02785
0.816442
0.958415
0.934707
0.959678
0.956596
0.920295
0.895607
0.92542
0.900148
0.710913
1.11654
0.827608
0.860138
0.867355
0.856466
0.9233
0.9813
0.703069
0.944057
0.870196
0.707584
0.83474
0.992787
1.05197
0.91681
0.873362
0.927931
0.905935
1.05201
0.878001
0.899357
0.919158
0.784573
0.859648
0.950359
1.09272
0.891936
1.09608
1.16253
0.99113
0.920274
0.959013
1.11059
1.03117
0.906521
0.935027
1.11236
0.969303
1.00703
1.13837
1.04745
1.08199
0.66932
0.890248
0.991568
0.876699
0.919292
0.687686
0.96936
1.04946
0.887649
0.932878
0.93428
1.02972
0.856314
1.0023
1.14694
0.902338
0.844513
1.02196
1.177
0.938018
0.974619
0.946236
0.862224
0.877787
0.923726
0.942985
0.822507
0.952068
0.917525
1.01811
0.946818
0.952863
0.800065
0.959365
0.850391
0.841239
0.972766
1.0065
0.854971
0.866979
1.03846
1.09825
0.838433
0.899162
0.935756
1.05495
0.99746
0.992488
0.856014
0.939341
0.860688
0.799799
0.81943
0.953882
0.791614
0.944683
0.888813
0.889263
0.972364
0.904073
1.0007
1.03027
0.848549
0.894691
0.944412
1.18731
0.985524
0.957452
1.15726
1.07642
1.18842
0.778996
1.06618
1.12496
1.0081
0.825516
0.835883
0.993263
1.0012
0.746375
0.880663
0.883261
0.830582
0.875486
1.00978
1.13219
1.00343
0.856691
0.836486
0.940097
0.872299
0.864619
0.7132
0.96069
0.923982
0.783632
0.843691
1.01226
0.997522
0.916584
0.681275
0.966104
0.965936
0.858865
0.96068
0.983764
0.936569
0.888105
1.01741
1.07458
0.917515
0.760705
0.852049
0.84421
1.03181
0.852522
1.01805
0.861508
0.956509
0.970386
0.968579
0.854331
0.996518
0.830936
1.07036
0.664067
0.883933
0.728076
0.980595
0.856515
0.920807
1.04117
0.881643
0.917764
0.786002
0.925215
0.935147
0.93369
0.810652
0.81152
0.903568
1.00392
0.686301
0.980885
0.936912
0.971335
0.84582
0.870259
0.862589
1.25234
0.872645
0.83995
0.854418
0.866523
0.899775
0.943322
0.932669
0.902398
0.962077
0.877849
0.98805
1.01904
0.985243
1.03953
0.902698
0.961167
1.13
1.10747
0.925353
0.964452
0.374989
0.904438
1.02963
0.853316
1.09349
0.780088
0.676631
0.947142
0.917675
0.863028
0.926059
0.916659
0.788805
1.03071
0.933022
0.885001
0.894807
0.831834
0.930595
0.972773
0.792343
1.14484
1.09825
1.02838
0.78667
0.808487
1.02341
0.888448
