-1.45126
-1.65197
-1.6319
-1.93621
-1.91514
-2.35733
-1.7846
-1.92823
-1.54993
-1.83105
-1.77388
-1.88967
-1.98773
-2.09486
-1.74565
-2.544
-1.68021
-2.39939
-1.83544
-2.03566
-2.14528
-1.45708
-2.37821
-3.147
-1.40185
-1.886
-1.42484
-1.86591
-2.05978
-1.86819
-1.53357
-2.04122
-1.67422
-1.98732
-2.28197
-2.07542
-2.28997
-1.83465
-1.80269
-1.82423
-1.93461
-1.82095
-2.20861
-1.44579
-1.98801
-2.69893
-1.77152
-2.26192
-2.17467
-1.66469
-1.65965
-1.01542
-2.19498
-1.81299
-2.40926
-2.32268
-2.36481
-1.81233
-2.20149
-1.63001
-1.82959
-1.42316
-2.03286
-2.03228
-1.6935
-1.84321
-1.88739
-1.7911
-2.56985
-2.13128
-1.75116
-1.79715
-1.99562
-1.68703
-2.0424
-1.53253
-1.95898
-2.5199
-1.96039
-1.92111
-2.01371
-2.65246
-1.89027
-1.83622
-1.98333
-1.42843
-2.3827
-1.72578
-2.39108
-2.32378
-1.94059
-2.47138
-2.00649
-1.8404
-1.95266
-2.52708
-1.87986
-1.93431
-1.71681
-1.91092
-2.05052
-2.06966
-1.59467
-2.1094
-2.29418
-2.01736
-2.24681
-2.13621
-1.88642
-1.39366
-2.07176
-1.86488
-2.09894
-1.62131
-1.967
-1.79534
-1.1226
-1.53509
-2.06688
-1.65225
-2.1162
-1.71828
-1.91576
-1.83122
-0.248981
-1.76356
-2.09538
-1.79244
-2.23448
-1.89819
-1.74389
-1.84879
-1.98482
-2.21327
-1.69685
-2.07366
-3.16565
-2.32127
-1.88168
-2.04255
-1.9139
-1.7489
-1.8845
-2.11593
-2.12419
-2.39422
-1.67253
-2.43404
-3.09906
-1.60602
-1.31287
-1.64197
-1.82326
-2.77079
-1.74055
-2.13851
-2.07888
-2.58201
-1.8217
-1.93774
-1.85267
-1.9668
-1.90722
-1.9931
-1.95569
-1.90749
-1.66241
-2.09667
-1.90393
-1.05538
-2.05721
-2.35268
-1.97419
-2.89929
-2.04621
-1.75998
-1.53381
-1.91096
-2.38984
-1.93151
-1.71089
-1.83632
-2.1687
-1.48626
-1.70431
-1.74212
-1.7023
-1.8873
-1.84686
-1.77518
-1.78472
-2.53758
-1.57947
-2.11841
-1.76058
-1.92922
-2.11817
-2.27307
-1.73505
-2.31952
-1.84732
-1.7071
-1.56044
-1.91965
-1.91728
-2.1102
-1.82915
-1.42948
-2.04214
-1.95206
-1.71759
-1.93501
-1.73345
-2.29519
-2.1319
-1.95608
-2.21554
-2.08309
-1.86002
-2.55278
-1.67173
-2.04026
-1.48315
-2.03683
-1.62807
-2.05807
-1.96184
-1.70471
-2.53553
-1.783
-1.93435
-2.14765
-2.31697
-1.84785
-2.06517
-1.91558
-1.96073
-1.69947
-1.44479
-2.11177
-1.99798
-2.57028
-1.55965
-1.95795
-2.0519
-1.96348
-2.57413
-2.5804
-1.91754
-1.53339
-1.92337
-2.0157
-1.83666
-1.88545
-2.24713
-1.77001
-1.82769
-1.96404
-2.80153
-2.07628
-1.95379
-1.53865
-1.62121
-1.53501
-1.70058
-1.92449
-2.21342
-2.31552
-1.93924
-1.76724
-1.68937
-2.57863
-1.97489
-1.81136
-1.87232
-1.63442
-1.87578
-2.19436
-1.69069
-1.98945
-1.57454
-1.86766
-1.69931
-2.13361
-2.16067
-1.36414
-2.03897
-1.98665
-1.5175
-2.82381
-1.98756
-2.08376
-1.83009
-1.96898
-1.51414
-2.18344
-1.86394
-1.95324
-1.98969
-2.00227
-1.77015
-2.11277
-1.81181
-1.74237
-1.65875
-1.77988
-1.89627
-2.18338
-2.04099
-2.07621
-1.97826
-1.71125
-1.95071
-2.3242
-1.56583
-1.91433
-1.82701
-1.64678
-2.01168
-1.8022
-1.79657
-1.78793
-1.87372
-2.1401
-2.29489
-2.07087
-2.1018
-1.46837
-1.88938
-1.75618
-1.81416
-1.63747
-1.679
-1.98255
-1.60614
-1.91659
-1.80203
-1.65179
-1.53754
-1.78176
-2.38281
-2.17795
-1.97623
-1.87844
-1.76068
-1.87006
-1.92581
-1.79975
-1.56738
-1.91605
-1.88483
-2.00683
-1.64298
-1.27992
-2.24447
-1.88678
-1.77795
-1.6279
-1.64393
-1.60882
-1.55817
-1.82193
-2.50601
-1.74686
-2.20998
-2.26889
-1.53172
-1.58015
-1.98995
-2.00878
-1.808
-1.82829
-1.80294
-1.8914
-2.45443
-2.07223
-1.92144
-1.88928
-1.67286
-1.81756
-1.85817
-1.7394
-2.00865
-1.99655
-1.96764
-2.20885
-2.21447
-2.40005
-1.51372
-1.91833
-1.89362
-1.51032
-1.77247
-1.7587
-2.01015
-1.56692
-1.6342
-1.89709
-2.00119
-2.1527
-2.0685
-1.98636
-2.36687
-1.78617
-1.99192
-1.81892
-2.08453
-1.75817
-1.77784
-1.78849
-2.13421
-1.79613
-1.65464
-2.15607
-1.85461
-2.28179
-1.9348
-1.70211
-2.25024
-1.73908
-1.76333
-1.90635
-1.55863
-2.24265
-2.88067
-1.93617
-1.90442
-2.05452
-1.79932
-1.82126
-1.58429
-2.02943
-1.55945
-2.59072
-1.71755
-1.64186
-1.91273
-2.04535
-2.25396
-1.63581
-1.42426
-2.19628
-1.68144
-1.63175
-2.16834
-2.16416
-2.23542
-1.85958
-1.54899
-2.45419
-1.71734
-1.93765
-2.11877
-1.60637
-2.2767
-1.56716
-1.95661
-2.62338
-2.0467
-1.80053
-2.37822
-1.87408
-1.50751
-2.22982
-1.78662
-2.28839
-1.50544
-1.83082
-1.61905
-1.78696
-1.84942
-1.79863
-2.30105
-2.11618
-2.30019
-1.45522
-1.60998
-1.86125
-1.83586
-2.2374
-2.11738
-2.55978
-2.0524
-1.86932
-1.86187
-1.57675
-1.85041
-1.72575
-2.22785
-1.99664
-2.23006
-1.71035
-2.24849
-1.40563
-1.84445
-1.90901
-2.17614
-1.85738
-1.76209
-1.71357
-1.6803
-1.78999
-2.23014
-1.81593
-1.56355
-2.19787
-2.06307
-2.35677
-2.26853
-1.81987
-1.73416
-1.60498
-1.57824
-1.80379
-1.74283
-1.63927
-1.88607
-1.7097
-1.977
-1.86149
-1.4349
-1.96334
-2.19294
-1.72503
-1.61587
-1.85802
-1.94499
-2.28919
-2.50285
-1.61146
-1.90197
-2.05515
-1.8164
-1.77347
-1.89269
-1.8215
-2.26458
-2.26911
-1.94724
-2.25731
-1.77308
-2.05251
-1.59563
-2.0654
-2.54491
-2.11015
-1.70364
-2.7822
-1.68429
-1.77178
-2.24304
-1.21545
-1.95
-0.960294
-1.53313
-2.05141
-1.41176
-1.70498
-1.69597
-1.93534
-1.95969
-1.45976
-1.67978
-1.65474
-1.7897
-1.97809
-2.1926
-1.70032
-1.69369
-2.13126
-2.10244
-2.00135
-1.94135
-2.44017
-1.56301
-1.37688
-1.93423
-1.65201
-1.90202
-1.51057
-1.82721
-2.0473
-2.0586
-1.63831
-1.84463
-1.74689
-1.94968
-1.90334
-1.5405
-1.8698
-1.4255
-1.77083
-2.43851
-2.30804
-2.25464
-1.53591
-1.90878
-1.68149
-2.05896
-1.78496
-1.75008
-2.33242
-1.81311
-1.61941
-1.91431
-2.10766
-2.13912
-1.87583
-1.76387
-1.26279
-1.96409
-1.99525
-2.0452
-1.78432
-1.70619
-1.65866
-1.71334
-1.91716
-1.74345
-1.83471
-1.90567
-1.71416
-1.80917
-2.15428
-1.71065
-1.62571
-1.63937
-1.70285
-1.83305
-1.60873
-1.77981
-2.05608
-1.77439
-2.15432
-1.86181
-2.24451
-1.71361
-2.03691
-2.177
-2.13287
-1.94341
-1.89992
-1.64324
-1.982
-1.79979
-2.01984
-1.57335
-1.52728
-2.03806
-1.75427
-1.5436
-2.03052
-1.75031
-1.92417
-1.76396
-1.76916
-1.96856
-2.12049
-1.85518
-1.82176
-2.06221
-2.37636
-1.98763
-1.87118
-1.84949
-1.72437
-1.84439
-1.91352
-2.23326
-2.12163
-2.41065
-1.52101
-1.70673
-2.21736
-1.50871
-1.7304
-1.73102
-1.76852
-2.03398
-2.1489
-2.21786
-2.29413
-1.55335
-1.69548
-1.78579
-1.67685
-1.62623
-2.03808
-1.45244
-1.64334
-2.02306
-2.30633
-2.36417
-2.14275
-1.55551
-1.87289
-2.17527
-1.63886
-1.77604
-2.01427
-1.42157
-2.00329
-2.11973
-2.17174
-1.69797
-1.47163
-2.0763
-1.59905
-1.43235
-1.98252
-1.85052
-1.81992
-1.65605
-2.25502
-1.97215
-1.76736
-2.22456
-1.9254
-1.58722
-1.30577
-2.02992
-1.73283
-2.31867
-1.37097
-1.74541
-1.82729
-2.01296
-1.98484
-1.86132
-2.01309
-2.12033
-1.57037
-1.7122
-1.46348
-1.89729
-2.39026
-1.69653
-2.1292
-1.71148
-1.68533
-1.59714
-1.82429
-2.04389
-2.03026
-1.79326
-2.47072
-1.68874
-1.6804
-1.97412
-1.64984
-2.04383
-2.02312
-2.09497
-1.62057
-2.1241
-1.64417
-1.84059
-2.07979
-1.31323
-1.93524
-2.16813
-1.60709
-1.73776
-1.67642
-2.01038
-2.27377
-1.89034
-2.05352
-1.73469
-1.88051
-2.27184
-1.88633
-2.00569
-1.94005
-1.90857
-1.92799
-1.68838
-1.89374
-1.68132
-1.74095
-1.84695
-1.74828
-2.23124
-2.07207
-1.62718
-2.0866
-2.11936
-2.08317
-2.22626
-1.68163
-1.75837
-1.94291
-1.22289
-1.89851
-2.35999
-1.811
-2.4093
-2.72994
-1.92954
-1.96114
-1.83085
-1.45768
-1.70729
-2.52143
-1.81786
-2.32737
-2.11094
-2.34819
-1.74587
-2.45311
-1.69317
-1.65791
-1.80971
-1.57091
-1.95068
-2.08798
-2.03899
-1.70783
-1.95448
-2.21416
-2.11641
-2.0615
-1.83525
-1.65939
-1.9011
-2.23236
-1.68785
-2.22987
-2.05001
-1.75282
-2.27159
-2.3174
-1.78256
-2.08918
-1.84153
-1.81118
-1.31454
-1.92367
-2.20661
-1.65435
-1.78567
-2.08798
-1.85967
-1.90589
-1.93349
-1.49094
-2.01961
-2.13689
-1.98717
-2.34252
-2.06734
-1.86232
-1.7749
-2.19547
-2.08147
-1.93222
-1.44479
-2.61127
-1.99633
-2.30742
-1.88262
-1.99659
-1.65519
-1.98033
-2.34852
-2.13836
-1.7005
-1.84302
-2.03699
-1.23027
-1.86721
-1.8985
-2.13384
-1.33413
-1.81957
-1.98161
-1.69464
-1.92429
-1.36066
-1.99217
-1.76051
-1.78187
-1.7839
-3.41391
-1.68857
-1.83468
-1.97996
-2.03565
-1.23731
-1.70121
-1.74958
-1.89392
-1.45623
-1.85405
-1.7018
-1.81115
-1.74451
-1.94647
-1.26374
-2.24492
-1.78199
-3.88474
-2.24131
-1.63896
-1.45351
-1.97773
-1.71767
-2.02845
-1.78766
-1.67753
-1.70882
-2.54032
-1.52268
-2.23097
-2.11128
-1.80554
-2.13227
-1.64893
-1.88455
-1.52592
-2.14669
-1.75324
-1.69798
-1.93545
-2.10774
-2.47038
-1.49259
-1.86823
-2.42713
-1.95088
-1.88514
-1.97805
-2.25441
-2.42103
-1.73121
-2.24098
-2.41669
-2.07325
-2.05639
-1.99376
-2.05128
-1.43477
-1.56187
-2.34678
-1.69413
-2.47117
-2.00587
-1.87822
-1.91141
-2.36958
-1.86748
-1.71608
-1.83441
-1.90158
-2.71901
-1.42048
-2.20999
-2.23493
-2.12748
-2.33514
-1.39552
-1.94573
-1.9662
-1.63997
-1.77522
-2.30439
-1.80218
-2.10281
-1.6149
-1.83189
-2.37398
-1.82703
-1.64229
-1.87805
-2.09026
-1.86716
-1.99158
-1.49991
-2.08378
-1.9033
-1.82016
-1.55926
-2.38981
-2.15456
-2.30475
-2.06329
-2.02898
-2.0017
-1.87114
-1.67159
-2.07634
-2.11298
-1.80733
-1.97789
-1.94198
-1.95556
-2.16771
-2.56777
-2.1558
-2.14028
-1.77828
-1.73453
-1.95004
-2.10847
-2.05227
-1.54078
-2.10304
-1.77403
-1.72278
-1.70988
-2.51912
-2.01882
-2.39948
-2.05891
-1.60002
-2.09398
-1.56195
-1.44108
-1.78327
-1.81556
-2.33163
-1.89109
-1.61896
-2.17703
-1.80188
-2.36924
-1.72397
-2.02681
-1.56106
-1.73865
-1.83089
-1.58351
-1.38171
-2.21154
-2.10252
-1.6676
-2.14811
-2.11358
-1.96852
-1.84488
-2.22216
-1.88184
-1.80647
-1.68045
-1.95921
-2.29906
-2.22304
-1.46781
-1.82972
-1.62001
-2.23156
-2.32782
-1.42741
-2.18899
-2.12575
-1.78593
-2.20788
-3.09145
-2.13335
-1.95532
-2.19888
-2.1309
-1.45325
-2.0153
-2.3198
-1.77156
-1.91084
-2.03052
-2.44815
-1.8854
-1.44238
-1.81283
-1.84141
-1.62582
-1.75183
-2.63332
-1.39615
-2.2464
-1.65936
-1.76468
-1.6846
-1.70438
-1.94858
-1.69024
-1.76372
-1.65139
-1.78066
-1.83595
-1.73974
-1.61276
-2.26965
-1.90807
-1.90125
-2.05919
-1.49202
-2.02004
-1.75522
-2.03948
-1.50438
-1.95258
-1.94958
-1.5601
-2.3855
-2.61368
-2.0047
-2.43658
-1.64862
-1.86997
-1.87246
-2.19265
-2.22689
-1.71825
-2.35829
-2.11149
-1.65709
-1.94192
-1.82941
-1.8944
-1.8563
-2.03425
-1.30992
-1.88209
-2.09182
-3.83508
-1.38611
-1.76535
-1.5231
-2.09089
-2.16311
-2.41193
-1.81954
-1.91482
-1.91285
-1.73428
-1.84405
-1.64384
-2.05382
-1.77161
-2.64674
-2.13833
-1.9646
-1.99666
-2.02652
-1.59951
-2.5013
-2.46761
-2.01353
-2.01888
-1.73086
-1.64451
-1.84694
-1.45605
-1.771
-1.74411
-1.6644
-2.59741
-1.8008
-2.72798
-1.65167
-1.8661
-1.94154
-1.44138
-1.70545
-1.96857
-1.63361
-2.00703
-2.33151
-2.10694
-2.09042
-2.67973
-2.27982
-2.35065
-1.73557
-2.04967
-2.13478
-1.72854
-1.98901
-1.64264
-2.41932
-2.12048
-1.69729
-2.07428
-2.00515
-2.1832
-1.67195
-1.62958
-2.27028
-2.26579
-1.98377
-2.04993
-1.98201
-2.2096
-1.76064
-2.13913
-1.79968
-1.76958
-2.03086
-2.50565
-2.36044
-2.02363
-2.13906
-1.94964
-1.74393
-2.31425
-2.04282
-1.7827
-1.82948
-1.86188
-1.64157
-1.84976
-1.84469
-2.36704
-2.09211
-2.29179
-1.79448
-1.92729
-2.35541
-1.81758
-2.12107
-1.68217
-1.7696
-2.10029
-1.73714
-1.93631
-1.83007
-1.78348
-2.0403
-1.80539
-1.96419
-1.69654
-1.85254
-2.49605
-1.67172
-1.55411
-1.78122
-2.20903
-1.89505
-1.96581
-1.98775
-1.91815
-1.53128
-2.25675
-1.90478
-1.49288
-2.5879
-1.90079
-2.14094
-2.13858
-1.4005
-1.54399
-1.9456
-1.56997
-1.74569
-1.95055
-1.68796
-2.16011
-2.09277
-1.5633
-2.1509
-1.9561
-1.68226
-2.36324
-2.10682
-1.72266
-1.91397
-1.72566
-2.24925
-2.36743
-1.65735
-1.56709
-1.91773
-1.93541
-2.4487
-2.5982
-2.09844
-1.73609
-1.81535
-2.397
-1.88344
-2.18018
-1.78033
-1.97666
-2.17751
-1.99878
-1.74322
-1.83105
-2.15753
-2.07498
-1.94436
-2.08112
-1.85899
-1.89608
-2.24074
-2.08368
-2.13531
-2.23452
-1.79374
-2.37744
-1.95786
-1.90881
-1.76491
-2.15548
-1.79415
-2.17597
-2.5391
-1.85542
-1.62497
-1.81337
-1.55789
-1.91692
-1.72876
-1.90345
-1.56534
-2.0639
-2.10739
-2.32376
-2.04396
-1.80112
-2.14883
-1.89747
-1.90043
-2.08876
-1.71716
-2.37858
-2.30605
-2.15549
-1.81415
-2.1317
-1.66119
-1.85932
-1.98094
-1.98082
-2.25854
-1.79869
-2.47144
-1.495
-1.52221
-1.85118
-2.05047
-1.76954
-2.49062
-2.10896
-1.14841
-1.56284
-1.82945
-1.48909
-2.13237
-1.96522
-1.86847
-2.01905
-1.62672
-1.80274
-1.85039
-2.07953
-2.03847
-1.55684
-1.74992
-1.6751
-2.11521
-1.48267
-2.44685
-1.64479
-1.70367
-1.75049
-1.60476
-2.25682
-1.64537
-1.90527
-1.47595
-2.08758
-1.66847
-1.75
-1.67722
-1.62355
-1.96113
-2.05543
-2.45841
-1.78143
-1.47525
-2.6502
-1.75815
-1.82648
-1.87145
-1.7308
-1.78644
-1.76093
-2.01215
-2.24249
-1.51434
-1.6193
-1.82283
-2.23898
-2.59917
-1.61276
-1.68842
-2.42497
-1.74155
-1.70077
-2.34248
-1.67805
-2.31075
-2.50174
-1.94783
-1.92723
-1.70988
-1.91812
-2.01804
-1.77093
-1.97844
-1.67712
-2.31918
-2.13238
-1.74674
-1.74861
-1.68368
-1.80089
-2.32965
-2.21259
-1.8608
-1.81523
-2.44385
-1.9511
-1.93311
-2.38816
-1.6176
-1.65075
-2.23754
-2.26876
-2.24288
-1.73836
-1.83828
-1.9755
-2.12308
-1.7701
-2.84956
-1.6722
-1.91735
-1.98178
-1.54939
-2.22642
-2.33027
-1.9311
-1.50718
-2.57145
-1.59536
-2.39053
-2.06716
-1.4207
-2.13424
-2.37764
-2.05579
-2.34762
-2.35121
-2.22105
-1.46645
-1.37098
-1.83525
-1.50492
-1.73827
-1.92025
-2.10176
-2.49891
-1.8825
-2.14409
-2.38446
-2.24424
-2.02248
-1.69202
-2.08421
-2.04814
-1.63112
-0.588534
-1.7379
-1.89524
-1.93755
-1.98082
-2.02503
-1.57934
-1.96923
-3.24544
-1.68224
-1.52842
-2.34776
-1.52282
-1.91515
-1.58982
-1.6412
-1.96408
-1.8723
-2.00292
-1.91114
-2.10467
-2.17641
-2.33131
-2.23524
-2.218
-2.60406
-1.86631
-2.07097
-1.92585
-1.79708
-1.90008
-1.42642
-1.65522
-1.64824
-2.09558
-2.42966
-1.94187
-2.0304
-1.60805
-2.34125
-1.94083
-1.4912
-1.66416
-2.45246
-2.33263
-1.6533
-2.13779
-1.90666
-2.08684
-2.46432
-1.78915
-2.17941
-2.00342
-2.29562
-1.70988
-1.93075
-1.84697
-1.79725
-1.9249
-2.36125
-1.97291
-1.84024
-1.59749
-1.81934
-2.13506
-1.67376
-1.95207
-1.74683
-2.02555
-1.48724
-1.825
-1.71896
-1.98043
-1.76266
-1.96736
-2.09289
-2.10552
-1.65911
-2.0271
-1.59707
-1.78264
-1.80662
-1.76676
-2.13898
-1.64236
-1.76913
-1.81014
-1.92024
-2.00158
-1.45981
-2.05574
-2.59561
-1.5173
-2.10172
-2.18573
-1.82344
-1.90046
-1.91692
-2.61512
-1.64425
-2.1698
-2.0006
-2.04726
-1.97734
-2.13736
-1.95142
-1.82585
-1.88248
-2.20535
-1.56827
-2.15697
-2.01231
-1.65294
-2.09848
-1.95528
-1.91255
-1.84614
-2.32144
-1.44624
-1.78839
-2.33307
-1.97796
-2.18857
-1.53617
-1.86948
-2.4876
-2.05217
-1.95749
-3.10886
-2.01392
-2.23176
-2.736
-2.07244
-1.76826
-1.96814
-1.79805
-2.43047
-2.59967
-1.49511
-2.08107
-1.48093
-1.50833
-1.5416
-1.94315
-1.43541
-1.72226
-1.83655
-1.60251
-2.03479
-2.27484
-1.84899
-1.99475
-1.84775
-1.66305
-1.76783
-2.16965
-1.95927
-1.88067
-1.85434
-1.9146
-1.6283
-1.80526
-2.23193
-1.50064
-2.22616
-1.88422
-2.36618
-2.07192
-2.50057
-1.5539
-2.52241
-2.04615
-1.95276
-1.49633
-2.01432
-2.01579
-1.88491
-1.62578
-1.45176
-2.26498
-1.65789
-1.84559
-2.60952
-1.83948
-1.87988
-1.80371
-2.06284
-2.16001
-1.83625
-2.02884
-2.16684
-1.77977
-2.34854
-1.98743
-3.23095
-1.9284
-1.86378
-1.38805
-1.41747
-1.56227
-1.82208
-1.97818
-2.19781
-1.93323
-1.86114
-1.72609
-1.98915
-2.26179
-1.60107
-1.41227
-1.77632
-2.21792
-1.86922
-2.1574
-1.66687
-1.37554
-1.86843
-1.44853
-2.2621
-1.81912
-1.97047
-2.07374
-2.1597
-1.78305
-1.79878
-2.11145
-1.67428
-1.73692
-1.88151
-1.38202
-1.73544
-1.68109
-1.98876
-2.13889
-1.99039
-1.59685
-1.97916
-1.87226
-1.75025
-2.13006
-1.90719
-2.12728
-2.17088
-2.28137
-1.73221
-1.87502
-1.93023
-1.82041
-1.76006
-1.77934
-1.92636
-1.98569
-1.75761
-1.82927
-1.82988
-1.86562
-1.84749
-1.94141
-1.81497
-1.72739
-2.34774
-1.85415
-2.52063
-1.7331
-1.66321
-2.00971
-2.07854
-2.26024
-2.12552
-1.69842
-1.61342
-1.65371
-1.91619
-2.22473
-1.79651
-1.58736
-1.93301
-2.55215
-2.14259
-2.01121
-2.83665
-2.05217
-1.82154
-2.20514
-2.10534
-1.60751
-1.97758
-2.47453
-1.86431
-1.58065
-1.80361
-1.53298
-1.68315
-2.04926
-2.25837
-1.64085
-1.88756
-1.84158
-1.63053
-1.9818
-1.92205
-1.75938
-2.37112
-2.60877
-1.48464
-2.86114
-2.17436
-1.9931
-1.94154
-1.48302
-1.67398
-1.97105
-2.05179
-1.99031
-2.00568
-1.96852
-1.81752
-1.75449
-1.90162
-2.04716
-2.19514
-2.07
-1.84926
-1.57336
-2.1041
-2.29795
-1.92856
-2.0357
-1.76903
-2.13454
-1.98336
-2.9783
-1.90834
-2.12694
-2.14423
-2.45218
-2.06131
-1.73467
-1.78892
-1.97552
-1.9417
-1.59027
-1.95818
-1.91821
-1.81282
-2.15912
-1.9573
-2.07494
-1.78696
-1.9459
-1.90297
-1.74999
-2.01144
-2.05386
-2.01237
-1.9229
-1.74855
-1.56072
-1.54972
-2.28582
-2.70013
-2.04259
-1.75252
-2.6457
-1.59999
-2.66875
-2.24392
-2.29415
-1.81688
-1.91313
-2.3745
-1.64252
-1.77447
-2.24293
-1.97997
-1.67496
-1.77721
-1.60317
-1.8569
-2.04871
-1.96742
-1.75436
-1.99792
-2.13809
-1.8646
-1.82441
-2.0158
-1.99326
-1.70243
-1.89895
-1.71569
-2.03799
-1.65027
-1.54698
-2.07992
-1.38099
-2.03386
-1.41655
-1.64717
-2.00092
-2.09942
-1.7928
-2.02333
-1.5986
-1.92417
-2.1544
-1.91362
-1.64769
-2.22819
-2.07967
-1.7627
-1.9056
-2.29194
-1.71975
-2.15679
-2.04032
-1.95534
-1.6579
-1.81582
-1.94952
-1.79992
-0.525471
-2.29278
-1.80298
-2.26255
-2.26989
-1.95618
-1.83663
-1.93567
-2.43234
-2.20523
-1.837
-1.96
-2.03842
-1.7655
-2.01294
-1.90675
-1.46397
-2.08551
-2.16373
-1.64572
-1.68899
-1.83379
-1.97176
-2.24367
-1.70501
-2.06008
-2.33122
-1.77529
-1.75035
-1.67811
-1.21513
-2.00471
-1.50955
-1.86856
-2.07205
-1.84405
-2.38038
-2.49367
-1.80167
-1.24555
-1.70048
-1.98561
-2.1072
-1.83581
-1.75728
-2.12202
-1.6617
-1.79753
-2.24666
-1.54849
-1.97773
-1.78275
-1.79084
-1.92633
-1.71838
-2.23073
-2.01643
-2.37674
-1.85266
-2.27732
-2.00273
-2.01505
-1.80436
-1.53409
-2.07264
-1.48504
-1.2087
-1.75705
-1.59845
-2.06054
-2.03319
-1.91827
-1.97652
-1.72648
-1.63164
-1.93751
-2.22327
-3.13555
-2.02302
-1.29825
-1.62165
-2.42611
-1.85429
-1.72031
-1.7249
-1.84795
-1.84316
-1.93028
-1.70363
-1.99423
-1.63764
-1.68248
-1.82592
-1.81211
-2.07751
-2.16896
-1.75623
-1.8746
-2.2967
-1.72175
-2.92426
-1.60878
-1.7697
-1.66754
-1.92601
-1.69674
-1.96953
-2.31458
-1.99854
-1.88956
-1.46997
-1.8862
-2.04727
-1.98417
-1.68896
-2.10341
-1.89031
-1.89432
-1.69847
-2.1125
-1.76877
-2.30926
-1.85022
-2.17981
-1.72301
-2.04636
-2.23655
-1.85518
-2.01717
-2.03753
-1.74968
-1.7958
-1.67987
-1.87835
-2.11457
-2.18757
-1.83191
-2.4658
-1.66572
-1.88641
-1.94588
-1.83719
-2.3874
-1.94807
-1.8521
-1.9312
-1.79102
-1.99168
-1.97365
-2.09381
-1.88174
-2.11096
-1.65733
-1.60618
-1.72181
-1.93755
