0.858958
0.933108
0.906274
0.889479
0.897465
0.567437
0.993714
0.894949
0.676874
0.877423
0.891423
1.01162
0.915438
1.015
0.999794
1.05848
0.984674
1.04533
1.00368
0.853629
0.50642
1.02122
1.1213
0.859479
1.01401
0.902977
1.10075
0.934262
0.92615
0.775375
1.08412
1.04822
0.886939
1.02419
0.93276
0.812854
0.724225
0.936259
0.92913
0.941761
0.814708
0.718539
0.786204
1.1322
1.08405
1.03775
0.894135
0.955538
1.01849
0.79364
1.00726
0.90829
0.366309
0.978454
0.76571
0.959865
1.06671
0.886129
0.994395
0.991526
0.793887
0.922652
1.01225
1.04483
1.1663
1.01561
1.03572
0.788289
0.938218
0.496818
0.9854
1.03256
1.05469
0.974861
1.03042
1.0335
0.849488
0.994041
1.07899
0.866454
0.992111
0.964508
0.968021
0.980992
0.87279
0.962237
1.06431
0.937328
1.06044
0.841051
0.856423
0.979539
1.03808
0.944483
1.00452
1.01639
1.02104
0.905603
1.00892
0.945295
0.948597
1.088
0.940614
0.501455
0.996308
0.986435
1.00896
1.09272
0.989936
1.00738
1.04686
0.976403
1.01217
1.12444
0.930993
0.880663
1.02358
0.998317
0.765996
0.989515
0.853326
0.956419
0.955864
1.02113
0.851693
1.07319
0.952271
0.991468
0.889602
0.863849
0.787458
0.879678
0.951229
0.941513
1.07363
0.844764
1.04837
0.777003
0.820241
0.849931
0.917258
0.97808
0.980018
0.916347
1.04641
0.765715
1.07821
1.06886
0.907913
1.00602
0.853538
1.16241
0.987422
1.057
0.684726
1.00043
0.862972
0.999283
1.07065
0.860261
1.0314
0.907095
1.00175
1.03105
1.03278
0.999245
0.973362
0.88104
0.94852
1.00745
0.966039
1.15094
0.981078
1.11089
1.03117
1.01082
0.919353
0.673452
1.01407
1.05721
1.02898
1.06551
0.838162
0.448722
1.01898
0.785153
0.855777
0.862614
0.935537
0.952028
0.917221
0.807206
1.05708
0.886545
1.00744
0.971093
1.11733
0.960525
0.927547
0.953444
0.90572
0.974055
0.716431
0.933239
0.778014
0.993482
1.02814
1.01607
0.743285
0.452943
0.869458
0.823239
0.863255
0.975391
0.977272
0.841859
0.922851
0.739532
1.06812
1.08253
0.92707
0.978294
0.958028
1.01396
0.853926
1.06671
0.959507
1.13114
1.05242
1.07438
0.775224
0.965821
0.955483
0.978339
0.934781
1.01174
0.500492
1.05869
0.875186
0.911637
0.991032
0.92658
0.880495
1.05592
0.959723
0.98005
1.0448
0.835851
0.944805
0.737868
1.00751
0.940749
0.885268
1.01617
0.808409
1.0113
0.97139
0.957334
0.986663
1.01842
0.84896
1.0701
1.1637
0.976698
0.877518
0.892137
0.894671
0.79458
1.00321
0.792074
0.939304
0.969735
0.935
0.871965
1.02306
1.0279
0.941897
0.99223
1.05374
0.804992
0.99402
0.819927
0.926586
0.896028
1.00216
0.875523
1.03198
0.900372
0.843332
0.926354
0.972346
0.931626
0.79444
0.940198
0.732352
0.95023
0.88104
0.968294
0.873281
1.06791
0.975326
0.977135
1.09278
0.944287
0.947591
1.10753
0.81953
1.05444
1.10581
1.05986
0.912611
0.846628
0.893418
0.839069
0.934952
0.850562
0.882057
0.945101
0.935505
0.738285
0.909338
0.723771
0.944748
0.995884
1.13021
0.958066
0.979453
0.986067
0.903268
1.05093
0.906983
0.955508
0.882933
0.851386
0.887592
1.01704
1.0606
0.967405
1.0268
0.864365
0.903018
0.960864
1.08569
0.868963
1.11585
0.943024
1.01483
0.977826
0.504923
0.896163
0.888284
0.959311
0.960866
0.933921
1.06515
0.923445
1.13067
0.909506
0.943513
0.992443
1.04726
1.01946
0.805441
0.818664
0.851795
0.833716
0.890944
0.741521
0.631141
0.860385
0.925619
0.947045
0.436319
0.790475
1.06508
0.795152
0.82517
1.07933
0.93058
0.986212
0.862273
0.993584
0.869775
0.916688
0.993429
0.956013
0.963128
0.983083
0.852017
1.02386
0.855852
0.977817
0.868532
1.03078
0.880843
0.864279
0.782216
0.998637
0.907709
0.906387
0.926252
1.05815
1.03952
0.678927
0.919446
1.03137
0.891576
0.757614
0.87842
1.00557
0.516872
1.0545
0.856538
0.876309
1.24917
1.03916
1.08695
0.995407
0.867682
0.857658
1.17461
1.01402
0.997366
0.900033
0.969941
0.893299
1.00611
0.918301
0.986115
0.800551
0.932446
0.747678
0.946929
0.902906
1.03205
0.916586
0.925455
0.901816
0.758713
0.867634
1.02259
0.979275
0.982794
1.05903
1.03523
1.00575
0.957929
1.0052
0.789694
0.952504
1.03379
0.945492
0.80793
0.896643
0.787752
1.02254
1.12366
1.07453
0.953836
0.997262
1.11701
0.877102
0.959014
0.966698
1.03563
0.871374
0.969599
0.941849
0.952317
1.03163
0.990421
1.01437
0.917454
0.904376
0.941186
0.973435
0.900898
1.04598
0.831843
0.971464
1.03084
0.875116
0.915229
0.884159
0.863378
0.946428
0.984225
1.07064
0.877107
0.956788
0.959429
0.893077
0.940613
1.09182
0.941922
0.983294
0.844833
1.05553
0.870956
0.823964
1.01994
0.846807
0.982141
0.871199
0.873244
1.0378
0.90444
0.996721
1.02836
0.902053
0.921134
0.88549
