0.302663
1.10644
1.77386
0.811504
1.09337
0.519355
1.14975
1.26384
0.659797
0.602157
1.89347
0.258665
1.56252
2.04062
2.07491
1.19627
1.2162
1.90503
1.67514
0.224406
0.399193
2.06514
1.65229
2.91938
1.94183
1.40833
1.48938
0.829066
1.999
1.00429
2.49245
0.524102
1.46011
0.984897
1.17493
2.46541
1.47465
2.23775
1.68979
0.643158
1.76425
1.53445
1.55673
1.87422
0.897511
1.87667
1.50366
1.18243
2.48983
2.9031
0.314465
1.04398
1.12509
1.16789
2.84873
2.32056
2.1143
0.994751
0.634507
1.72362
2.68434
0.677908
1.28647
0.475843
2.18318
2.69278
2.19468
1.59424
1.02816
1.66424
1.20542
0.902541
0.360565
2.92497
1.28362
0.158037
0.914872
2.04178
1.77375
2.16345
1.84601
0.453692
0.913967
2.55016
1.58467
0.958598
1.10335
2.04538
1.34491
0.916123
1.67998
1.87321
2.24705
1.4263
0.591129
0.954116
1.34371
1.02404
1.6123
0.363427
1.3341
1.13935
1.18666
2.86048
1.0185
1.60143
1.02068
2.61812
1.43215
1.56564
0.733701
2.14461
1.16848
0.711547
1.81303
0.955639
1.93176
0.463862
0.699288
1.19704
2.25303
2.29923
0.931786
2.23672
1.66134
1.65974
2.89563
1.56808
1.52167
2.82813
0.644644
2.3075
2.34832
0.737709
0.00435272
1.84117
3.06438
1.40628
1.9233
1.20253
0.293149
1.25437
1.16484
1.163
1.33502
1.92416
1.29118
2.31311
0.630874
1.40411
1.43921
0.891485
2.22753
0.61639
1.37742
2.44273
0.238824
0.277077
1.36977
1.30069
0.776176
2.92014
1.77707
1.06446
2.41816
2.52056
1.68791
2.319
1.57513
2.45216
1.39655
2.405
0.985227
1.22081
0.932813
1.58269
2.18521
1.3569
1.42345
2.00533
1.47708
1.20774
0.522793
0.585414
1.7102
1.35811
2.35128
1.60285
1.59544
1.95127
1.03639
2.72615
1.40674
1.61592
0.899983
1.35125
0.960566
1.16824
0.147245
1.52181
1.26906
1.81856
0.273726
1.3474
1.75479
1.77009
1.92786
1.65033
1.1202
1.60361
0.494375
1.18343
0.431612
1.24659
2.53674
1.32377
0.115641
1.48396
1.34634
1.73654
1.76964
2.15834
1.96275
2.12092
2.05965
1.66553
1.73159
1.26964
1.31749
0.671814
1.06193
2.16569
0.443494
0.456662
0.348592
2.38479
1.38431
1.73897
2.3306
1.55203
1.62014
0.930987
1.18303
1.47797
1.54388
2.58277
2.74708
1.0364
0.629817
1.65139
0.392174
0.476563
0.152195
2.01354
2.05898
0.693117
